START -4304 1108 15540 7861 -9989 -868 END
START -3692 428 18264 7864 -11850 13 END
START -3988 -1352 15468 5968 -9688 -730 END
START -3716 8 17172 6992 -8091 -1824 END
START -3792 1700 15836 4941 -7839 -2439 END
START -3796 248 15700 4617 -5995 -3142 END
START -3944 2000 14676 4331 -4806 -4086 END
START -4156 2180 15316 4237 -4488 -5466 END
START -4276 1644 15952 4421 -5434 -7024 END
START -4032 1784 16788 3616 -6721 -8336 END
START -3868 1104 17384 2865 -8292 -9430 END
START -3752 796 17368 2862 -8953 -10168 END
START -3648 304 18140 3499 -8398 -10842 END
START -3456 -588 19212 3937 -6890 -11155 END
START -1720 -660 20984 757 -3829 -10472 END
START -3940 -2412 20920 1025 -3104 -10942 END
START -3652 -3360 21128 1205 -2218 -10810 END
START -3532 -2880 21436 1549 -1296 -10196 END
START -3944 -3296 21740 2012 -253 -9589 END
START -4100 -3152 22752 2499 857 -9328 END
START -4380 -3060 23728 2550 2229 -9182 END
START -4548 -3724 24312 1834 3584 -9365 END
START -3820 -4440 24228 553 5419 -9528 END
START -3404 -5488 23772 -1859 7167 -9237 END
START -3172 -6024 23156 -4103 8923 -8757 END
START -3432 -7364 22380 -5906 10975 -7850 END
START -4696 -9384 20192 -6216 13232 -7154 END
START -4644 -8772 20008 -4826 14337 -5963 END
START -5588 -8604 19172 -2985 15522 -5507 END
START -2304 -7956 17168 -955 14343 -5082 END
START -3604 -9236 16280 -1033 12880 -4735 END
START -3924 -8372 18552 1006 11570 -5079 END
START -3200 -8748 16788 -426 10627 -3916 END
START -2864 -9024 15948 393 8184 -3430 END
START -3332 -9304 15928 1272 7605 -2607 END
START -3180 -9544 15916 1384 7869 -1842 END
START -2652 -9816 15380 1294 8506 -1130 END
START -3108 -9532 15708 -1271 7482 -542 END
START -3004 -9528 14936 -1769 8157 -120 END
START -2600 -9212 14880 -1970 8534 728 END
START -2428 -9380 13820 -1532 6719 1307 END
START -2408 -9512 14280 -2089 6138 1536 END
START -2112 -9504 13824 -3034 5594 1760 END
START -1900 -9660 13288 -3978 4919 2079 END
START -1588 -10012 12868 -4645 4298 2448 END
START -1252 -10356 12288 -5002 2852 3109 END
START -892 -10128 11636 -4742 2800 3864 END
START -752 -10128 11508 -4686 3006 4639 END
START -144 -9804 12664 -4212 3586 6036 END
START 212 -10220 10876 -3968 2290 7113 END
START 160 -10064 11012 -3938 3172 7993 END
START 320 -9072 11696 -4028 1014 8922 END
START 172 -8820 11272 -4219 280 9741 END
START 132 -8440 11088 -4197 -335 10589 END
START 364 -7520 10764 -3500 -744 11322 END
START 96 -6920 10708 -2348 -841 11978 END
START 12 -6464 11176 -1264 -983 12369 END
START -36 -6248 11768 -914 -1184 12817 END
START -364 -5996 12452 -1269 -1651 13438 END
START -408 -5380 12404 -2089 -2039 14092 END
START -772 -4184 12364 -2941 -2818 14583 END
START -1420 -2768 12624 -3689 -3784 14603 END
START -1964 -1192 12944 -4464 -4814 14094 END
START -2812 352 12848 -4843 -5624 12847 END
START -2888 924 12524 -3599 -6046 11367 END
START -2768 892 12440 -1263 -5619 10507 END
START -2472 360 13180 960 -4821 10281 END
START -2524 36 14712 1407 -5191 10211 END
START -3400 3772 17812 1980 -8554 9816 END
START -3616 3248 15816 823 -11056 8966 END
START -2720 196 13308 -234 -12495 8378 END
START -3316 672 12280 -3290 -14960 7900 END
START -2420 0 14000 -1611 -16604 7625 END
START -2840 3096 13808 1914 -15297 6622 END
START -2608 3176 14760 5572 -14829 6288 END
START -2836 2552 14668 6900 -14076 6528 END
START -2236 3648 16068 9242 -14196 6200 END
START -2156 3764 15732 9801 -14452 5858 END
START -2728 4488 16352 10530 -15387 5514 END
START -8676 4672 12708 4532 -15171 3942 END
START 2696 5948 17612 1008 -8398 4142 END
START -2660 8484 15672 -87 -10662 3182 END
START -2268 6556 16600 3540 -10060 1316 END
START -2452 6412 17440 2414 -10435 237 END
START -2380 5928 17172 4389 -8775 -526 END
START -2560 5240 17348 5408 -10746 -1114 END
START -1976 4724 18524 5159 -10781 -1129 END
START -2272 4808 19308 3755 -11138 -1053 END
START -2612 5424 19744 3917 -10697 -1142 END
START -2768 5844 20240 4414 -10204 -1582 END
START -3056 6832 21160 4184 -9682 -2315 END
START -3372 7380 21456 4552 -9088 -3375 END
START -3440 7328 21412 4939 -8365 -4746 END
START -3644 7204 21460 4940 -8258 -6326 END
START -2924 6740 20980 5036 -8376 -7798 END
START -2528 6296 21548 4750 -8988 -8990 END
START -1688 6048 22416 3714 -9809 -9686 END
START -1272 5788 23084 2400 -10106 -10326 END
START -1104 5128 23932 1350 -9612 -10913 END
START -752 4628 23680 448 -8441 -11194 END
START -936 4124 22632 956 -6884 -11627 END
START -572 3732 21944 1738 -5770 -12210 END
START -580 3312 21892 2368 -5263 -12599 END
START -212 2636 22504 2339 -5268 -13211 END
START 308 1180 23412 1420 -5105 -13515 END
START 736 -156 23900 -48 -4623 -13329 END
START 1192 -1392 24144 -1159 -4099 -12589 END
START 1496 -2012 23576 -1171 -2651 -12102 END
START 2300 -2856 23220 -2043 -1490 -11341 END
START 2984 -3728 22048 -51 1153 -11174 END
START 3652 -4656 22620 -1059 2105 -10546 END
START 4084 -5688 22532 -1246 3320 -9914 END
START 4888 -6420 21980 -2295 4020 -8827 END
START 5380 -6112 21200 -2273 5206 -7602 END