START -4316 -3780 17872 326 841 2946 END
START -5872 2116 11284 -612 -558 2805 END
START -5844 -4608 18696 -1340 526 3156 END
START -4456 -4140 14812 -423 1687 3213 END
START -3860 -4208 15856 -225 273 3272 END
START -3324 -4256 15032 -356 485 3474 END
START -3248 -4532 14396 -200 299 3530 END
START -2988 -4948 13952 302 -206 3557 END
START -2384 -4992 13716 468 -685 3699 END
START -2196 -5300 13464 493 -1023 4018 END
START -1772 -5408 13256 705 -1574 4623 END
START -2848 -5756 14020 -801 -1415 4389 END
START -1596 -4912 13264 772 -2327 6127 END
START -1516 -4352 12928 919 -2661 6903 END
START -1436 -3732 13048 452 -2960 7375 END
START -1588 -2800 13480 569 -3849 7784 END
START -1740 -2044 13924 292 -4221 7859 END
START -1648 -1584 14292 2 -4782 7717 END
START -1784 -1092 14512 -281 -5730 7585 END
START -1756 -724 14564 -307 -6349 7343 END
START -1872 -676 14340 172 -6689 7188 END
START -1612 -556 14144 1372 -6889 7277 END
START -1620 -132 13820 3216 -6978 7788 END
START 200 3104 12280 -954 -12018 7635 END
START -816 676 13632 3018 -6567 7301 END
START -2300 1036 15628 -1243 -6615 7124 END
START -1656 1340 14132 1344 -6347 6682 END
START -1368 1704 15352 570 -7866 6019 END
START -948 1604 14984 1233 -7518 6079 END
START -1420 1964 15456 1070 -8942 6034 END
START -1328 2456 16332 1268 -9465 5994 END
START -1776 3164 16820 1256 -10099 5779 END
START -1980 3960 17880 1818 -10658 5190 END
START -2212 4008 18168 2180 -10884 4289 END
START -1752 4208 19136 1345 -10558 3621 END
START -2044 4216 19152 255 -10488 2866 END
START -1744 4140 19200 949 -10249 2333 END
START -1720 3664 19748 1829 -9568 2117 END
START -1812 3492 20248 2487 -9068 2234 END
START -2196 3916 21100 2979 -8470 2478 END
START -2388 4552 21296 3017 -8107 2376 END
START -2640 5300 21616 2961 -7510 2079 END
START -2776 5716 21708 3105 -7121 1495 END
START -3044 6240 22240 3727 -6919 749 END
START -2860 6328 22532 3491 -6586 -36 END
START -3152 6268 22956 3080 -6285 -974 END
START -2936 6116 23176 2659 -5769 -1664 END
START -2836 5824 23460 2057 -5269 -2252 END
START -2772 5628 23476 1712 -4863 -2791 END
START -2508 5356 23524 1251 -4568 -3452 END
START -2360 4880 23344 1006 -4260 -3945 END
START -2252 4512 22976 1083 -3727 -4175 END
START -2268 4372 23152 981 -3357 -4205 END
START -2392 4388 23040 1097 -2810 -4257 END
START -2268 4732 22988 1372 -1906 -4514 END
START -2164 5040 22728 1570 -1188 -4943 END
START -2096 5024 22520 1578 -882 -5553 END
START -1928 4720 22448 1049 -804 -6221 END
START -2004 4172 22000 495 -704 -6972 END
START -1716 3588 21920 -156 -574 -7565 END
START -1772 2964 21696 -824 -408 -7927 END
START -1460 2552 21812 -1175 -299 -8125 END
START -1452 2100 21964 -1329 211 -8163 END
START -1456 1692 22144 -1665 752 -8285 END
START -1132 2092 21476 -1555 1312 -8401 END
START -1048 1176 21800 950 2178 -8218 END
START -1200 -56 21776 -372 2462 -8441 END
START -1212 -700 21932 -330 4109 -8138 END
START -1584 -1132 22308 -2194 4935 -7939 END
START -2932 796 22468 -3238 6157 -7681 END
START -2240 -1188 21636 -2488 10081 -7076 END
START -2816 -3180 21112 -1049 5131 -7142 END
START -1192 -1892 23228 -1212 6765 -6206 END
START -880 -2624 21688 -2804 8288 -5760 END
START -732 -2600 21052 -3115 8988 -5721 END
START -1244 -2840 21068 -2264 10569 -5603 END
START -652 -3328 19500 -1640 10292 -5376 END
START -548 -3776 19536 -966 9862 -4911 END
START -96 -4384 19152 -1220 9980 -4517 END
START 396 -3468 17816 -3583 12071 -4065 END
START -448 -1472 21608 -4681 12208 -3792 END
START -248 -4300 17476 -1162 9472 -2727 END
START -36 -4136 17640 -2740 10614 -2369 END
START -416 -3848 17356 -1866 10065 -1726 END
START -480 -3840 17304 -1958 9744 -1563 END
START -368 -3884 16460 -2206 9701 -1227 END
START -156 -3812 15912 -2277 9637 -601 END
START -1612 -6652 15604 -1814 8212 774 END
START 364 7120 11264 4074 -2029 -1587 END
START -684 -7076 14736 -770 8672 726 END
START 176 -2544 12596 -1538 6250 539 END
START -312 -3576 13812 -3172 6051 668 END
START -8 -3156 13700 -3000 6105 1303 END
START -232 -3236 13236 -3664 6147 1442 END
START -104 -3244 13052 -3901 5396 1792 END
START 80 -3380 12484 -4132 5024 2175 END
START 156 -3320 12060 -3953 4502 2491 END
START 308 -3292 11572 -3442 3809 2921 END
START 176 -3088 11524 -3069 3142 3401 END
START 104 -3100 11172 -2676 2533 3908 END
START -224 -2952 11212 -2324 1917 4371 END
START -328 -2576 11340 -2107 1287 4847 END
START -632 -2104 11312 -2136 645 5223 END
START -864 -1528 11352 -2060 72 5513 END
START -1368 -1000 11376 -1906 -401 5695 END
START -1444 -400 11660 -1610 -1012 5695 END
START -1892 68 11548 -1574 -1493 5376 END
START -2288 444 11708 -1724 -2150 4977 END
START -2444 720 11920 -1836 -3110 4565 END
START -2692 884 12024 -1796 -4068 4273 END
START -2532 1228 12804 -2497 -4890 3821 END
START -2588 1344 13308 -907 -6105 3665 END
START -2320 1072 12580 607 -7344 3813 END
START -4444 -556 13492 2221 -7512 3712 END
START -8380 -5756 13804 -3844 -8630 -2569 END
START 248 3008 13876 5731 -4513 3762 END
START -4764 -2108 13328 -2248 -10719 1595 END
START -56 2416 15576 4106 -7382 2770 END
START -1436 1616 16252 67 -7441 2196 END
START -1784 1104 16152 -176 -6787 2275 END
START -1740 1316 16320 -885 -8309 2068 END
START -1764 1792 16616 -752 -9012 2270 END
START -1952 2212 17168 -305 -9508 2259 END
START -2308 2620 18068 439 -9501 2104 END
START -2452 2948 18708 1295 -9113 1948 END
START -2608 3096 19424 1782 -8549 1575 END
START -2612 3200 19640 1900 -7934 1306 END
START -2660 3568 19648 1780 -7829 972 END
START -2684 3624 19680 2085 -7588 553 END
START -2628 3604 19428 2294 -7433 97 END
START -2672 3676 19484 2778 -7193 -209 END
START -2640 3596 19756 2897 -6979 -514 END
START -2576 3516 19828 3171 -6689 -740 END
START -2532 3456 19572 3539 -6438 -1021 END
START -2500 3496 19692 3903 -6175 -1237 END
START -2492 3460 19728 3954 -6242 -1503 END
START -2224 3492 19880 3841 -6383 -1833 END
START -2288 3540 20128 3445 -6550 -2106 END
START -2400 3768 20376 2955 -6586 -2320 END
START -2580 4048 20784 3236 -6296 -2651 END
START -2696 4452 21316 3410 -5898 -3161 END
START -2768 4064 21592 3762 -5497 -3718 END
START -2436 4120 21440 3283 -4618 -3991 END
START -2400 3816 21760 3255 -4316 -4410 END
START -2044 3652 21620 3414 -3891 -4742 END
START -1896 3432 22036 3061 -3472 -5024 END
START -1600 3124 21840 2903 -2970 -5512 END
START -1152 2508 21616 2601 -2394 -5915 END
START -484 1680 21696 1843 -1221 -5954 END
START -192 996 21424 1029 -76 -5993 END
START 100 248 21280 196 730 -5841 END
START 648 -92 21124 -664 840 -5594 END
START 1996 844 20668 2543 -689 -4669 END
START 468 -1828 20444 2689 -410 -4845 END
START 1676 -1564 19548 3119 416 -3781 END
START 1352 -1588 20336 2650 392 -3318 END
START 1380 -1708 19760 2623 816 -2918 END
START 1600 -1840 19712 2047 773 -2609 END
START 1680 -1956 19516 1772 1326 -2212 END
START 1716 -2036 19208 1768 935 -1513 END
START 1968 -2084 19012 1880 883 -1180 END
START 1824 -2012 18936 1712 1073 -725 END
START 1700 -1952 18696 1362 1105 -318 END
START 1568 -1840 18500 1178 951 27 END
START 1652 -1720 18224 1049 974 410 END
START 1472 -1468 17908 981 1027 816 END
START 1456 -1056 18004 814 996 1247 END
START 1032 -808 17792 635 976 1479 END
START 992 -212 17576 819 1097 1649 END
START 636 180 17672 834 1104 1575 END
START 488 464 17592 908 1291 1424 END
START 488 748 17664 718 1400 1256 END
START 380 892 17712 498 1532 1094 END
START 176 1152 17568 247 1603 925 END
START -56 1412 17812 -113 1527 633 END
START 140 1432 17908 -516 1516 264 END
START 320 1516 18100 -1028 1540 74 END
START 244 1432 17724 -1623 1760 -103 END