START -5224 -3888 17652 -804 -67 1588 END
START -3776 -932 14928 -3033 -859 1203 END
START -5288 -4364 17084 -2526 451 1901 END
START -4976 -4988 16484 -1186 577 2506 END
START -4724 -4764 16920 -839 -345 3267 END
START -3948 -4540 16768 -611 76 3728 END
START -3948 -4540 16348 -572 314 3946 END
START -4116 -4452 16336 -279 337 3849 END
START -3632 -4784 15756 -206 173 3569 END
START -2860 -5592 15276 -20 -169 3593 END
START -2224 -5908 14600 -745 -240 4005 END
START -1900 -6008 14020 -494 -989 4572 END
START -1508 -5896 13660 -384 -1508 5353 END
START -1532 -5448 13492 -260 -1895 6317 END
START -1460 -4524 13368 -569 -1651 6894 END
START -1468 -3788 13660 -382 -2445 7497 END
START -1880 -3180 13400 -225 -2457 7815 END
START -1632 -2500 12848 -21 -2529 7831 END
START -1544 -2428 12900 -157 -3137 7772 END
START -1472 -2224 12520 -235 -3803 7871 END
START -1748 -1800 12400 -134 -4887 8166 END
START -1896 -1120 12560 296 -6020 8186 END
START -2084 -560 12504 1195 -6992 7919 END
START -2088 -324 12640 2636 -7637 7748 END
START -1764 -200 12812 4731 -7863 7770 END
START -1240 1704 7036 -1429 -13429 6773 END
START -596 -236 14240 2229 -6265 7204 END
START -848 556 14780 -2647 -9310 6892 END
START -372 -260 13912 -329 -7523 6255 END
START -12 -196 14552 -1929 -9559 5990 END
START 100 -480 15032 -415 -9387 6128 END
START 344 -488 15172 -9 -10509 6254 END
START 260 148 16772 1246 -10592 6875 END
START -476 1016 17992 1768 -11070 7226 END
START -1092 2292 19572 2307 -10935 7285 END
START -1572 3288 20476 2303 -10222 7074 END
START -1912 4420 21280 2417 -9452 6565 END
START -2296 5064 21536 2932 -8752 5968 END
START -2428 5576 21584 3525 -8097 5280 END
START -2380 6120 21740 3908 -7566 4827 END
START -2692 6816 22244 3347 -7190 4200 END
START -2600 7500 22512 3009 -6718 3440 END
START -2524 8148 22664 2695 -6160 2490 END
START -2572 8776 22652 2497 -5522 1356 END
START -3064 9528 23192 4223 -6055 -97 END
START -2404 7316 21144 1988 -3770 -1581 END
START -1916 7212 22368 -123 -3932 -2264 END
START -1740 6064 20168 846 -3791 -2669 END
START -1404 5920 19792 602 -4056 -2666 END
START -1324 5940 19376 1561 -3707 -2509 END
START -1388 6268 19608 2000 -3896 -2650 END
START -2408 6540 20956 2151 -4072 -2770 END
START -1568 6404 19636 92 -4474 -4347 END
START -1688 5764 19572 2749 -2064 -4247 END
START -1932 5472 19724 1741 -3792 -4733 END
START -2068 5396 19732 2426 -3318 -5022 END
START -2312 5120 19812 1667 -3942 -5510 END
START -2472 4836 20848 2220 -3891 -6126 END
START -2388 4096 21016 1785 -3794 -6600 END
START -2292 3580 21912 1945 -3285 -6853 END
START -2160 3048 22100 1939 -2760 -6897 END
START -2348 2860 22716 1897 -2271 -6889 END
START -2320 2676 23076 1731 -1587 -7007 END
START -2476 2676 23152 1578 -703 -7095 END
START -2740 2336 23004 1592 35 -7412 END
START -2716 1912 23568 1541 974 -7712 END
START -2716 1232 23656 614 1447 -8061 END
START -2464 540 23576 -201 1872 -8192 END
START -2120 96 23704 -1017 2131 -8254 END
START -1848 -332 23708 -372 1965 -8233 END
START -1944 -692 23876 -324 3155 -8168 END
START -1488 -1460 23088 -1725 3794 -7897 END
START -1336 -1720 23352 -2014 6255 -7533 END
START -1032 -2712 23404 -4232 7992 -7168 END
START -676 -2936 23168 -5329 9365 -6750 END
START 2004 -196 22564 -1859 8534 -7349 END
START -1092 -3556 19688 588 9220 -5829 END
START -660 -3012 21324 -438 7417 -4696 END
START -1140 -3096 21172 -995 8372 -4382 END
START -992 -2972 20956 -1960 9142 -4285 END
START -860 -3096 20064 -3135 9879 -4037 END
START -1664 -4508 21252 -1968 11252 -3773 END
START -1040 -3620 19684 -2360 10965 -3365 END
START -964 -3392 18524 -1120 10390 -2793 END
START -220 -3024 16484 -2928 11399 -2718 END
START -2316 -6652 23164 -7065 11294 -3290 END
START -1536 -3012 17852 -1757 9010 -1486 END
START -1424 -2396 17520 -2634 9065 -1375 END
START -1708 -1916 17288 -3392 9794 -1225 END
START -1736 -1884 17088 -3416 9435 -1187 END
START -1672 -1972 16648 -3494 9096 -1123 END
START -1484 -2164 16052 -3443 9229 -754 END
START -1392 -2320 15312 -3393 8893 52 END
START -4224 -6660 17948 -2736 7089 -174 END
START -1984 -6064 20920 -3139 1141 255 END
START -2340 -2660 15328 -4118 8720 136 END
START -960 -1120 12300 -3608 7358 267 END
START -1628 -1484 13188 -2797 4825 438 END
START -1628 -1812 13380 -3520 5217 730 END
START -1544 -1680 12776 -3541 4616 844 END
START -1676 -1644 12592 -3426 3888 1115 END
START -1808 -2540 12912 -3998 3478 1219 END
START -1544 -1748 12212 -3731 3099 1671 END
START -1672 -1780 11752 -3413 2509 2091 END
START -1712 -1772 11724 -2987 1928 2316 END
START -1840 -1644 11644 -2486 1423 2576 END
START -1868 -1492 11736 -2169 876 2839 END
START -2144 -1348 11460 -1955 267 3122 END
START -2232 -1256 11376 -1726 -336 3397 END
START -2392 -896 11704 -1567 -836 3616 END
START -2716 -580 11840 -1370 -1236 3617 END
START -2816 -256 11860 -1066 -1616 3580 END
START -2908 60 12012 -363 -2109 3406 END
START -2856 144 12080 -108 -2374 3033 END
START -2632 -4 12284 41 -2838 2786 END
START -2432 -312 12464 237 -3577 2669 END
START -2096 -504 12692 162 -4417 2465 END
START -2164 -816 12928 415 -5191 2477 END
START -1988 -1068 13188 833 -6266 2462 END
START -1676 -1092 13676 -798 -6204 2300 END
START -1456 -1300 14720 6 -7028 2208 END
START -792 -1396 14080 209 -5983 2875 END
START -416 -768 14636 1962 -6522 3572 END
START -944 -1432 14444 4117 -6645 3780 END
START 856 -304 15896 -343 -9678 2513 END
START -2560 -1880 14444 4279 -9531 3828 END
START -1724 -324 14636 -145 -7237 4593 END
START -2000 908 16376 -320 -7484 4325 END
START -2184 1504 15848 971 -8156 4155 END
START -2380 1924 17132 155 -9314 3786 END
START -2304 2024 17128 921 -8967 3688 END
START -2660 2328 18028 863 -9326 3501 END
START -2912 2760 18768 1400 -9032 3467 END
START -3200 3264 19284 1581 -8698 3278 END
START -3488 3860 19640 2076 -8099 3007 END
START -3624 4096 20168 2448 -7597 2508 END
START -3596 4252 20088 2885 -7326 2035 END
START -3560 4576 20256 3587 -7083 1616 END
START -3912 4540 20936 3474 -6962 1200 END
START -3936 4948 21212 3029 -6684 794 END
START -4052 5280 21592 2730 -6607 248 END
START -3928 5332 21792 2553 -6340 -363 END
START -3920 5464 22200 2342 -5931 -831 END
START -3864 5264 22124 2517 -5202 -1270 END
START -3640 5140 22184 2684 -4545 -1581 END
START -3444 5164 21980 2686 -3833 -1877 END
START -3364 5356 22064 2906 -3400 -2255 END
START -3396 5392 22188 2541 -3118 -2739 END
START -3504 5328 21996 1868 -3145 -3347 END
START -3432 5272 21812 1266 -3040 -3827 END
START -3508 4988 21660 827 -2691 -4315 END
START -3196 4680 21260 301 -2342 -4818 END
START -3072 4268 20820 208 -2016 -5214 END
START -2792 3756 20428 245 -1768 -5463 END
START -2444 3708 19332 653 -1697 -5487 END
START -2292 2920 20140 1880 -1198 -5667 END
START -1772 2452 19724 1397 -939 -5757 END
START -1708 1920 19764 1949 -358 -5740 END
START -1132 1180 19840 1361 297 -5722 END
START -1044 540 19700 654 927 -5570 END
START -632 -180 19408 -370 1310 -5395 END
START -2000 3060 16768 -1025 1682 -5452 END
START -700 -2116 20772 321 3236 -4803 END
START 1592 -608 17456 1685 281 -4226 END
START -208 -2168 19032 1505 591 -3966 END
START 568 -2616 17524 2645 724 -3518 END
START 600 -2688 18444 2050 500 -3247 END
START 828 -2800 17996 2064 838 -2710 END
START 1008 -3016 18096 1561 514 -2252 END
START 828 -3112 18424 1467 787 -1608 END
START 1048 -2868 18192 1368 695 -1043 END
START 956 -2624 18144 1177 1054 -621 END
START 796 -2448 18156 870 1429 -256 END
START 752 -1892 17872 663 1430 -15 END
START 464 -1596 17940 216 1469 164 END
START 564 -1344 17704 -234 1551 253 END
START 404 -1072 17560 -662 1517 320 END
START 212 -616 17668 -1341 1548 350 END
START 316 -344 17900 -2173 1679 127 END