START -4800 -1884 17364 330 930 1330 END
START -3780 2292 12136 138 -571 1657 END
START -5312 -1848 18884 -231 511 1165 END
START -5056 -2208 15844 569 1493 812 END
START -5096 -2144 17340 276 285 849 END
START -5040 -2476 17112 -16 411 946 END
START -5244 -2744 17436 -210 512 1008 END
START -5392 -2804 17168 -352 391 1036 END
START -5268 -2680 17176 -332 555 986 END
START -5140 -2788 17540 -196 513 922 END
START -4780 -2916 17428 -137 519 895 END
START -4788 -2904 17840 -492 574 984 END
START -4528 -3128 17692 -863 612 1071 END
START -4552 -3376 17520 -1117 629 1167 END
START -4076 -3748 17468 -1265 814 1473 END
START -3968 -4080 17088 -1331 1166 1894 END
START -3876 -4300 16556 -992 1349 2346 END
START -3564 -4476 16424 -747 1575 2850 END
START -3564 -4532 16140 -795 1787 3271 END
START -3356 -4684 15828 -675 1787 3674 END
START -3392 -4676 15960 -753 1730 4079 END
START -3180 -4592 15340 -603 1761 4669 END
START -3208 -4288 15260 -580 1662 5185 END
START -3500 -3940 15096 -695 1509 5726 END
START -3528 -3432 14816 -527 1257 6046 END
START -3708 -3012 14628 -396 1245 6129 END
START -3540 -2816 14576 -109 1259 6062 END
START -3328 -3004 14352 -239 1177 6173 END
START -3444 -2996 14132 -639 1096 6290 END
START -3440 -3156 14204 -698 500 6506 END
START -3096 -2956 14192 -879 163 6758 END
START -3512 -2864 14032 -1216 -468 6928 END
START -3168 -2644 14364 -1684 -481 7169 END
START -3228 -2388 14260 -1162 -1186 7163 END
START -2968 -2372 14452 -1188 -1255 7091 END
START -2932 -2496 14424 -1046 -1278 7285 END
START -2560 -2612 14632 -708 -1256 7569 END
START -2652 -2308 15084 -221 -1596 7978 END
START -2648 -1832 14996 -200 -2320 8489 END
START -2764 -1044 15444 235 -3075 8716 END
START -2944 -340 15476 1068 -3081 8715 END
START -2756 124 15312 2070 -3164 8615 END
START -2072 1296 21732 1991 -6176 8703 END
START 116 1408 15580 221 -6232 8406 END
START -1660 388 16184 -2544 -1476 7955 END
START -1956 876 14772 -2824 -4117 7404 END
START -1916 1308 15256 -2451 -4780 7309 END
START -1720 2092 14788 -1858 -4729 7385 END
START -2104 2728 15468 -1481 -5461 6959 END
START -2108 3056 15552 -1155 -6013 6267 END
START -2268 2916 15764 -1416 -6460 5427 END
START -2084 2676 16012 -1435 -7063 4661 END
START -1916 2292 16248 -1415 -7620 4224 END
START -1792 2132 16548 -842 -7764 4206 END
START -1852 2408 17084 -92 -7698 4591 END
START -2316 2828 17552 999 -7354 4958 END
START -2464 3532 17964 1924 -6920 5110 END
START -2748 4296 18324 2895 -6214 5035 END
START -2900 4820 18572 3631 -6119 4516 END
START -2844 4944 18676 3830 -6175 3923 END
START -2788 4844 18688 3454 -6572 3302 END
START -2924 5164 19184 2659 -6784 2683 END
START -2992 5332 19060 2408 -6839 2183 END
START -3276 5596 19500 2822 -6671 1659 END
START -3368 5884 19548 3155 -6409 988 END
START -3044 5964 20176 3281 -6556 311 END
START -2980 6032 20592 2783 -6935 -348 END
START -2868 6316 21144 2094 -7297 -1185 END
START -2752 6324 21656 1599 -7286 -2011 END
START -2640 6108 21676 760 -6998 -2794 END
START -2500 6040 21796 517 -6724 -3543 END
START -2420 5584 21860 612 -6239 -4107 END
START -2304 5240 21984 527 -5673 -4372 END
START -2256 4944 21872 633 -5157 -4485 END
START -2296 4956 21556 939 -4762 -4550 END
START -2356 4976 21280 1581 -4167 -4718 END
START -2364 5072 21432 2169 -3631 -4923 END
START -2640 4904 21424 2518 -3107 -5134 END
START -3012 4644 21288 2527 -2645 -5461 END
START -2956 4388 21052 2508 -2466 -5810 END
START -3204 4472 20880 2549 -2429 -6044 END
START -3468 4520 20776 2861 -2334 -6396 END
START -3580 4452 21108 3144 -2428 -6939 END
START -3504 4408 21860 3016 -2148 -7455 END
START -3552 4144 22304 2512 -1830 -8004 END
START -3600 3656 22712 1822 -1426 -8585 END
START -3300 2940 22944 1212 -1054 -9091 END
START -3112 2212 23232 625 -390 -9204 END
START -2792 1768 23484 91 256 -9094 END
START -2812 1432 23564 -322 1029 -8916 END
START -2980 1036 22844 688 1297 -8687 END
START -2956 996 24040 1823 3058 -8575 END
START -2352 512 23268 736 3607 -8645 END
START -2392 0 23580 457 4800 -8372 END
START -2256 72 23180 -1346 5950 -8383 END
START -3092 -2920 27148 -3287 7963 -9412 END
START -1364 -544 22896 -1378 9858 -7411 END
START 1408 1124 22484 -1102 7047 -8883 END
START -1804 -2064 21800 215 8810 -7028 END
START -1460 -2116 22224 -3115 8409 -6166 END
START -1408 -2704 20372 -1532 10365 -5442 END
START -1976 -2620 21872 -1301 10252 -5545 END
START -1460 -1824 20108 404 10390 -5175 END
START -1224 -1784 19428 341 10595 -4980 END
START -1304 -2396 19304 299 10732 -4818 END
START -1532 -904 21304 -4470 12867 -5253 END
START -1292 -3028 17784 -2747 11347 -4528 END
START -828 -3168 17076 -3464 11525 -3876 END
START -892 -3016 16072 -3001 12051 -3065 END
START -1484 -3332 15972 -2775 10122 -2224 END
START 772 1720 12764 -566 7325 -1843 END
START -784 -9472 16032 -5452 6520 -2758 END
START -2644 -2772 17164 -1490 5569 -1207 END
START -1580 -3236 15016 -3391 8341 -1320 END
START -1880 -2920 14768 -3061 6824 -785 END
START -2108 -2000 13484 -3147 7062 -390 END
START -2216 -1532 13508 -2967 5800 -115 END
START -2272 -2296 13768 -3838 5964 65 END
START -2388 -1908 13548 -4032 5411 245 END
START -2640 -1916 13168 -4173 4806 448 END
START -2548 -1876 12992 -4242 4309 809 END
START -2740 -1712 12828 -4307 3764 1126 END
START -2796 -1332 12772 -4140 3241 1353 END
START -2912 -1156 12460 -3917 2766 1316 END
START -3048 -1084 12572 -3602 2325 1236 END
START -2996 -988 12800 -3236 1864 1352 END
START -3024 -972 12752 -2891 1578 1479 END
START -2780 -784 12772 -2339 1391 1681 END
START -2728 -764 12856 -1969 1191 1705 END
START -2596 -720 12824 -1723 968 1671 END
START -2388 -956 12884 -1691 742 1639 END
START -2300 -1116 12796 -1753 450 1695 END
START -1964 -1436 12448 -1547 112 1857 END
START -2244 -1532 12664 -1205 -300 2294 END
START -2340 -1464 12552 -895 -674 2658 END
START -2536 -1244 12748 -899 -1076 2954 END
START -2800 -1060 12796 -930 -1309 3293 END
START -2916 -672 12892 -913 -1664 3497 END
START -3032 -372 12844 -783 -1922 3478 END
START -3192 -200 12876 -738 -2158 3301 END
START -3192 -164 12912 -480 -2441 3033 END
START -3020 -304 12892 -582 -2844 2924 END
START -2944 -788 13112 -258 -3391 3141 END
START -2868 -844 13120 -155 -3825 3344 END
START -2928 -800 12848 434 -4568 3613 END
START -2956 -452 13632 198 -5054 3859 END
START -3248 -168 14056 -166 -5738 3462 END
START -2956 448 14244 1120 -6238 3686 END
START -3472 320 14308 3804 -7594 4635 END
START 3876 3400 13872 4712 -8734 5476 END
START -3248 1328 16740 -439 -10962 2028 END
START -1880 3700 18476 -1042 -3430 5167 END
START -4440 1612 15036 -608 -7386 3972 END
START -4704 2880 17924 336 -7199 3757 END
START -4296 2972 16456 886 -6746 3630 END
START -4744 3556 18020 1115 -7483 3356 END
START -4556 3748 17836 1933 -7130 3185 END
START -4660 4380 18716 1821 -7428 2843 END
START -4728 4928 18904 2683 -6788 2434 END
START -4888 5352 19496 2840 -6707 1657 END
START -4812 5712 19772 3420 -6199 902 END
START -4376 5888 19376 3816 -5987 315 END
START -4432 5396 19688 3587 -6073 -582 END
START -3960 5192 19260 2830 -6508 -1482 END
START -3832 5112 18996 2516 -6845 -2054 END
START -3496 4812 19272 3016 -6847 -2516 END
START -3156 4476 19520 3494 -6725 -2569 END
START -3272 4348 20156 3963 -6362 -2527 END
START -3056 4276 19912 4243 -5668 -2471 END
START -3228 4456 20232 4191 -5111 -2384 END
START -3420 4544 19968 4139 -4947 -2525 END
START -3444 4708 19696 4087 -4931 -2771 END
START -3584 4776 19896 4117 -4972 -2977 END
START -3580 4932 19904 4189 -4926 -3215 END
START -3624 4920 20232 4317 -4851 -3531 END
START -3400 4984 20136 3960 -4721 -3775 END
START -3532 4804 20656 4258 -4303 -4084 END
START -3360 4712 20824 4229 -4033 -4480 END
START -3248 4624 20988 4225 -3606 -4887 END
START -3016 4352 21060 3906 -3159 -5282 END
START -2904 3640 20764 3584 -2743 -5698 END
START -2568 3064 21108 1832 -2420 -6230 END
START -1988 2292 20412 832 -1581 -6313 END
START -1788 1492 20584 -198 -635 -6376 END
START -1188 932 20296 -1305 307 -6157 END
START -4304 -1868 19020 287 -3336 -7264 END
START -1432 -824 20024 2544 -1585 -5776 END
START -228 -900 19248 1518 -2128 -5043 END
START -252 -1260 19672 2360 -1097 -4417 END
START 0 -1632 19476 2223 -914 -4036 END
START 176 -2004 19532 2154 -608 -3393 END
START 220 -2248 19180 1973 -266 -2695 END
START 340 -2244 19148 1874 -155 -1895 END
START 212 -2012 19124 1790 72 -1234 END
START -4 -1424 19032 1846 279 -728 END
START -168 -1208 18836 1898 560 -371 END
START -400 -696 18744 1837 744 -154 END
START -580 -440 18756 1529 814 -26 END
START -488 -208 18512 1069 805 119 END
START -572 -80 18140 646 739 234 END
START -684 184 18172 242 620 376 END
START -752 428 18024 -112 482 469 END
START -832 584 17844 -372 428 595 END
START -896 892 17852 -524 414 731 END
START -816 1140 17640 -646 309 803 END
START -884 1408 17520 -807 243 895 END
START -856 1488 17628 -1046 73 897 END
START -1044 1620 17680 -1447 -27 782 END
START -888 1544 17524 -1871 -187 671 END