START -5968 -3816 17020 342 720 1925 END
START -4452 348 10168 123 -1718 2554 END
START -6548 -4772 18392 -549 814 2156 END
START -6136 -4556 14700 -441 475 1830 END
START -5912 -4460 15880 -276 108 2003 END
START -5604 -4440 15660 -145 -501 2322 END
START -5780 -4408 15808 -340 -386 2409 END
START -5492 -4120 16204 -260 -673 2364 END
START -5604 -4136 16288 -644 -407 2264 END
START -5408 -4128 16164 -818 -115 2143 END
START -5052 -4300 15792 -828 114 2166 END
START -4752 -4584 15368 -605 -42 2370 END
START -4520 -5068 15544 -838 -78 2773 END
START -3972 -4864 15640 -972 -344 3235 END
START -3780 -4948 15000 -1174 -567 3606 END
START -3392 -4828 15136 -1342 -575 3925 END
START -3208 -4604 14740 -1397 -634 4394 END
START -3280 -4432 14360 -1254 -854 4832 END
START -3252 -4124 14148 -903 -1168 5209 END
START -3368 -3660 14228 -635 -1354 5459 END
START -3404 -3432 14044 -368 -1730 5506 END
START -3404 -2880 14164 16 -2199 5672 END
START -3544 -2476 15172 -629 -2267 5483 END
START -3480 -2432 13556 164 -1823 5240 END
START -3588 -2232 13480 -1494 -3669 4943 END
START -3760 -1872 15036 -657 -3083 5001 END
START -3204 -1856 13956 173 -3313 4982 END
START -3236 -1676 14792 653 -4410 5063 END
START -3384 -1348 12364 1113 -4713 4881 END
START -4500 -2640 15032 -51 -8411 4692 END
START -972 736 16200 -2156 -3207 5078 END
START -4548 -1428 16312 -5256 -3100 4218 END
START -3648 -1072 15700 -4410 -4535 3557 END
START -3436 -1036 15400 -5190 -5213 3222 END
START -3336 -976 15116 -4427 -5110 3396 END
START -3396 -920 14800 -3168 -5150 3645 END
START -3736 -656 15368 -1638 -5112 3932 END
START -3976 -308 16264 -872 -4976 3965 END
START -4268 -72 17108 -772 -5029 3597 END
START -4240 88 17364 -1037 -5093 3320 END
START -4224 464 17136 -1422 -5561 2946 END
START -4188 628 17180 -1013 -5876 2679 END
START -3996 868 17176 -676 -6017 2515 END
START -3920 1156 17500 -6 -5667 2428 END
START -4004 1464 17896 565 -5337 2176 END
START -4152 1444 17828 1300 -4959 1943 END
START -3976 1744 17856 1983 -4885 1706 END
START -4004 2024 18196 2264 -5044 1445 END
START -4136 2388 18672 1549 -5342 977 END
START -4108 2684 18552 882 -5734 372 END
START -4272 2908 18472 944 -6149 -239 END
START -4060 3180 18712 1096 -6295 -810 END
START -4148 3264 19272 1411 -6133 -1350 END
START -4344 3024 19208 1723 -5687 -1821 END
START -4304 2896 19520 1670 -5535 -2454 END
START -4348 2212 19184 1668 -5211 -2985 END
START -4344 1732 19076 1742 -5142 -3344 END
START -4348 1328 19168 1790 -5489 -3675 END
START -4092 1048 19320 2072 -5515 -3647 END
START -4096 848 20072 2615 -5040 -3405 END
START -4380 916 20328 3009 -4146 -3127 END
START -4728 1064 20540 3237 -3514 -3077 END
START -4928 1000 20432 3579 -3056 -3297 END
START -5136 828 20536 3708 -2838 -3605 END
START -5204 644 20960 3735 -2949 -3960 END
START -4840 408 21784 3719 -2952 -4325 END
START -4860 -8 22096 3526 -2659 -4524 END
START -4800 -220 22468 3336 -2178 -4730 END
START -4512 -612 22472 3138 -1446 -4799 END
START -4460 -1044 22884 2995 -581 -4787 END
START -4348 -1304 22964 2894 64 -4661 END
START -4448 -1248 23060 2567 542 -4652 END
START -4204 -1300 23168 2209 1143 -4727 END
START -4304 -1540 22880 1746 1803 -4796 END
START -4132 -1708 22712 1407 2197 -4927 END
START -3676 -1796 23356 1108 2503 -4833 END
START -4048 -2252 22304 2718 3303 -4940 END
START -3792 -2440 21940 1591 3674 -4894 END
START -3856 -2696 21728 1960 4513 -4703 END
START -3672 -2868 21088 1630 5008 -4536 END
START -3616 -3032 20888 1457 5340 -4446 END
START -3576 -3204 20516 1119 5858 -4270 END
START -3512 -3496 20136 289 6819 -4265 END
START -3348 -3584 20064 -772 7823 -4179 END
START -3472 -3900 19916 -1695 9315 -3955 END
START -4656 -4416 22676 -2931 5948 -2961 END
START -3036 -3712 18840 969 7054 -3456 END
START -3356 -4164 19508 -1779 6416 -3109 END
START -3780 -4508 19644 -3469 8304 -3002 END
START -3284 -4172 18772 -1174 7466 -2171 END
START -3252 -4456 18300 -1170 8152 -2097 END
START -2520 -3252 15188 -1538 8939 -1505 END
START -3268 -4924 18104 -641 8269 -881 END
START -2912 -3476 15768 2423 6208 -124 END
START -2628 -3292 15908 -2911 8495 -461 END
START -3504 -4100 17168 -1775 6947 -58 END
START -3064 -3840 16604 -1853 7418 185 END
START -3364 -3808 16280 -2029 7427 512 END
START -3292 -3808 16144 -1963 7380 835 END
START -3220 -3792 15788 -1675 7149 1345 END
START -3436 -3632 15632 -1424 6902 2017 END
START -3692 -3840 15832 -606 6771 2798 END
START -3492 -1132 14788 4335 2807 4003 END
START -3216 -2624 14496 -1808 7264 2138 END
START -4152 -2248 15752 -1476 5134 2025 END
START -3560 -2336 15268 -1944 5506 1829 END
START -3780 -2340 14864 -1813 4784 2062 END
START -3584 -2068 15352 -1909 4181 2226 END
START -3760 -1736 14812 -1415 3698 2447 END
START -3900 -1684 14772 -2082 4047 2177 END
START -3712 -1072 14480 -1622 3838 2125 END
START -3700 -1584 14188 -2112 4075 1906 END
START -3484 -1480 14052 -2277 3617 1847 END
START -3288 -1580 13636 -2400 3088 1776 END
START -3392 -2480 14044 -2678 2304 1683 END
START -3260 -1376 13140 -2624 1946 1581 END
START -3160 -1840 12796 -2602 1350 1596 END
START -2960 -1720 12652 -2567 1001 1735 END
START -2984 -1772 12568 -2353 641 1952 END
START -3032 -1600 12460 -2023 456 2193 END
START -3016 -1240 12588 -1645 131 2308 END
START -3216 -964 12656 -1392 -165 2317 END
START -3440 -904 12488 -1273 -490 2251 END
START -3632 -840 12660 -1150 -871 2090 END
START -3708 -752 12804 -1129 -1287 1952 END
START -3692 -828 12672 -1129 -1576 1863 END
START -3804 -708 12680 -987 -1921 1825 END
START -3732 -728 12860 -762 -2358 1799 END
START -3752 -820 13104 -538 -2729 1707 END
START -3824 -640 13428 -513 -3071 1741 END
START -3956 -876 13460 -148 -3536 1584 END
START -3780 -764 13692 -71 -3952 1523 END
START -4004 -924 14060 -255 -4911 1445 END
START -3864 -796 14196 261 -5364 1341 END
START -3792 -856 14392 32 -5772 1246 END
START -4128 -724 15644 -656 -5301 680 END
START -3828 -920 14252 470 -6721 154 END
START -4184 -692 15288 3659 -4089 1885 END
START -2148 -260 15088 3568 -8764 2008 END
START 1632 4440 17372 -967 -6075 2109 END
START -5348 340 18484 -2682 -4117 687 END
START -4368 120 15104 -1540 -5588 251 END
START -4588 444 16756 -2219 -6822 -221 END
START -4148 112 15516 -938 -6560 -154 END
START -4176 256 16500 -622 -7149 -213 END
START -4220 408 17072 538 -6470 71 END
START -4288 548 17164 594 -6315 227 END
START -4812 936 17644 1372 -5683 239 END
START -4844 1148 17876 1420 -5857 13 END
START -5212 1388 18004 1476 -5869 -394 END
START -4992 1272 18088 1254 -6182 -1052 END
START -4960 1224 18192 1334 -6358 -1422 END
START -4876 1220 18344 1721 -6381 -1648 END
START -4708 1308 18976 1857 -6307 -1867 END
START -4728 1444 19344 1923 -6053 -2085 END
START -4632 1604 19264 1952 -5910 -2273 END
START -4476 1628 19688 2155 -5660 -2443 END
START -4512 1516 19708 2188 -5341 -2513 END
START -4776 1460 19988 2056 -5222 -2687 END
START -4728 1220 19640 2083 -5047 -2965 END
START -4432 1100 19368 2119 -4598 -3020 END
START -4488 780 19048 2649 -4141 -2841 END
START -4376 776 19012 3601 -3754 -2687 END
START -4408 756 18948 4061 -3509 -2424 END
START -4624 1080 19540 4222 -3447 -2328 END
START -4988 1224 19956 3829 -3690 -2529 END
START -5056 1364 20020 3539 -3786 -2854 END
START -5052 1156 20360 3317 -3503 -3132 END
START -5076 1240 20416 3428 -2913 -3179 END
START -5328 1624 20248 3192 -2330 -3092 END
START -5492 1340 20748 4720 -1656 -3326 END
START -5068 1552 21484 3975 -1508 -3541 END
START -5000 1404 21260 4284 -945 -3854 END
START -4904 1312 21388 3690 -899 -4246 END
START -4892 1244 21552 3219 -778 -4668 END
START -4512 1000 21480 2913 -105 -4999 END
START -4364 644 21708 2257 838 -5241 END
START -4108 364 21832 1323 1996 -5528 END
START -3800 100 21304 369 2919 -5812 END
START -6160 -2192 20188 1386 161 -6848 END
START -3272 -1236 20236 1991 1600 -6248 END
START -2436 -1492 19936 1510 1595 -6113 END
START -2088 -2100 20316 1343 1592 -5765 END
START -1624 -2524 19788 970 2082 -5562 END
START -1380 -2876 19232 340 2362 -5068 END
START -868 -3444 18840 -1318 2344 -4730 END
START -820 -4392 19556 -1632 3452 -4332 END
START -396 -4136 17404 -252 2853 -3267 END
START -196 -3916 17480 331 2534 -2870 END
START -236 -4200 17456 736 2702 -2218 END
START -136 -3848 17196 -625 2969 -1636 END
START -476 -3624 17324 -196 2521 -900 END
START -368 -3168 16728 -311 2148 -488 END
START -692 -3068 17104 -1599 2376 -455 END
START -956 -2672 16456 33 1968 192 END
START -1200 -2252 16644 430 1535 602 END
START -1508 -1864 16768 349 1645 676 END
START -1720 -1596 16760 51 1627 477 END
START -1936 -1396 16692 -531 1410 214 END
START -1920 -1224 16364 -1058 1037 -92 END
START -2064 -1216 16516 -1247 438 -315 END
START -1944 -1256 16624 -1845 194 -452 END
START -1964 -1292 16504 -2328 129 -623 END
START -1628 -1268 16708 -2183 -325 -622 END
START -1716 -1364 16808 -2335 -257 -209 END
START -1380 -1024 17328 -2779 -140 13 END