START -5440 -3552 16880 43 466 2378 END
START -3048 -1808 12768 -233 -1028 2345 END
START -5424 -4052 18252 -1660 575 2617 END
START -4980 -4288 16068 -234 1462 2540 END
START -4416 -4276 15944 -188 497 2864 END
START -4280 -4440 15692 -282 766 3275 END
START -4060 -4512 15392 -460 678 3574 END
START -3748 -4496 15112 -367 484 3874 END
START -3376 -4492 14608 -430 350 4257 END
START -3212 -4420 14464 -426 42 4636 END
START -3040 -4252 14128 -465 -369 5039 END
START -2920 -4192 14084 -437 -621 5279 END
START -2476 -4208 13820 -346 -747 5429 END
START -2096 -4484 13396 -169 -769 5699 END
START -1720 -4552 13604 286 -972 6334 END
START -1308 -4240 13232 309 -1224 7116 END
START -1536 -3668 13276 229 -1563 7765 END
START -1792 -2944 13208 208 -1869 8217 END
START -1680 -2124 13332 -39 -2245 8286 END
START -1900 -1624 13468 -137 -2398 8195 END
START -1868 -1304 13276 -205 -2820 8026 END
START -1784 -1324 13136 -279 -3434 7794 END
START -1608 -1472 13576 -531 -4609 7861 END
START -1836 -1212 13432 -678 -6558 8076 END
START -1756 -536 13360 369 -7564 8403 END
START -1916 240 13088 3263 -7538 8849 END
START -3260 1476 21312 -3206 -10362 6764 END
START -1880 504 12456 -818 -2903 8702 END
START -7464 212 19860 -591 -7842 6727 END
START -1544 2860 13980 -2172 -6625 7015 END
START -3628 2952 19016 -2555 -7326 6322 END
START -2576 2764 15424 -1302 -7014 5900 END
START -2888 2956 17248 -2395 -8366 5100 END
START -2348 2624 16876 -1203 -8235 4789 END
START -2524 2280 17860 -1859 -9328 4331 END
START -2672 1996 18388 -1417 -9219 4240 END
START -2328 2224 18896 -1494 -9315 4248 END
START -2292 2836 19376 -852 -8757 4294 END
START -2440 3436 19504 -112 -8315 4077 END
START -2312 3924 19916 776 -7889 3668 END
START -2044 4204 20124 1227 -7613 3276 END
START -2288 4164 20504 854 -7367 2642 END
START -2644 3932 20164 411 -7263 1846 END
START -2456 3664 19936 463 -7263 1168 END
START -2476 3200 19988 455 -7322 822 END
START -2272 3040 20012 443 -7427 634 END
START -2312 3012 20364 721 -7357 588 END
START -2320 3300 20880 1036 -7161 622 END
START -2596 3648 21232 1383 -6792 542 END
START -2736 4172 21780 1658 -6166 191 END
START -2852 4188 21976 1802 -5667 -374 END
START -2856 3976 21796 1635 -5195 -1023 END
START -2884 3676 21784 1334 -5060 -1704 END
START -2572 3064 21812 1205 -4907 -2134 END
START -2528 2716 21536 1092 -4817 -2398 END
START -2524 2256 21460 1222 -4592 -2551 END
START -2304 2096 21684 1488 -4215 -2512 END
START -2308 1856 21968 1798 -3612 -2426 END
START -2404 1788 22024 2101 -3188 -2318 END
START -2500 2052 21988 2341 -2690 -2346 END
START -2448 2400 21920 2894 -2103 -2469 END
START -2676 2576 22164 3256 -1547 -2747 END
START -2616 2608 22176 3348 -980 -3033 END
START -2548 2616 22208 3294 -351 -3332 END
START -2368 2444 22136 3137 200 -3575 END
START -2248 2432 21960 2911 656 -3866 END
START -2136 2236 21864 2499 877 -4111 END
START -2136 2192 21652 1994 1145 -4288 END
START -2172 2180 21192 1779 1425 -4543 END
START -1992 2128 20988 1811 1705 -4712 END
START -2384 2012 20944 1894 2012 -4803 END
START -2372 1960 20880 1963 2442 -4938 END
START -2608 1852 21076 1716 2809 -5111 END
START -2476 1936 21432 1475 2965 -5261 END
START -2716 2132 21204 1177 3274 -5575 END
START -2368 2832 22568 414 3126 -5960 END
START -2464 1960 20992 1627 3611 -6637 END
START -2148 1328 21344 161 3769 -6996 END
START -1832 412 20928 107 4740 -7016 END
START -1524 356 20348 -701 5550 -6870 END
START -2020 -764 20424 497 7176 -6685 END
START -1492 -548 19836 -51 7819 -6207 END
START -1340 -776 19592 -512 9905 -5790 END
START 280 476 20000 -400 7120 -6281 END
START -2552 -1984 19488 -451 8289 -5313 END
START -2324 -1904 19332 -494 7465 -4909 END
START -2480 -2024 18424 -754 8335 -4634 END
START -2804 -1784 19436 -434 8572 -4439 END
START -2132 -1276 17032 1656 8086 -3669 END
START -2372 -1416 17996 1512 7421 -3689 END
START -2592 -2076 18904 -564 8355 -3593 END
START -2280 -1340 17812 -1628 8985 -3652 END
START -2444 -2056 17484 -1483 8364 -3576 END
START -2028 -2240 17284 -1634 8289 -3304 END
START -2104 -2336 16916 -1205 7837 -2709 END
START -2224 -2184 17064 -720 7468 -2131 END
START -2240 -2200 16976 -850 7527 -1398 END
START -1716 -1124 15932 205 7578 -240 END
START -4952 -5328 21356 -1276 2945 -2639 END
START -3332 -2964 18948 -560 4779 -768 END
START -2136 -560 14616 -604 6390 -1403 END
START -2072 -2244 15904 -1366 5637 -1286 END
START -2132 -1840 16160 -1297 4574 -845 END
START -1956 -2008 15164 -2021 5712 -497 END
START -1876 -1820 14752 -1937 4846 -33 END
START -1856 -1972 14700 -2145 4826 294 END
START -2020 -1704 14308 -2460 4750 560 END
START -1816 -1540 14172 -2466 4427 678 END
START -1600 -1704 13636 -2639 4065 819 END
START -1672 -1680 13508 -2715 3639 1026 END
START -1548 -1788 13328 -2742 3307 1290 END
START -1596 -1588 13172 -2893 2823 1588 END
START -1420 -1444 12720 -3064 2539 1847 END
START -1492 -1320 12500 -3046 2229 2030 END
START -1376 -1028 12348 -2832 1871 2223 END
START -1412 -840 11828 -2664 1544 2275 END
START -1532 -728 11732 -2343 1041 2307 END
START -1520 -692 11576 -2221 571 2390 END
START -1860 -560 11360 -2436 121 2399 END
START -2200 -556 11552 -2415 -502 2375 END
START -2296 -436 11240 -2164 -1232 2374 END
START -2240 -384 11404 -1948 -1792 2430 END
START -2280 -280 11744 -1889 -2299 2542 END
START -2352 -160 11892 -2041 -2629 2721 END
START -2776 -312 12576 -2242 -3627 2178 END
START -2488 -396 11888 -3062 -4801 1912 END
START -2460 -524 11524 -2873 -6898 1379 END
START -2204 -936 12204 -2373 -7212 1152 END
START -1716 -1136 12468 -2324 -7455 922 END
START -1340 -1344 12868 1232 -5877 2695 END
START -1376 856 7364 2200 -6892 2488 END
START -5732 -4044 13656 3217 -13905 3102 END
START -5184 120 17080 3520 -10144 4194 END
START -2184 2756 19240 572 -6839 4517 END
START -4188 2476 18040 -1137 -8402 3199 END
START -4072 3352 19048 -335 -7750 2841 END
START -3808 3196 18512 -131 -7766 2499 END
START -4100 3392 19204 1114 -7498 2477 END
START -4164 3624 19768 1707 -7089 2261 END
START -4380 4340 20464 1470 -6714 1865 END
START -4552 4660 20288 1322 -6396 1066 END
START -4404 4740 20096 1648 -6675 136 END
START -4068 4384 20268 907 -6330 -256 END
START -3792 4608 19756 1196 -6006 -972 END
START -3588 4472 19896 1566 -5986 -1431 END
START -3420 4320 19956 1899 -5738 -1932 END
START -3036 4116 19968 1881 -5705 -2273 END
START -3024 3808 19976 1731 -5738 -2619 END
START -3040 3808 20320 1513 -5852 -2938 END
START -2820 3724 20032 1083 -6297 -3315 END
START -2824 3492 20056 769 -6505 -3603 END
START -2640 3216 19880 974 -6390 -3787 END
START -2624 2920 19772 1546 -5967 -3776 END
START -2656 2556 19912 2092 -5378 -3644 END
START -2760 2584 20184 2456 -4969 -3513 END
START -3032 2576 20296 2613 -4672 -3443 END
START -3152 2740 20392 2809 -4263 -3550 END
START -3144 2608 20764 2789 -3826 -3733 END
START -3096 2576 20848 2426 -3474 -3931 END
START -2916 2388 20428 1425 -3909 -4243 END
START -2876 2252 20948 1767 -2707 -4351 END
START -2724 1640 20236 2577 -3002 -4494 END
START -2456 1720 20940 2752 -2259 -4757 END
START -2108 984 20300 2495 -1751 -5051 END
START -1968 460 20144 2008 -1565 -5234 END
START -1240 -276 20116 1377 -1101 -5218 END
START -1124 -1196 20184 688 -469 -4993 END
START -804 -1476 20408 -534 204 -4582 END
START 904 -1696 19260 -820 1909 -3862 END
START -532 -2424 22336 915 -2413 -4329 END
START 988 -1628 19088 2206 608 -2828 END
START -320 -2896 19420 616 -903 -2980 END
START 128 -2336 19628 2083 577 -2252 END
START 380 -2540 19112 1161 412 -1834 END
START 292 -2468 19488 1322 863 -1287 END
START 372 -2540 18636 879 952 -829 END
START 484 -2268 18532 642 967 -467 END
START 392 -2052 18132 373 911 -144 END
START 136 -1892 18176 64 771 131 END
START 92 -1540 18144 -265 649 323 END
START -48 -1152 17996 -547 525 486 END
START -116 -968 17824 -758 369 591 END
START -24 -760 17540 -807 336 716 END
START -220 -412 17200 -779 403 791 END
START -260 -200 17536 -632 413 690 END
START -348 16 17700 -761 451 581 END
START -272 32 17872 -1106 535 509 END
START -392 112 17564 -1277 683 483 END