START -4676 -3432 16100 -567 -492 3245 END
START -5604 308 10960 -2038 -1678 3499 END
START -5540 -3504 16808 -1683 -848 3310 END
START -4248 -3600 15064 -321 -858 3492 END
START -3996 -3604 15716 -440 -1531 3711 END
START -3168 -3348 15232 -88 -1214 4021 END
START -3052 -3652 15252 225 -816 4082 END
START -2160 -4196 15020 257 -702 4037 END
START -1428 -4756 14480 43 -781 4476 END
START -864 -5096 13816 -237 -811 5215 END
START -568 -4976 13084 181 -1341 6143 END
START -860 -4508 12880 812 -1929 7064 END
START -1144 -3840 13164 1041 -2503 7805 END
START -1660 -2756 13368 929 -2927 8559 END
START -2228 -1680 14048 545 -3393 8713 END
START -2476 -592 14056 1456 -3541 8875 END
START -2436 440 14212 1349 -4432 8695 END
START -940 1720 13084 2826 -5248 10255 END
START -1828 3276 15956 -1133 -6169 7670 END
START -4504 -100 12432 5298 -4119 8426 END
START -1532 2156 10600 2958 -7335 7195 END
START -1004 4568 14156 -804 -6833 7130 END
START -4416 3872 16636 -517 -4925 6150 END
START -3988 2768 14112 -646 -6875 5253 END
START -2756 3500 15276 -1580 -7226 4777 END
START -2776 3224 14768 -687 -7386 4707 END
START -2676 3728 15628 -216 -8273 4739 END
START -3072 4532 16356 721 -8210 4821 END
START -3368 5660 17056 1200 -8444 4320 END
START -3432 6528 17516 2204 -7803 3566 END
START -3624 6440 18420 2515 -8363 2802 END
START -2848 6680 18064 2789 -7965 2031 END
START -3040 6644 18484 1921 -8216 1022 END
START -2608 6516 18516 1450 -8355 204 END
START -2392 5976 17940 564 -8767 -597 END
START -2640 5532 18416 614 -9180 -1042 END
START -2808 5108 18628 909 -9520 -1125 END
START -3236 5220 19236 1691 -9162 -897 END
START -3612 5772 19976 2765 -8355 -580 END
START -3964 6340 20436 3685 -7471 -590 END
START -4236 6688 20936 4371 -6579 -987 END
START -4640 6712 21096 4482 -6220 -1426 END
START -4796 6772 21580 4529 -5918 -1955 END
START -5300 6748 21692 4147 -5800 -2524 END
START -5740 6764 21912 3710 -5868 -3297 END
START -5840 6544 22268 3669 -5722 -4066 END
START -5916 6064 22656 3671 -5587 -4875 END
START -6068 5424 23196 3496 -5355 -5534 END
START -5888 4876 23720 3216 -4836 -6014 END
START -5872 4428 24244 2892 -4319 -6456 END
START -5772 3980 24452 2491 -3794 -6815 END
START -5464 3680 24616 1450 -3346 -7190 END
START -5172 3176 25008 1435 -2207 -7497 END
START -4736 2408 25020 409 -1838 -7647 END
START -4440 1576 25328 -263 -971 -7677 END
START -3620 1452 24296 1020 -70 -7443 END
START -3592 392 24608 255 1120 -7439 END
START -3272 -424 23688 181 2726 -7083 END
START -3472 -692 23528 -633 3797 -6718 END
START -3048 -808 23096 -1029 5398 -6200 END
START -2508 -1032 23224 -2683 5692 -5901 END
START -2228 -2020 20800 -1013 7513 -5424 END
START -2480 -1044 24528 -765 3083 -5941 END
START -2572 -1680 21240 1195 6902 -4640 END
START -2468 -1556 21400 -745 5333 -4942 END
START -2688 -1548 21924 -451 7519 -4510 END
START -2744 -2436 19756 -1357 8589 -3519 END
START -1996 -1968 20568 -2264 7088 -4130 END
START -1728 -2496 20076 -3272 8286 -3677 END
START -1752 -2908 19640 -3200 9408 -3101 END
START -1548 -1800 19060 -2835 8547 -2827 END
START -1840 -3400 20048 -2332 8587 -2206 END
START -1412 -2520 18132 -2696 9066 -1817 END
START -464 196 14972 1328 6759 -40 END
START -1212 -492 16332 -7830 10393 -1659 END
START -2292 -1596 17624 -1906 7409 -33 END
START -1948 -944 17260 -2484 8262 -58 END
START -2020 -868 17080 -3202 9042 -203 END
START -2216 -1116 16596 -3067 8705 -228 END
START -2012 -1484 16144 -3241 8434 -311 END
START -1968 -1536 15556 -3370 8222 194 END
START -2072 -1396 15208 -3132 7857 822 END
START -2044 -1020 14868 -2642 7582 1614 END
START 44 4788 11168 -408 6472 2363 END
START -1832 -132 14864 -3596 6402 1363 END
START -2476 -388 14424 -2760 5287 1208 END
START -2564 -1660 14324 -2933 4759 813 END
START -2172 -92 12968 -3382 4663 715 END
START -2444 -936 13420 -2997 2969 839 END
START -2348 -796 12716 -3048 2893 968 END
START -2140 -1212 12600 -3609 3275 1193 END
START -2148 -512 12436 -2336 2317 1716 END
START -1940 -584 11948 -2603 2411 1853 END
START -1968 -620 12096 -2408 1691 2071 END
START -2064 -904 11700 -2331 1300 2201 END
START -1936 -964 11608 -2014 642 2433 END
START -2124 -904 11712 -1754 118 2802 END
START -2256 -476 11676 -1149 -395 3171 END
START -2492 -248 11496 -427 -746 3540 END
START -2784 -88 12104 31 -1143 3791 END
START -3004 456 12212 345 -1660 3952 END
START -3192 960 12344 632 -2069 3939 END
START -3324 1380 12872 751 -2683 3715 END
START -3424 1540 13400 -22 -3011 3204 END
START -3232 1556 13024 -207 -3343 2642 END
START -3160 1520 13396 -406 -3866 2258 END
START -2776 888 13768 -361 -4333 1971 END
START -2536 632 13448 222 -4844 2088 END
START -2500 604 14620 -477 -5232 2091 END
START -2476 744 15240 -149 -5393 2185 END
START -2652 988 15856 289 -5271 2090 END
START 3356 10152 14124 1670 -9252 4790 END
START -3072 1528 16548 6256 -3809 3304 END
START -3104 1560 19024 -206 -10186 1777 END
START -1076 4036 16344 4167 -6646 3710 END
START -4372 1692 16764 174 -7893 1581 END
START -2724 3536 17164 377 -5431 2263 END
START -3432 3092 15876 -550 -7216 1488 END
START -3260 3312 16720 -507 -7395 943 END
START -3096 3228 16192 -198 -7608 786 END
START -3704 3272 17148 128 -8180 553 END
START -3536 3084 17228 1000 -8048 424 END
START -3604 3024 18144 1261 -7958 300 END
START -3680 3100 18548 1642 -7413 273 END
START -3916 3288 18912 1559 -7118 188 END
START -3984 3384 19176 1698 -6675 123 END
START -4096 3680 18952 2032 -6327 51 END
START -4124 4040 19124 2427 -6024 -23 END
START -4308 4232 18952 2666 -6080 -305 END
START -4236 4356 19428 2975 -5988 -621 END
START -4184 4276 19396 3035 -5863 -1030 END
START -4068 4212 19980 2622 -5834 -1570 END
START -3772 3940 20100 2149 -5911 -2013 END
START -3664 3852 20324 1881 -5855 -2219 END
START -3680 3636 20220 2078 -5591 -2406 END
START -3516 3636 20612 2274 -5114 -2465 END
START -3440 3420 20784 2231 -4584 -2441 END
START -3368 3488 20776 2288 -3977 -2445 END
START -3336 3568 20340 2415 -3405 -2555 END
START -3092 3540 20328 2484 -3093 -2762 END
START -2988 3516 20192 2562 -2758 -3031 END
START -2964 3216 20116 2347 -2612 -3297 END
START -2712 2828 20248 2083 -2397 -3471 END
START -2412 2496 20144 1632 -2179 -3554 END
START -2268 2016 19852 1187 -1536 -3652 END
START -2076 1484 20012 775 -680 -3608 END
START -1908 1248 20304 623 -294 -3382 END
START -1980 976 20268 425 -177 -3222 END
START -1116 1372 20896 773 -251 -2909 END
START -1588 752 19564 1906 -1054 -2443 END
START -1796 628 20468 1492 -659 -2783 END
START -1548 612 19984 2053 -13 -2447 END
START -1420 456 20236 1217 22 -2431 END
START -1324 -8 19604 1074 560 -2304 END
START -800 -148 19232 636 633 -2072 END
START -808 -444 19040 681 780 -1696 END
START -792 -388 18712 695 777 -1438 END
START -708 -508 18456 738 927 -1167 END
START -676 -612 18552 764 745 -1015 END
START -616 -612 18668 841 796 -715 END
START -592 -432 18504 648 618 -435 END
START -608 -392 18564 674 758 -124 END
START -756 -92 18544 462 935 157 END
START -888 308 18456 479 1223 263 END
START -912 588 18356 389 1422 277 END
START -1088 788 18072 262 1508 204 END
START -948 1028 17804 98 1417 119 END
START -964 1108 17712 -149 1389 28 END
START -1024 1112 17440 -476 1260 -96 END
START -912 940 17532 -866 1055 -217 END
START -724 976 17412 -1182 779 -162 END
START -900 1224 17164 -1288 649 -88 END
START -968 1576 17212 -1185 672 -66 END
START -1112 1704 17296 -1278 830 -97 END
START -1064 1832 17388 -1277 957 -220 END
START -944 1776 17068 -1336 954 -277 END
START -768 1528 16856 -1306 630 -146 END
START -596 1572 17092 -1262 416 96 END
START -656 1564 17112 -1290 302 276 END
START -820 1696 17152 -1349 323 371 END
START -860 1796 17280 -1348 376 381 END
START -716 1836 17168 -1463 392 373 END
START -664 1684 17188 -1445 372 470 END
START -636 1664 17224 -1409 421 657 END
START -784 1732 17496 -1347 498 877 END
START -644 1944 17380 -1312 635 1042 END
START -860 2184 17496 -1115 845 1090 END
START -1032 2280 17512 -1037 797 1096 END