START -5588 -4168 17632 -138 424 143 END
START -4552 836 9184 -147 -1809 707 END
START -6104 -3700 19660 -852 665 404 END
START -5520 -4552 15600 -729 674 327 END
START -5456 -4444 16452 -373 724 588 END
START -5264 -4308 16480 -273 718 963 END
START -5492 -4228 16480 -423 976 1093 END
START -5420 -4084 15980 -410 918 968 END
START -5348 -4200 15860 -261 687 938 END
START -5408 -4244 15688 -108 362 965 END
START -5028 -4272 16008 -37 96 1115 END
START -5060 -4412 15804 -271 190 1308 END
START -4992 -4392 16172 -472 302 1462 END
START -4900 -4600 15764 -534 518 1582 END
START -4440 -4616 15768 -529 601 1829 END
START -4528 -4716 15492 -845 545 2195 END
START -4264 -4656 15592 -953 304 2563 END
START -4120 -4692 15624 -1187 203 2920 END
START -4320 -4576 15412 -1199 102 3144 END
START -4232 -4580 15248 -861 46 3231 END
START -4088 -4504 15136 -587 -48 3348 END
START -3712 -4628 15224 -536 -55 3575 END
START -3912 -4632 15024 -653 -154 3841 END
START -3812 -4584 15004 -570 -562 4181 END
START -3812 -4180 15216 -588 -952 4557 END
START -3672 -4000 15288 -656 -1133 4734 END
START -3620 -3692 15136 -505 -1333 4922 END
START -3452 -4024 15484 -1094 -1170 5198 END
START -3664 -3792 14908 -882 -1207 5335 END
START -3376 -3724 14852 -336 -1770 5427 END
START -3480 -3612 14756 -394 -1970 5632 END
START -3420 -3420 14636 -299 -2136 5857 END
START -3464 -3068 14832 -141 -2464 6066 END
START -3692 -2504 15000 -474 -3003 6311 END
START -4464 -1912 16528 -2624 -3394 5075 END
START -2896 -1764 13704 656 -3045 6270 END
START -4456 -1896 15768 913 -3381 5934 END
START -3560 -1564 14372 1969 -3578 5940 END
START -4964 -672 18696 -1549 -7801 5231 END
START -1632 -488 13532 -434 -1839 6181 END
START -4456 -912 15788 -3126 -4829 4551 END
START -3504 -576 14932 -671 -3398 4934 END
START -3424 -656 15540 -2593 -4781 4401 END
START -3116 -272 15620 -1737 -4305 4224 END
START -3060 -460 15100 -2168 -4905 3945 END
START -3012 -536 15256 -1729 -5120 3585 END
START -3024 -660 15028 -1420 -5492 3407 END
START -2872 -604 15308 -878 -5943 3358 END
START -2652 -556 15756 -409 -6161 3524 END
START -2796 -372 16404 -52 -6202 3772 END
START -2948 88 16828 396 -6127 3981 END
START -2920 556 17096 901 -5709 4159 END
START -3184 1064 17460 1386 -5431 4177 END
START -3448 1380 17536 1909 -5000 4037 END
START -3836 1712 17404 2097 -5031 3716 END
START -4152 1760 17712 2006 -5123 3384 END
START -4464 2128 17704 1851 -5296 2970 END
START -4540 2384 17568 2317 -5384 2475 END
START -4512 2932 17856 2752 -5516 1883 END
START -4604 3060 18420 3139 -5424 1162 END
START -4576 3012 19016 3266 -5598 238 END
START -4228 2928 19252 3035 -5918 -485 END
START -4112 2816 19532 2713 -6097 -1108 END
START -4084 2432 19792 2305 -6154 -1662 END
START -4124 2384 19956 2104 -6109 -2149 END
START -3956 2144 20232 2197 -5956 -2549 END
START -4144 1944 20272 2330 -5642 -2842 END
START -4092 2004 20808 2368 -5398 -3158 END
START -4020 1844 21328 2493 -5021 -3381 END
START -4064 1764 21276 2455 -4717 -3559 END
START -4312 1440 21516 2554 -4145 -3786 END
START -4520 1260 21500 2673 -3544 -3980 END
START -4692 992 21620 2538 -3287 -4308 END
START -4692 696 21824 2321 -3109 -4581 END
START -4672 384 21964 2024 -2847 -4744 END
START -4620 248 22332 1920 -2639 -4802 END
START -4484 240 22892 1430 -2363 -4934 END
START -4408 -76 22804 1014 -1828 -5242 END
START -4316 -136 22872 539 -1361 -5541 END
START -4280 -540 22680 161 -977 -5802 END
START -4284 -1044 22520 -98 -552 -6017 END
START -4324 -1524 21284 501 -479 -6043 END
START -4196 -1812 22468 1183 241 -5950 END
START -3644 -2060 21900 667 495 -5931 END
START -3604 -2340 21984 1303 1298 -5753 END
START -3192 -2732 21856 1054 1992 -5606 END
START -3052 -2860 21864 393 3241 -5380 END
START -2868 -3256 21544 -478 4647 -5198 END
START -2696 -3420 20824 -1310 6155 -4828 END
START -2656 -3700 19960 -2166 7445 -4523 END
START -728 -1856 18912 -307 5683 -2504 END
START -2452 -3612 19076 571 4970 -3350 END
START -2704 -3740 19332 509 6327 -2447 END
START -2680 -3772 18892 1125 6136 -2885 END
START -2992 -3920 18732 60 6351 -2751 END
START -2964 -3900 18388 559 6884 -2219 END
START -3124 -3496 18504 1628 6898 -1658 END
START -3248 -3724 18524 347 7265 -1445 END
START -3460 -2808 19072 -2895 8282 -1626 END
START -3976 -4180 19720 -669 7962 -1428 END
START -3592 -3372 16864 -656 7702 -1521 END
START -3736 -3488 17496 -890 6650 -1604 END
START -3368 -3216 16468 -576 7070 -1013 END
START -3172 -2896 16224 20 7035 -711 END
START -3616 -4648 18552 -1535 6307 -1301 END
START -3292 -3504 16192 -1318 7838 -637 END
START -3408 -3420 16528 -1227 6769 -351 END
START -3432 -3020 16576 -1897 6950 -133 END
START -3540 -3068 16180 -2154 6832 -53 END
START -3600 -3056 15708 -2202 6698 -76 END
START -3432 -3096 15772 -1951 6499 94 END
START -3472 -3148 15620 -1826 6084 424 END
START -3584 -2876 15684 -1528 5610 854 END
START -3924 -2712 16048 -1327 5212 1214 END
START -4072 -2332 16220 -1188 5012 1352 END
START -3824 -2068 16212 -1354 5027 1496 END
START -3880 -796 15936 1291 2724 2591 END
START -3040 1272 14040 1245 1419 1335 END
START -3768 -3068 15568 -1577 4322 990 END
START -3628 -2032 15384 -1778 3749 1149 END
START -3712 -2044 15352 -1861 3419 1377 END
START -3792 -1956 15032 -1569 3245 1566 END
START -3688 -2024 15152 -1769 3335 1433 END
START -3640 -1984 14624 -1842 3112 1433 END
START -3536 -1944 14520 -1694 2590 1634 END
START -3320 -1888 14468 -1943 2252 1686 END
START -3428 -1840 14080 -1983 1880 1726 END
START -3260 -1772 13900 -2113 1679 1730 END
START -3344 -1616 13580 -2076 1341 1653 END
START -3296 -1688 13260 -1903 1032 1656 END
START -3084 -1704 13012 -1772 671 1670 END
START -3092 -1644 13104 -1667 385 1780 END
START -3076 -1336 13164 -1600 -128 1960 END
START -3080 -1128 12744 -1453 -562 1953 END
START -3184 -856 12936 -1186 -989 1873 END
START -3336 -812 12828 -868 -1350 1720 END
START -3404 -840 12704 -650 -1661 1542 END
START -3468 -636 12736 -531 -1938 1471 END
START -3572 -780 12652 238 -2567 1507 END
START -3504 -708 13128 431 -2952 1598 END
START -3532 -616 13396 614 -3289 1737 END
START -3764 -660 13892 806 -3699 1773 END
START -3824 -296 14144 1080 -3880 1862 END
START -4180 -116 14588 1197 -4125 1741 END
START -4132 108 14832 726 -4607 1411 END
START -4224 -220 15136 740 -4885 1027 END
START -4264 -24 15836 -665 -5088 278 END
START -4244 -120 15444 -2381 -6255 -869 END
START -11900 -12352 9340 7106 -3301 763 END
START -3628 764 16416 1727 -8066 874 END
START -4488 756 18392 1056 -6471 1248 END
START -3400 412 16120 1240 -6320 419 END
START -5304 -120 18440 485 -6008 623 END
START -4264 -172 16288 442 -5706 375 END
START -4344 144 17336 137 -5940 455 END
START -4388 264 16324 984 -5501 610 END
START -4600 632 17436 1186 -5648 560 END
START -4672 568 17156 1822 -5278 443 END
START -4628 844 17736 1878 -5582 227 END
START -4536 916 17672 2155 -5251 24 END
START -4736 868 18284 1763 -5424 -288 END
START -4484 944 18072 1902 -5473 -665 END
START -4556 996 18164 1646 -5664 -937 END
START -4604 984 18544 1645 -5694 -1024 END
START -4608 1148 18620 1573 -5632 -1312 END
START -4616 1192 18784 1781 -5387 -1577 END
START -4528 1168 18808 1859 -5210 -1859 END
START -4348 1276 18812 1930 -5410 -2217 END
START -4108 1272 19092 1659 -5715 -2605 END
START -4088 1168 19408 1293 -6070 -2915 END
START -4044 1008 19548 762 -6334 -3304 END
START -3976 860 19652 599 -6153 -3636 END
START -3844 472 19660 613 -5855 -3665 END
START -3712 352 19704 938 -5471 -3470 END
START -3664 252 19840 1618 -4779 -3198 END
START -3692 316 20136 2337 -3921 -2941 END
START -3840 368 20520 2833 -3164 -2627 END
START -3784 608 20776 2859 -2633 -2530 END
START -3912 668 20928 2725 -2242 -2649 END
START -3952 708 21032 2184 -1714 -2795 END
START -3844 708 21060 1710 -1105 -2958 END
START -4176 440 21176 857 -390 -3356 END
START -3920 424 20692 499 270 -3558 END
START -3536 472 21224 586 858 -3563 END
START -3656 -124 19768 1763 -686 -4015 END
START -4140 -484 20820 1468 -544 -3854 END
START -3404 -460 20108 2113 397 -3899 END
START -3512 -476 20480 1566 438 -3980 END
START -3496 -628 20096 1823 1216 -3983 END
START -3264 -544 19772 1548 1291 -4040 END
START -3052 -852 19764 1335 1534 -4179 END
START -2696 -1264 19768 623 1621 -4337 END
START -2364 -1540 19284 23 1722 -4312 END
START -2028 -2072 19240 -661 1789 -4200 END
START -1828 -2164 18472 -1564 2410 -3806 END
START -1836 -2112 18564 -1497 3083 -3592 END
START -1768 -2816 19228 216 3219 -3156 END
START -1240 -2328 17736 179 3097 -2775 END
START -1532 -2420 18180 393 2878 -2432 END
START -1556 -2632 18400 235 2673 -2263 END
START -1468 -2624 17816 288 2613 -2052 END
START -1348 -2544 17660 -95 2463 -1836 END
START -1408 -2492 17752 -337 2462 -1639 END
START -1208 -2452 17632 -355 2349 -1472 END
START -1260 -2392 17232 -508 2388 -1270 END
START -1216 -2372 16992 -777 2660 -1061 END
START -1032 -2308 16664 -392 2267 -733 END
START -1108 -2280 16600 -234 1930 -400 END
START -1080 -2208 16656 -312 1665 -255 END
START -1020 -2204 16496 -532 1410 -95 END
START -980 -2232 16380 -721 1169 130 END
START -940 -2120 16276 -660 900 454 END
START -1040 -2064 16220 -462 777 876 END
START -1332 -1684 16532 -119 771 1284 END
START -1532 -1236 16372 159 780 1535 END
START -1752 -900 16632 296 597 1503 END
START -1880 -948 16700 222 542 1379 END
START -2076 -852 16608 42 337 1262 END
START -2024 -716 16664 -42 134 1280 END
START -2032 -664 16408 -260 -109 1267 END
START -2244 -524 16688 -158 -374 1292 END
START -2304 -364 16680 67 -685 1319 END
START -2464 -80 17172 -31 -730 1247 END
START -2224 0 17316 -367 -710 1114 END
START -2076 -68 17368 -1085 -943 1056 END
START -2008 -352 17200 -1868 -1130 1136 END