START -6044 -3160 16448 450 565 2385 END
START -5008 80 11288 -1236 -704 2673 END
START -7064 -3656 17172 -285 639 1881 END
START -6336 -4008 15252 200 446 2647 END
START -5644 -3668 15836 86 297 2825 END
START -5372 -3532 15868 224 72 3106 END
START -5452 -3480 16068 -104 -25 3093 END
START -5712 -3424 15856 -308 12 2829 END
START -4756 -3200 15636 -701 -306 2441 END
START -4508 -3956 15636 -690 -544 2504 END
START -3884 -4244 15264 -953 -712 2981 END
START -3796 -4296 15256 -1034 -849 3571 END
START -3648 -4136 14844 -920 -991 4039 END
START -3380 -4052 14696 -800 -1065 4378 END
START -3136 -3868 14436 -637 -1005 4657 END
START -2908 -4000 14160 -674 -1041 4876 END
START -2932 -4344 13880 -783 -1317 5120 END
START -2588 -4304 13784 -900 -1758 5521 END
START -2500 -4064 13548 -965 -2283 6015 END
START -2168 -3752 13796 -842 -2821 6630 END
START -2340 -3312 13716 -858 -3053 7218 END
START -2260 -2692 13796 -788 -3237 7518 END
START -2168 -2168 13764 -623 -3358 7582 END
START -2020 -2024 13908 -622 -3781 7581 END
START -2056 -1856 13624 -701 -4047 7655 END
START -2016 -1560 13400 -579 -4282 7737 END
START -2316 -1232 13532 114 -4775 8080 END
START -2604 -488 13580 1325 -5059 8382 END
START -2836 -160 13588 3170 -5230 8390 END
START -2660 392 13800 5366 -5266 8600 END
START -1504 2448 15220 433 -11316 8047 END
START -3380 -1040 14804 2521 -5806 7540 END
START -1964 1524 14432 -301 -5313 7145 END
START -2668 1684 16124 -1991 -7733 6640 END
START -2328 1604 15516 -486 -7908 6775 END
START -2672 2004 16484 -1583 -8777 6464 END
START -3232 2320 17296 -628 -8474 6176 END
START -3204 2488 17616 -798 -8740 5615 END
START -3288 2628 18044 -758 -8307 5241 END
START -3104 2620 18192 -629 -8190 4748 END
START -3300 2792 18364 -529 -8433 4418 END
START -3232 2736 18332 -108 -8340 4005 END
START -3052 2932 18980 147 -8277 3812 END
START -3076 3100 19440 396 -8126 3755 END
START -3152 3532 20032 585 -8075 3624 END
START -3160 3824 20244 576 -7736 3358 END
START -3188 4204 20468 942 -7242 2991 END
START -2848 4456 20360 1421 -6743 2663 END
START -3172 4936 20456 1735 -6252 2312 END
START -3376 5084 20224 2130 -6052 1778 END
START -3368 5112 20520 2377 -5976 1209 END
START -3412 5452 20864 2010 -5995 660 END
START -3380 5672 20996 1624 -6006 -27 END
START -3360 5624 21336 1248 -5962 -746 END
START -3088 5660 21336 731 -6045 -1369 END
START -2956 5736 20996 621 -5749 -1903 END
START -2776 5652 21080 768 -5291 -2514 END
START -2752 5576 20772 617 -4814 -3156 END
START -2768 4864 20436 490 -4689 -3947 END
START -2336 4128 20192 604 -4631 -4446 END
START -2324 3472 19940 801 -4678 -4528 END
START -2184 2900 19812 1247 -4669 -4486 END
START -1984 2904 20168 2088 -4152 -4221 END
START -2156 2808 20548 2718 -3831 -4147 END
START -2144 2760 20624 3277 -3316 -4103 END
START -2488 2816 20960 3454 -2914 -4069 END
START -2948 2868 20940 3443 -2730 -4294 END
START -3148 2996 21216 3319 -2540 -4695 END
START -3208 2740 21312 3132 -2437 -5173 END
START -3340 2532 21868 2819 -2483 -5545 END
START -3192 2504 22484 2442 -2391 -5885 END
START -3224 2316 23004 1914 -2034 -6165 END
START -3404 2136 23324 1638 -1245 -6434 END
START -3520 1772 23656 1303 -493 -6756 END
START -3472 1648 23796 927 397 -6943 END
START -3684 1192 23976 260 1055 -7134 END
START -3596 980 23656 -274 2050 -7320 END
START -3580 764 23612 -736 2739 -7365 END
START -3452 424 23400 -1055 3441 -7277 END
START -2640 272 24780 -1446 3959 -7126 END
START -3308 16 22824 583 5018 -7203 END
START -3184 -420 23224 -786 5435 -7036 END
START -3116 -700 22768 -1465 6620 -6967 END
START -2748 -688 21792 -2367 7586 -7041 END
START -3076 -1736 22664 -1482 7997 -6781 END
START -2224 -2028 21576 -2371 9327 -6554 END
START -2236 -2448 21948 -3731 10972 -6093 END
START 236 580 22568 -3051 8579 -4530 END
START -2728 -3260 20440 -1760 10355 -5157 END
START -1368 -2992 19636 -4849 9949 -4875 END
START -1316 -2808 18556 -3807 10780 -3894 END
START -1512 -3692 19948 -4657 11666 -4487 END
START -1108 -3504 17696 -1633 10482 -3097 END
START -1180 -3844 17904 -2832 10177 -2824 END
START -620 -2892 15304 -672 9996 -1298 END
START -356 -2208 14352 -8769 12455 -2983 END
START -1900 -3744 16240 -3460 10968 -1100 END
START -1524 -3136 15360 -3274 10385 -778 END
START -1656 -2956 15164 -3049 9734 -248 END
START -1936 -2728 15056 -2785 8793 252 END
START -2288 -2216 15004 -2740 8451 466 END
START 308 3392 11636 1975 5688 2341 END
START -3064 -5724 16828 -3960 4658 -255 END
START -2684 -1092 14456 -1258 5148 900 END
START -2012 -2824 12452 -3902 7109 94 END
START -2432 -2112 14176 -2861 5033 718 END
START -2452 -1972 13120 -2574 5246 1003 END
START -2664 -1832 13208 -2540 4912 1141 END
START -2812 -1696 13208 -2363 4371 1303 END
START -2688 -1360 12916 -2485 4247 1456 END
START -2852 -1300 12984 -2317 3629 1497 END
START -3124 -1104 12700 -2223 3158 1601 END
START -2976 -1136 12800 -2070 2751 1758 END
START -3064 -1048 12792 -1789 2434 1822 END
START -3076 -944 12724 -1616 2072 1855 END
START -3084 -808 12992 -1570 1617 1876 END
START -3164 -736 12960 -1502 1144 1934 END
START -3156 -696 12972 -1441 851 1936 END
START -3212 -504 13040 -1279 518 1947 END
START -3064 -452 13036 -1011 306 2002 END
START -2984 -364 13048 -748 41 2001 END
START -3140 -300 13068 -508 -81 2087 END
START -3056 -224 13124 -309 -331 2113 END
START -3160 -184 13068 -139 -570 2122 END
START -3140 -84 13164 76 -873 2113 END
START -3172 44 13136 301 -1117 2181 END
START -3308 128 13204 454 -1233 2197 END
START -3424 308 13216 479 -1462 2048 END
START -3440 236 13076 421 -1709 1973 END
START -3412 172 12948 352 -2411 1671 END
START -3244 -108 12952 21 -2840 1661 END
START -3176 -364 12956 258 -3695 1544 END
START -2976 -324 13232 157 -4330 1611 END
START -3080 -412 13668 745 -5112 1601 END
START -3252 -264 14356 12 -5590 1355 END
START -2936 -404 13796 412 -6443 1337 END
START -3140 -548 14308 1553 -6651 1260 END
START -1596 -204 14092 4300 -8633 4577 END
START -3876 -960 14616 3493 -8042 979 END
START -2032 656 18624 2289 -8236 1932 END
START -1940 1240 16216 3357 -8351 2845 END
START -3652 144 16808 2447 -5505 2496 END
START -3408 572 15992 1531 -5894 2679 END
START -3688 1056 17408 1947 -5818 2726 END
START -3496 1408 16852 1474 -5967 2600 END
START -3768 1696 17532 948 -6655 2242 END
START -3824 1724 17504 1058 -6904 1884 END
START -3820 1752 17664 1154 -7181 1641 END
START -3748 1876 18244 1592 -7187 1617 END
START -3844 1800 18676 1492 -7315 1645 END
START -3944 2104 18676 1232 -7285 1550 END
START -4060 2244 19020 1307 -7206 1367 END
START -4204 2660 19116 1599 -7176 1220 END
START -4332 2916 19220 2171 -6827 930 END
START -4356 3084 19636 2622 -6513 611 END
START -4172 3280 19648 2739 -6268 373 END
START -4224 3228 19528 2898 -6010 128 END
START -4216 3320 19456 3046 -6257 -225 END
START -4052 3716 19788 2631 -6252 -452 END
START -4020 3592 19844 2981 -6416 -998 END
START -4016 3728 20616 2135 -6432 -1362 END
START -3832 3472 20712 1879 -5760 -1750 END
START -3572 3376 20564 1919 -5321 -1913 END
START -3544 3248 20832 1798 -4838 -2005 END
START -3584 3080 20396 1730 -4324 -2161 END
START -3652 3136 20168 1910 -4002 -2261 END
START -3608 3048 20352 2217 -3846 -2288 END
START -3664 3196 20476 2535 -3364 -2372 END
START -3540 3180 20688 2327 -3033 -2473 END
START -3456 3216 20352 2390 -2697 -2532 END
START -3416 3460 20656 2424 -2197 -2680 END
START -3328 3412 20380 2745 -1676 -2760 END
START -3476 3360 20588 2278 -1742 -3008 END
START -3344 3720 21308 2345 -1337 -3117 END
START -3632 3796 20576 2654 -1236 -3448 END
START -3516 3756 20788 2418 -929 -3823 END
START -3292 3520 20576 2376 -383 -4102 END
START -3256 3184 20496 1972 -140 -4544 END
START -2988 2820 20156 1500 51 -5067 END
START -2460 2284 20044 788 583 -5370 END
START -2120 1544 19904 213 1097 -5608 END
START -1980 720 20000 -441 1675 -5770 END
START -1792 -260 19812 -1178 2430 -5756 END
START -4032 -2976 17084 265 -375 -6571 END
START -840 -1188 19624 674 997 -5103 END
START -424 -1588 18492 777 1113 -4552 END
START -404 -1844 18840 1073 975 -4007 END
START -236 -2144 18648 1157 1600 -3584 END
START -112 -2284 18404 1107 1646 -3027 END
START 192 -2392 18264 997 1743 -2380 END
START 156 -2364 18040 945 1697 -1825 END
START 160 -2316 18036 830 1669 -1289 END
START 84 -1968 17816 765 1757 -767 END
START -156 -1688 17572 836 1850 -418 END
START -128 -1504 17356 815 1843 -114 END
START -348 -1284 17408 663 1792 182 END
START -432 -868 16984 252 1571 373 END
START -744 -564 16932 135 1395 525 END
START -912 -280 16924 12 1140 660 END
START -848 216 16816 -165 995 680 END
START -1044 432 16692 -334 814 585 END
START -1176 680 16776 -488 580 509 END
START -1160 720 16600 -685 364 413 END
START -1116 808 16516 -848 236 307 END
START -1424 928 16960 -1102 -25 171 END
START -1364 1372 17260 -1542 -286 -113 END
START -1480 1576 17660 -2227 -304 -476 END
START -1528 1412 17124 -2641 -174 -937 END