START -6172 -5008 15792 -226 -34 1320 END
START -7528 -1616 7736 -2251 -1000 1367 END
START -4832 -3812 14808 -1806 -323 1838 END
START -6656 -5372 14420 -510 17 1467 END
START -6524 -5368 14552 31 -796 1578 END
START -5660 -5776 14356 175 -805 1779 END
START -5284 -3588 14328 -440 -405 1618 END
START -5624 -5432 15932 -20 -985 1986 END
START -4684 -5512 15048 -370 -710 2386 END
START -4440 -5484 14936 -1030 -661 2832 END
START -4048 -5784 14512 -1295 -831 3368 END
START -4056 -5772 14172 -1391 -968 3820 END
START -3932 -5816 13812 -1215 -1073 4367 END
START -3556 -5716 14004 -1037 -1112 4944 END
START -3240 -5368 13704 -993 -1227 5585 END
START -3360 -5384 13320 -1012 -1436 6037 END
START -3344 -4932 13412 -1132 -1764 6299 END
START -3500 -4276 13512 -1058 -2474 6641 END
START -3696 -3536 13652 -1173 -2909 6801 END
START -4168 -2624 14204 -1235 -3322 6776 END
START -4360 -1860 14296 -1138 -3489 6565 END
START -4900 -1288 14616 -1065 -3625 6273 END
START -5120 -832 14916 -1059 -3755 5661 END
START -5316 -780 14904 -1232 -4249 4860 END
START -4912 -952 14808 -1505 -5001 4103 END
START -4424 -1372 14488 -1148 -5697 3835 END
START -4380 -1696 14528 -485 -6268 3843 END
START -4656 16 19232 -2327 -10003 3993 END
START -5040 -2376 14760 -653 -6854 4282 END
START -5340 -2016 16400 -1878 -6821 4239 END
START -4924 -868 15476 -2262 -5427 3548 END
START -4704 -1160 15600 -1848 -5443 3217 END
START -4196 -1184 15672 -1373 -5423 3112 END
START -4436 -1380 15632 -1157 -5228 3204 END
START -4064 -1408 16036 -575 -5530 3345 END
START -4056 -1268 16424 -138 -5396 3731 END
START -4180 -1016 16772 436 -5348 4062 END
START -4556 -820 17508 862 -5008 4252 END
START -4716 -384 17572 1124 -4657 4252 END
START -4780 76 17868 1324 -4386 4233 END
START -4984 392 17904 1489 -4261 4087 END
START -5084 992 18252 1172 -4494 3870 END
START -5212 1336 18368 1244 -4853 3563 END
START -5276 1768 18400 1316 -4995 3021 END
START -4936 2036 18712 1369 -5000 2582 END
START -4792 2376 19052 1556 -4869 2221 END
START -4704 2808 19476 1715 -4728 1750 END
START -4940 2956 19512 1693 -4616 1094 END
START -4968 3048 19316 1544 -4713 125 END
START -4452 2980 19268 1508 -4157 -796 END
START -4520 3104 19488 646 -5661 -1096 END
START -4712 2776 19048 1205 -4984 -1838 END
START -4628 2636 19348 883 -5157 -2324 END
START -4492 2628 19248 1458 -4691 -2685 END
START -4436 2712 18960 1460 -4639 -3071 END
START -4244 2640 19044 1648 -4640 -3658 END
START -4104 2364 19140 1416 -4951 -4267 END
START -3836 2176 19080 1166 -5124 -4750 END
START -3464 1656 19076 1338 -5014 -4976 END
START -3296 1372 18908 1933 -4719 -4852 END
START -3064 1460 19256 2812 -4038 -4489 END
START -3232 1468 19008 3542 -3249 -4124 END
START -4036 1276 18932 4070 -2449 -4093 END
START -4192 1140 18664 4377 -2071 -4432 END
START -4512 776 18684 4674 -2107 -4762 END
START -4784 544 18936 4505 -2601 -5041 END
START -4500 668 19416 4555 -2889 -5274 END
START -4736 808 20332 4149 -3308 -5581 END
START -4580 764 20892 3756 -3235 -6036 END
START -4560 552 21464 3503 -2677 -6459 END
START -4484 -136 22056 3073 -1988 -6845 END
START -4496 -808 22056 2254 -1465 -7007 END
START -4256 -1488 21952 1969 -905 -6885 END
START -4236 -1840 21748 1800 -406 -6570 END
START -4216 -1972 21912 1937 139 -6191 END
START -4488 -1876 22196 1889 528 -5900 END
START -4744 -1180 21572 1543 1024 -5751 END
START -4732 -2668 22236 3349 1986 -5630 END
START -4172 -2440 22824 2309 2408 -5171 END
START -4348 -2648 22312 2911 3575 -4868 END
START -4272 -2664 22332 2277 4246 -4663 END
START -4148 -2624 21904 1643 5205 -4598 END
START -4036 -2744 21728 725 5638 -4669 END
START -3788 -2952 21352 -21 6318 -4584 END
START -3480 -2976 20944 -1023 7322 -4316 END
START -3452 -2740 20540 -784 5770 -2879 END
START -3524 -2708 20544 1401 5658 -3576 END
START -3532 -3092 20584 -24 6560 -2384 END
START -3656 -2824 19872 -1262 6651 -3429 END
START -3276 -2948 17972 -381 7103 -2830 END
START -3276 -2852 18676 -1788 7203 -3321 END
START -3368 -4032 18080 561 7449 -2522 END
START -3080 -3804 18572 -766 6513 -2621 END
START -3044 -3776 18468 -583 6787 -2123 END
START -3116 -3816 18196 -1070 6784 -1951 END
START -2616 -2936 17648 -1546 6750 -1565 END
START -3924 -8860 23884 -7650 8828 -2881 END
START -3216 -3756 17552 -2241 7786 -1123 END
START -2840 -3592 16676 -2246 7049 -969 END
START -2876 -3640 16412 -2757 7531 -747 END
START -3176 -3452 16316 -2578 7209 -316 END
START -3144 -3352 16244 -2543 6898 -81 END
START -3204 -3172 15932 -2726 6975 143 END
START -3036 -3296 15716 -2598 6899 383 END
START -1344 -1184 14324 -1358 6019 1691 END
START -4392 -5668 18692 -1734 -642 -851 END
START -2712 -2900 15320 -3345 6648 1163 END
START -2716 -2864 13560 -2297 4285 1199 END
START -2920 -3572 14812 -3066 4219 1424 END
START -3096 -2940 14260 -2713 4182 1622 END
START -3028 -2812 14124 -2544 3938 1687 END
START -2916 -2552 13784 -2692 3832 1886 END
START -2944 -2516 13452 -2648 3370 2087 END
START -2820 -2508 13036 -2479 2823 2193 END
START -2672 -2464 12760 -2658 2504 2240 END
START -2576 -2552 12416 -2494 1967 2357 END
START -2480 -2532 12732 -2437 1212 2637 END
START -2508 -2304 12472 -2357 876 2966 END
START -2492 -2164 12384 -1905 678 3260 END
START -2700 -1948 12512 -1315 476 3617 END
START -2836 -1468 12680 -935 154 3832 END
START -2984 -1352 12692 -733 -103 3840 END
START -3264 -972 12976 -649 -458 3873 END
START -3396 -796 12828 -322 -877 3858 END
START -3444 -516 13176 -192 -1134 3825 END
START -3668 -400 13296 -210 -1259 3754 END
START -3800 -76 13144 -157 -1666 3601 END
START -3844 -140 13276 -37 -1931 3425 END
START -3964 296 13360 274 -2209 3300 END
START -4116 516 13340 647 -2514 3186 END
START -4184 656 13612 987 -2771 2981 END
START -4204 672 13700 1214 -3499 2667 END
START -4240 1164 14272 1099 -4270 2293 END
START -4204 788 14136 1752 -5650 1438 END
START -3340 1256 13588 1644 -6270 1598 END
START -1924 1768 11796 -2798 -9659 766 END
START -3880 236 15200 5251 -3308 822 END
START -2844 2268 19020 -267 -9640 -308 END
START -1412 1240 16000 708 -4928 1252 END
START -4312 -184 17020 -1351 -7286 674 END
START -3344 488 16044 802 -5781 1091 END
START -3452 684 16476 -744 -6767 711 END
START -3640 780 16432 -17 -6324 716 END
START -3800 704 16412 -421 -7202 489 END
START -3908 728 17040 560 -6934 527 END
START -4088 780 17268 907 -6718 660 END
START -4328 1008 17792 1591 -6345 824 END
START -4400 1376 18100 1887 -6169 917 END
START -4784 1868 18464 2089 -6134 753 END
START -4880 2196 18640 2315 -6026 436 END
START -5000 2552 19048 2607 -5710 110 END
START -5292 2600 19528 2751 -5420 -214 END
START -5536 2824 19864 2736 -5229 -599 END
START -5812 2928 20056 2600 -5152 -1108 END
START -5724 3040 20084 2182 -4968 -1623 END
START -5920 2960 19860 2079 -4934 -2155 END
START -5704 2956 19936 2121 -4900 -2448 END
START -5768 2968 19904 2149 -4780 -2774 END
START -5476 3040 20116 2292 -4514 -3079 END
START -5552 3004 20056 2331 -4330 -3485 END
START -5552 2972 20248 2334 -4249 -3868 END
START -5392 2560 20224 2311 -4212 -4283 END
START -5224 2256 20300 2221 -4174 -4666 END
START -4952 1936 20544 2040 -4130 -4678 END
START -4760 1716 20436 2323 -3737 -4611 END
START -4412 1488 20616 2690 -2958 -4518 END
START -4420 1432 21168 2382 -1486 -4342 END
START -4552 1204 21172 1883 -644 -4449 END
START -4344 1172 21380 1398 -220 -4641 END
START -4072 964 20748 1021 -95 -4718 END
START -5152 8 20656 1452 -1424 -4986 END
START -3728 108 21008 1847 -855 -4738 END
START -3336 -260 19856 1596 -498 -4422 END
START -3396 -724 20424 1706 243 -4329 END
START -2960 -1112 19472 2029 753 -4110 END
START -2888 -1592 19488 2330 942 -3759 END
START -2396 -1648 19132 2183 1198 -3555 END
START -2256 -1904 18868 1631 1253 -3290 END
START -2152 -2232 18692 1118 1052 -3365 END
START -1844 -2424 18404 1688 1246 -2981 END
START -1680 -2612 18568 233 1673 -2768 END
START -1776 -2636 18524 -220 2471 -2457 END
START -1612 -2396 18012 793 2051 -1983 END
START -1768 -2636 18292 1410 1974 -1758 END
START -1540 -2516 17784 1594 1879 -1400 END
START -1644 -2316 17892 1311 1769 -1253 END
START -1592 -2352 17816 892 1784 -1256 END
START -1404 -2416 17456 241 1742 -1174 END
START -1532 -2488 17232 75 1643 -885 END
START -1376 -2068 16760 473 1289 -474 END
START -1608 -2208 17148 353 1214 -274 END
START -1492 -1864 17040 346 1061 -125 END
START -1500 -1804 16992 101 926 48 END
START -1672 -1636 16824 -112 759 40 END
START -1608 -1520 16556 -408 698 150 END
START -1788 -1432 16592 -374 328 200 END
START -1696 -1400 16520 -293 185 297 END
START -1584 -1096 16460 -238 75 423 END
START -1772 -1004 16496 33 -105 474 END
START -2000 -852 16588 152 -155 384 END
START -1876 -716 16872 236 -348 179 END