START -4140 -1840 19020 109 -742 320 END
START -3660 1504 8468 123 -3065 776 END
START -5224 -2752 19944 -610 -1138 688 END
START -4028 -1648 16096 79 654 71 END
START -4188 -1836 17552 382 -319 53 END
START -3976 -1760 17480 338 149 228 END
START -4124 -1876 17440 274 -31 353 END
START -4136 -1832 17368 58 -76 373 END
START -4040 -1748 17592 -146 107 398 END
START -4248 -1776 17396 -197 78 357 END
START -4040 -1776 17236 -252 156 359 END
START -4084 -1724 17264 -137 37 388 END
START -4260 -1656 17288 -171 51 330 END
START -4176 -1652 17348 -288 145 200 END
START -4096 -1816 17296 -283 105 45 END
START -4000 -1688 17240 -234 63 21 END
START -3960 -1884 17024 -211 20 114 END
START -3904 -2008 17152 -156 94 238 END
START -3884 -1964 17256 -44 212 354 END
START -3884 -1876 17216 56 222 503 END
START -4152 -1796 17360 11 280 569 END
START -4200 -1504 17320 -91 258 507 END
START -4292 -1544 17168 -203 230 353 END
START -4160 -1564 17264 -237 215 135 END
START -4240 -1648 17112 -187 116 56 END
START -4096 -1844 17068 -150 -19 19 END
START -4004 -1856 17288 -166 -51 120 END
START -4128 -1812 17148 -271 -64 213 END
START -4012 -1784 17224 -229 30 261 END
START -3988 -1844 17368 -206 106 322 END
START -3952 -1680 17252 -244 336 341 END
START -4008 -1740 17052 -210 375 293 END
START -4052 -1732 17148 -115 320 287 END
START -4180 -1784 17112 -57 213 238 END
START -4152 -1764 16944 -101 142 245 END
START -4176 -1840 17072 -108 -71 235 END
START -4136 -1836 17300 -221 -143 281 END
START -4300 -1660 17480 -389 -45 249 END
START -4320 -1684 17400 -348 -26 247 END
START -4184 -1744 17208 -201 25 196 END
START -4120 -1812 17172 -72 113 179 END
START -4248 -1948 17216 -172 204 255 END
START -4308 -1772 17176 -143 264 318 END
START -4236 -1680 17240 -95 251 368 END
START -4332 -1616 17156 -80 280 339 END
START -4448 -1628 17236 -129 253 265 END
START -4320 -1708 17208 -207 152 161 END
START -4396 -1864 17100 -275 68 137 END
START -4364 -1744 16968 -223 -62 43 END
START -4268 -1872 16888 -211 -148 -50 END
START -4356 -2068 17064 -186 -61 -30 END
START -4140 -2136 17088 -32 -28 60 END
START -4124 -2152 17068 83 95 142 END
START -4064 -2088 17288 85 113 230 END
START -4048 -2132 17212 -12 145 204 END
START -4040 -2168 17152 -85 121 243 END
START -4152 -2268 17144 -122 61 301 END
START -4116 -2124 17276 -64 -73 355 END
START -4348 -2032 17352 -153 -228 342 END
START -4264 -1928 17436 -223 -333 232 END
START -4360 -1952 17388 -328 -375 269 END
START -4280 -1948 17348 -496 -333 317 END
START -4284 -1928 17468 -475 -274 293 END
START -4328 -1944 17224 -429 -223 259 END
START -4416 -2096 17156 -414 -237 244 END
START -4424 -2244 16936 -507 -391 272 END
START -4572 -2276 16916 -421 -666 330 END
START -4660 -2352 16720 -313 -922 520 END
START -4640 -2388 16892 -224 -1216 626 END
START -4612 -2340 17156 -118 -1295 758 END
START -4672 -2324 17196 -192 -1314 858 END
START -4656 -2644 17148 -425 -1353 942 END
START -4532 -2716 16956 -317 -1518 1249 END
START -4696 -2664 17016 -49 -2031 1618 END
START -4628 -2588 17188 -82 -2304 1899 END
START -4488 -2452 17408 -97 -2228 2110 END
START -4440 -2376 17204 285 -1969 2352 END
START -4376 -2116 17416 1045 -1877 2682 END
START -4616 -1984 18212 1186 -1651 2765 END
START -4628 -1740 17960 887 -1207 2530 END
START -4352 -1640 17816 1147 -1428 2408 END
START -4180 -1692 18072 1577 -1812 2378 END
START -4028 -1652 18424 1265 -1701 2277 END
START -3604 -1888 18532 1344 -1527 2269 END
START -3112 -2192 19136 1547 -1089 2695 END
START -3300 -2492 19044 1859 205 3248 END
START -2956 -2568 18400 3022 1409 4057 END
START -3108 -2456 18108 3411 2309 4711 END
START -3660 -2216 17452 3672 2786 5157 END
START -4056 -1772 17280 3793 2304 5290 END
START -4484 -1448 17700 3922 1391 5131 END
START -4636 -1192 18172 3297 946 4657 END
START -4456 -1408 18720 2406 753 4015 END
START -3864 -1832 18444 1393 1064 3574 END
START -3536 -2212 17628 1254 1063 3605 END
START -3052 -1832 17188 2228 920 4069 END
START -2700 -2636 16880 1797 1307 4209 END
START -2516 -1912 16924 2397 1402 4672 END
START -2448 -2300 16676 1982 2242 4937 END
START -2512 -1832 16708 2141 2441 5161 END
START -2636 -2024 16840 1711 2321 4988 END
START -2972 -1824 16664 1304 2013 4706 END
START -2736 -1848 16220 302 1723 4286 END
START -2756 -1888 16292 -441 1049 4126 END
START -2784 -1680 16020 -1163 530 4015 END
START -3184 -1484 16140 -1609 376 3925 END
START -3496 -1460 16020 -1717 697 3716 END
START -3680 -1652 15904 -1573 1274 3533 END
START -4148 -1752 15732 -1641 1772 3505 END
START -4636 -1424 15804 -1918 1877 3286 END
START -4936 -1060 15912 -2182 1725 2723 END
START -5128 -492 16268 -2734 1755 1838 END
START -4680 -248 16100 -3138 1841 700 END
START -3884 -604 15952 -3446 1933 -261 END
START -2608 -1160 15672 -3450 1966 -862 END
START -1300 -1892 15856 -3979 1607 -835 END
START -824 -2632 15196 -4483 1308 -146 END
START -432 -2840 15484 -4504 829 734 END
START -760 -2912 15492 -3591 306 1869 END
START -836 -2712 16648 -3414 311 2928 END
START -1280 -2040 17104 -3746 648 3658 END
START -1628 -1128 17504 -4555 772 4267 END
START -2488 -836 16864 -3908 663 4655 END
START -3460 -408 17024 -3984 -25 4606 END
START -4136 256 17488 -3973 -229 4335 END
START -4652 576 17608 -4124 -674 3828 END
START -4764 948 17784 -4474 -823 3183 END
START -4680 640 17492 -4536 -879 2673 END
START -4544 620 17288 -5103 -987 2071 END
START -4316 308 16828 -4662 -1114 1972 END
START -4160 136 16552 -4324 -1565 1800 END
START -3860 60 16556 -3573 -1644 1816 END
START -3584 36 16360 -2658 -1629 2007 END
START -3704 152 16684 -1467 -1457 2263 END
START -4572 16 18080 -3022 -3575 1726 END
START -3616 248 16356 -1489 -2367 2216 END
START -4376 -364 16292 -4191 -921 1404 END
START -4200 504 16276 -3729 -342 1856 END
START -4452 280 15996 -3993 -2381 1314 END
START -4204 356 16576 -3313 -2303 1120 END
START -4116 -116 16484 -3403 -2473 934 END
START -4100 -468 17108 -3129 -2349 917 END
START -3816 -684 16876 -2670 -1843 1124 END
START -3552 -716 16900 -1903 -1223 1370 END
START -3460 -728 16892 -1234 -451 1606 END
START -3300 -688 16620 -642 -149 1660 END
START -3292 -616 16296 -622 -154 1637 END
START -3348 -616 16136 -988 -682 1437 END
START -3332 -796 15948 -1302 -1672 1158 END
START -3128 -720 15900 -1498 -2581 1102 END
START -3336 -724 16308 -1451 -3149 1098 END
START -3276 -684 16540 -1120 -3155 1060 END
START -3320 -664 16668 -397 -2554 1046 END
START -3208 -820 16508 404 -1847 1101 END
START -3116 -836 16832 1455 -838 1368 END
START -3116 -1004 16772 2202 22 1775 END
START -3260 -1184 16724 2480 476 2180 END
START -3372 -692 16716 1920 159 2390 END
START -3768 -128 16224 1436 -620 2207 END
START -3740 44 16008 1556 -2092 1683 END
START -3820 212 16264 1464 -3074 1215 END
START -3980 440 17212 1153 -3679 738 END
START -4096 396 17928 957 -3890 291 END
START -3964 284 18404 971 -3374 30 END
START -3944 112 18332 1134 -2724 -124 END
START -3832 24 18008 1707 -2024 -10 END
START -3804 300 18212 1800 -1674 40 END
START -4012 388 17756 1882 -1975 -265 END
START -3688 676 17972 1685 -2543 -598 END
START -3680 860 18244 1214 -2763 -921 END
START -3776 912 18604 1044 -2859 -1487 END
START -3348 768 18500 1058 -2556 -1888 END
START -2988 536 18212 1067 -2595 -2271 END
START -2756 372 18208 1258 -2763 -2454 END
START -2428 224 18096 1401 -2865 -2533 END
START -2140 156 18260 1645 -2712 -2594 END
START -1948 252 18360 2029 -2143 -2450 END
START -1892 364 18352 2355 -1575 -2411 END
START -1732 464 18232 2683 -1084 -2434 END
START -1644 660 18160 2649 -1294 -2579 END
START -1580 720 17892 2380 -1850 -2844 END
START -1876 672 17868 2099 -2454 -3119 END
START -1968 512 18168 1904 -3140 -3467 END
START -1924 320 18492 1579 -3701 -3632 END
START -2160 88 18860 1373 -3992 -3538 END
START -2372 252 19076 1704 -3664 -3298 END
START -2684 588 19776 2056 -3043 -2995 END
START -2968 940 20148 2183 -2296 -2885 END
START -3264 1336 20256 2320 -1496 -2910 END
START -3316 1552 19796 2427 -1030 -3214 END
START -3780 1412 19540 2275 -1006 -3782 END
START -3884 1424 19240 1883 -1592 -4565 END
START -3884 1068 19336 1086 -2563 -5480 END
START -3456 508 19132 704 -3068 -6035 END
START -3096 96 19596 588 -3123 -6129 END
START -2892 -36 19620 642 -2776 -6021 END
START -3024 -244 20108 824 -2054 -5695 END
START -2752 -156 20160 844 -1282 -5529 END
START -2904 -40 19844 1120 -456 -5464 END
START -2756 -12 19572 1309 3 -5520 END
START -2604 -32 19220 1430 193 -5565 END
START -2612 56 19184 1458 343 -5603 END
START -2532 120 19332 1220 262 -5702 END
START -2620 -16 19144 1054 240 -5949 END
START -2652 -280 18964 806 6 -6292 END
START -2648 -632 19000 426 -94 -6455 END
START -2824 -636 18856 -25 -130 -6480 END
START -2652 -1440 18684 886 -449 -6227 END
START -2488 -1448 19528 376 -208 -6183 END
START -2456 -1628 19628 416 131 -5983 END
START -2296 -1892 19920 238 389 -5817 END
START -2368 -2160 20072 294 1187 -5515 END
START -2136 -2252 20052 -187 2282 -5182 END
START -2480 -2500 20256 -648 3170 -4776 END
START -2340 -2476 20076 -1083 4030 -4458 END
START -2720 -2792 20028 -1511 4468 -4243 END
START -2428 -2908 19100 -568 2853 -3811 END
START -2820 -2936 19800 -32 2764 -3699 END
START -2900 -3036 19464 -74 2945 -3568 END
START -2788 -2892 20056 -318 3199 -3322 END
START -2928 -2948 19724 -223 3637 -3089 END
START -2868 -2828 19848 -479 3876 -2822 END
START -2980 -2892 19628 -478 4518 -2644 END
START -2828 -2848 19520 -1144 4892 -2372 END
START -2880 -3132 19256 -1593 5162 -2095 END
START -2700 -3188 18576 -1817 5136 -1735 END
START -2876 -3040 18088 -3358 5616 -1581 END
START -3180 -3348 18496 -2722 5854 -1385 END
START -3340 -2296 17264 -2113 5393 -1262 END
START -3328 -2672 17224 -1023 4929 -995 END
START -3428 -2816 17372 -1114 4997 -961 END
START -3320 -2408 17032 -1151 5408 -599 END
START -3496 -2144 17264 -449 4963 -68 END
START -3704 -1940 16920 -526 5068 123 END
START -3800 -1748 17172 -165 4719 -38 END
START -4028 -2016 18368 -1260 4807 -525 END
START -3932 -1864 16300 -1241 5132 -692 END
START -3864 -2108 16632 -992 4047 -849 END
START -3640 -2324 16564 -1257 4200 -841 END
START -3556 -2340 16872 -965 3904 -717 END
START -3300 -2608 16996 -781 4060 -568 END
START -3172 -2740 17076 -871 4398 -271 END
START -3292 -2828 17124 -801 4499 64 END
START -3296 -2756 17056 -642 4284 499 END
START -3484 -2548 16976 -744 4276 632 END
START -3360 -2560 16952 -918 4311 630 END
START -3412 -2528 17060 -948 3901 796 END
START -3680 -2468 17076 -1204 3914 801 END
START -3584 -2488 16964 -1399 4045 753 END
START -3756 -2568 16844 -1442 3979 932 END
START -3760 -2508 16844 -1398 3768 1026 END
START -6968 -7488 19952 168 1572 1323 END
START -3452 -2368 16864 -1355 2412 1088 END
START -3860 -1876 16680 -1405 2249 1190 END
START -3520 -1688 15844 -1475 2373 1174 END
START -3704 -1792 16060 -2171 2682 1036 END
START -3292 -1840 15400 -2847 3076 894 END
START -3304 -3236 15616 -3328 3251 884 END
START -3216 -2088 15060 -2991 2428 1172 END
START -3128 -2172 14404 -3110 2282 1394 END
START -3288 -2068 14168 -2905 1664 1506 END
START -3220 -1888 14040 -2737 1325 1532 END
START -3276 -1512 14116 -2324 768 1455 END
START -3376 -1528 13768 -2441 690 1191 END
START -3300 -1612 13468 -2269 581 897 END
START -3064 -1728 13444 -1928 271 837 END
START -3224 -1744 13524 -1564 -107 1049 END
START -3392 -1612 13548 -1168 -457 1254 END
START -3600 -1416 13880 -1014 -527 1320 END
START -3640 -1220 14092 -886 -470 1262 END
START -3556 -1264 13608 -623 -531 1162 END
START -3764 -1348 13776 -372 -735 1120 END
START -3760 -1364 13716 16 -1023 1084 END
START -3728 -1336 14008 351 -1219 1117 END
START -3888 -1316 14108 757 -1602 1138 END
START -4000 -1124 14644 721 -1807 1207 END
START -4360 -1140 14832 839 -2000 1098 END
START -4176 -1028 14916 555 -2082 929 END
START -4540 -1144 14944 506 -2402 836 END
START -4368 -884 15180 629 -3086 602 END
START -4272 -1172 14996 405 -2980 400 END
START -4288 -1372 14880 432 -3324 329 END
START -4308 -1520 15008 720 -3752 362 END
START -4072 -1684 15316 896 -4132 515 END
START -4148 -1592 16052 -182 -3919 616 END
START -4096 -1668 16164 349 -4109 577 END
START -4312 -1676 15660 -376 -4316 350 END
START -4408 -1096 16768 -1125 -4778 -137 END
START -2152 -680 13212 1319 -2994 391 END
START -4996 180 21488 1690 -3373 -240 END
START -4736 -3584 12760 2908 -5726 -287 END
START -4692 -1000 19072 -569 -4916 746 END
START -3768 -1200 16524 863 -2952 566 END
START -4328 -1200 17716 -207 -4507 373 END
START -4024 -864 17564 1101 -3175 643 END
START -3984 -712 17140 628 -3593 336 END
START -4036 -516 17444 1252 -3285 229 END
START -3880 -400 17344 1272 -3674 -34 END
START -4004 -444 17604 1340 -3580 -236 END
START -3784 -364 17284 1636 -3469 -344 END
START -3672 -356 17456 1526 -3396 -473 END
START -3776 -332 17608 1668 -3654 -533 END
START -3160 -224 17004 1964 -3164 -653 END
START -3584 -28 17912 1337 -3398 -781 END
START -3444 108 17900 1263 -3305 -1026 END
START -3304 184 17508 1135 -3524 -1262 END
START -3316 76 17452 1273 -3667 -1419 END
START -3180 20 17228 1552 -3676 -1441 END
START -3020 -84 17324 1884 -3684 -1296 END
START -2976 -4 17440 2241 -3613 -1093 END
START -3088 304 17820 2585 -3650 -939 END
START -3232 480 18172 2623 -3728 -998 END
START -3428 672 18628 2327 -3813 -1072 END
START -3500 688 18472 1998 -3938 -1195 END
START -3596 736 18708 1835 -4074 -1392 END
START -3508 752 18780 1846 -4245 -1528 END
START -3468 588 18940 2017 -4194 -1596 END
START -3356 736 19016 2231 -3991 -1576 END
START -3468 716 19464 2457 -3576 -1577 END
START -3528 924 19652 2583 -3216 -1655 END
START -3684 1040 19676 2636 -2848 -1846 END
START -3780 956 19464 2756 -2541 -2096 END
START -3916 1060 19520 2751 -2235 -2392 END
START -4060 1036 20004 1943 -1600 -2933 END
START -3676 752 19356 1486 -1088 -3263 END
START -3760 472 20128 1286 -277 -3430 END
START -5156 292 20732 2036 -2201 -2825 END
START -4844 -1024 19832 3087 -1524 -3834 END
START -3544 296 20516 1861 -1398 -3204 END
START -3816 -88 20348 2987 -123 -3346 END
START -3368 -156 20068 2526 232 -3468 END
START -3116 -204 20340 2659 775 -3248 END
START -3104 -744 20072 2654 1033 -3276 END
START -2980 -912 19952 2575 1139 -3121 END
START -2764 -792 20004 2193 1403 -2942 END
START -2836 -832 19836 1343 1465 -2951 END
START -2580 -1096 19696 116 1592 -3158 END
START -2376 -1432 19224 -1305 2076 -3361 END
START -2432 -1616 19044 -1549 2452 -3372 END
START -1992 -2084 18688 525 1686 -3114 END
START -1684 -2284 18924 698 1560 -2827 END
START -1476 -2372 18708 837 2009 -2341 END
START -1336 -2516 18568 376 2308 -2161 END
START -1124 -2688 18300 711 2470 -1821 END
START -984 -2768 17908 -105 2471 -1644 END
START -860 -3040 18168 -95 2167 -1333 END
START -620 -3060 17432 381 1745 -839 END
START -704 -2824 17464 -7 1846 -588 END
START -720 -2768 17140 466 1748 -195 END
START -740 -2576 17452 799 1649 212 END
START -940 -2612 17440 789 1756 609 END
START -1056 -2228 17396 820 1904 894 END
START -1384 -1852 17440 873 1705 1070 END
START -1348 -1600 17284 383 1623 1027 END
START -1452 -1568 17052 -30 1484 939 END
START -1552 -1552 16704 -85 1042 998 END
START -1576 -1536 16984 -65 606 1230 END
START -1912 -1208 17032 -79 308 1447 END
START -2056 -816 17396 -222 322 1476 END
START -2276 -532 17404 -349 485 1403 END
START -2248 -396 17328 -395 619 1281 END
START -2460 -408 17116 -371 696 1078 END
START -2372 -392 17012 -450 586 950 END
START -2396 -388 17092 -529 223 944 END
START -2240 -392 17228 -874 187 858 END
START -2292 -352 17320 -1033 -65 914 END
START -2300 -308 17360 -1296 -69 993 END
START -2316 -356 17220 -1283 -76 1144 END
START -2296 -412 17460 -1236 -54 1351 END
START -2060 -240 17312 -1217 -28 1617 END