START -4828 -1684 17296 1116 267 852 END
START -2152 -64 16024 -74 -1038 988 END
START -5648 -1828 18800 823 599 849 END
START -5360 -1848 16132 891 525 579 END
START -4992 -1756 16968 886 443 401 END
START -4832 -2024 16892 501 72 512 END
START -5120 -2344 16924 294 30 851 END
START -5072 -2216 16748 360 164 1145 END
START -5132 -2064 16836 518 312 1253 END
START -5192 -1664 16900 547 219 1198 END
START -5132 -1332 16912 460 224 907 END
START -5048 -1272 16948 317 281 587 END
START -5052 -1340 16560 204 208 279 END
START -5168 -1708 16496 215 39 157 END
START -5028 -1828 16616 332 -163 189 END
START -5156 -1964 16584 448 -307 241 END
START -5100 -1976 16628 595 -420 354 END
START -5140 -2028 16876 550 -501 410 END
START -5164 -1968 17008 448 -670 470 END
START -5268 -1864 17080 446 -671 469 END
START -5260 -1788 17252 437 -508 406 END
START -5240 -1692 17552 390 -472 394 END
START -5212 -1532 17556 247 -329 424 END
START -5344 -1640 17748 154 -144 413 END
START -5272 -1620 17540 87 -70 436 END
START -5224 -1636 17464 10 25 444 END
START -5512 -1600 17572 -30 76 457 END
START -5464 -1548 17520 27 95 417 END
START -5440 -1592 17796 94 206 440 END
START -5572 -1712 17684 -14 498 420 END
START -5568 -1688 17596 24 567 363 END
START -5452 -1704 17344 4 561 353 END
START -5404 -1736 17368 -82 634 353 END
START -5384 -1908 17248 -168 420 350 END
START -5476 -1888 17240 -395 254 476 END
START -5540 -1976 16892 -365 264 652 END
START -5536 -1704 17116 -254 484 703 END
START -5832 -1828 17036 -90 586 677 END
START -5892 -1804 16992 -71 739 493 END
START -5920 -2020 16792 -17 704 409 END
START -5996 -2356 16700 -82 667 404 END
START -5992 -2712 16668 -73 555 567 END
START -5624 -2788 17048 -102 599 821 END
START -5528 -2756 16992 -101 596 1074 END
START -5528 -2820 17028 -221 468 1167 END
START -5532 -2868 17204 -593 350 1111 END
START -5160 -3180 17120 -942 406 1091 END
START -5128 -3636 17080 -1159 441 1146 END
START -4812 -3780 16788 -1162 445 1176 END
START -4504 -4284 16768 -1123 467 1396 END
START -4172 -4584 16840 -1113 480 1880 END
START -3796 -4968 16664 -1199 582 2575 END
START -3600 -5236 16312 -1218 868 3249 END
START -3132 -4896 16212 -914 1160 3874 END
START -2904 -4756 15688 -760 1384 4302 END
START -2884 -4784 15164 -632 1514 4588 END
START -2480 -4876 14996 -422 1436 4867 END
START -2208 -5136 14636 -336 1368 5422 END
START -2100 -5216 14616 -201 1311 6121 END
START -1896 -5224 14548 -96 1267 6867 END
START -1620 -4864 14640 -63 1377 7649 END
START -1532 -4504 14300 -203 1373 8321 END
START -1252 -4120 14080 -571 1550 8665 END
START -1164 -3988 13624 -873 1483 8950 END
START -992 -3708 13780 -1316 1281 9260 END
START -1280 -3624 13620 -1916 924 9700 END
START -1316 -3044 13604 -2286 629 10170 END
START -1752 -2352 13420 -2510 293 10587 END
START -1944 -1120 13500 -2707 -523 10688 END
START -2168 -508 12752 -1290 -1699 10510 END
START -2072 352 13080 -401 -2268 10657 END
START -2528 1496 14272 1029 -2707 10566 END
START -3000 1336 14056 5069 -3704 10604 END
START -2360 3928 14372 1570 -7030 9403 END
START -3968 3384 16192 7472 -3383 9421 END
START -3496 2988 16400 -5710 -8980 7283 END
START -4072 3904 16056 773 -1841 7764 END
START -3664 3768 14984 -3871 -5527 6069 END
START -3500 3712 16376 -2138 -4634 5633 END
START -2972 3472 15280 -2480 -5196 5236 END
START -3252 3768 16556 -2361 -6175 4954 END
START -3320 3604 16472 -1503 -6430 4830 END
START -3644 3880 17776 -2155 -6993 4479 END
START -3708 4280 17864 -1768 -6436 4102 END
START -3776 4120 17740 -1699 -6355 3610 END
START -3812 3956 17304 -725 -6006 3216 END
START -3640 3932 17176 62 -6095 2928 END
START -3504 3900 17468 636 -6217 2755 END
START -3832 3832 17876 921 -6499 2540 END
START -3912 3700 18200 952 -6689 2310 END
START -4176 3956 18740 793 -6828 2110 END
START -4132 4200 18700 1338 -6664 1904 END
START -3968 4528 19172 1782 -6469 1510 END
START -4040 4632 19440 2074 -6144 1007 END
START -3704 4864 19656 2152 -5965 446 END
START -3576 4984 19840 2070 -5898 -66 END
START -3440 5056 19668 1906 -5908 -559 END
START -3008 4936 19540 1767 -5869 -1099 END
START -3044 4608 19580 1567 -5855 -1656 END
START -2596 4204 19428 1193 -6116 -2297 END
START -2228 3720 19372 1078 -6176 -2608 END
START -2216 3456 19352 1210 -6224 -2727 END
START -2228 3192 19580 1491 -6082 -2784 END
START -2108 3480 19884 1946 -5775 -2560 END
START -2332 3812 20216 2410 -5116 -2254 END
START -2624 4104 20060 2726 -4562 -2213 END
START -2976 4580 20068 3036 -3951 -2410 END
START -3124 4872 20308 2869 -3823 -2946 END
START -3476 4684 20336 2572 -3853 -3673 END
START -3672 4392 20288 1972 -4139 -4300 END
START -3844 4048 20416 1552 -4349 -4807 END
START -3692 3912 20696 1599 -4205 -5022 END
START -3900 3816 20768 1909 -3715 -5108 END
START -3900 3776 20960 2283 -3099 -5279 END
START -3760 3860 21352 2421 -2513 -5532 END
START -3764 3736 21620 2216 -2008 -5949 END
START -3468 3720 21676 1838 -1550 -6339 END
START -3196 3644 21812 1453 -1301 -6704 END
START -3096 3468 21748 1177 -911 -7070 END
START -3024 3084 21396 785 -710 -7484 END
START -2932 2416 21080 473 -272 -7780 END
START -2728 1840 20776 191 -27 -7943 END
START -2552 1576 20776 -48 242 -7957 END
START -2444 1236 20676 -360 329 -7831 END
START -2372 1192 20940 -644 524 -7627 END
START -2544 1208 21168 -815 751 -7551 END
START -2360 1000 21412 -1126 913 -7659 END
START -2572 1424 19304 -1895 1448 -7642 END
START -2916 -432 20920 60 1983 -7905 END
START -2000 436 21524 -606 2613 -7282 END
START -1844 -84 20604 188 4198 -7044 END
START -2000 -268 21120 -448 4617 -6864 END
START -1988 -576 20656 -105 6200 -6608 END
START -2144 -928 20920 -1205 6380 -6470 END
START -2052 -824 20556 -1944 7570 -6027 END
START -3824 -2160 19404 -1019 4603 -6181 END
START -2656 -1032 20588 69 5803 -5417 END
START -2852 -1500 20084 -38 6170 -5271 END
START -3384 -1828 21476 -3738 7401 -5125 END
START -3020 -1352 18784 -1252 7588 -4647 END
START -2792 -2396 19820 -948 7647 -4699 END
START -2696 -2600 19408 -1083 7828 -4246 END
START -2672 -2724 18780 -1547 8719 -3860 END
START -2652 -2836 19140 -993 8425 -3330 END
START -2996 -2484 18344 2386 6780 -1929 END
START -2856 -1588 20492 -3348 9295 -2749 END
START -2768 -2944 18120 -1370 8576 -2226 END
START -2632 -2740 18140 -1735 9152 -1734 END
START -2888 -2488 18648 -1077 8547 -1093 END
START -2912 -2588 18448 -1528 8671 -818 END
START -2872 -2240 18640 -2255 9231 -458 END
START -2804 -2020 18220 -2669 9659 -32 END
START -1356 1236 16560 -635 8836 1761 END
START -4652 -5320 18848 -2207 6152 -647 END
START -3156 -1656 16820 -2788 8554 441 END
START -3024 -880 15792 -1455 7359 706 END
START -2872 -1884 15284 -2425 7922 320 END
START -2924 -960 15256 -1512 6981 763 END
START -2920 -2196 15192 -3220 7579 788 END
START -3136 -1556 14900 -2628 6362 1083 END
START -3116 -824 13940 -2581 5986 1357 END
START -3148 -952 13756 -2388 5257 1518 END
START -3144 -916 13508 -2605 5116 1487 END
START -2832 -988 12764 -2653 5220 1683 END
START -2988 -1008 12692 -2855 4670 1868 END
START -2932 -932 12564 -2968 4288 1856 END
START -2820 -1076 12292 -3058 3534 1801 END
START -2668 -1144 11844 -3163 2760 1914 END
START -2588 -1196 11736 -3019 2221 2064 END
START -2468 -1212 11896 -2850 1764 2289 END
START -2368 -1148 11600 -2524 1208 2614 END
START -2460 -1044 11372 -2103 809 2857 END
START -2600 -716 11388 -1609 473 3113 END
START -2808 -288 11384 -1179 272 3198 END
START -3040 -220 11484 -954 243 3221 END
START -3036 -168 11496 -772 188 3203 END
START -3088 -116 11280 -534 -115 3191 END
START -3276 -8 11328 -340 -582 3201 END
START -3312 212 11348 -110 -1181 3150 END
START -3396 308 11468 -121 -1808 3085 END
START -3516 440 11656 -342 -2494 2978 END
START -3740 752 11840 -567 -3310 2813 END
START -3856 748 12172 -689 -4119 2601 END
START -3760 792 12244 -823 -4767 2471 END
START -3704 1148 12648 -276 -5799 2363 END
START -3748 1184 13360 -870 -6524 1927 END
START -3544 1228 13516 196 -7588 1680 END
START -3428 1292 13740 706 -8022 1551 END
START -3376 672 13708 -353 -8625 697 END
START -2332 1608 14852 1275 -8224 1794 END
START 52 2400 12092 1436 -9879 150 END
START -3176 1856 10944 4418 -6867 1246 END
START -4280 -1012 12008 278 -13768 284 END
START -2188 2700 18068 3029 -6472 1485 END
START -3212 1492 15876 -1746 -8979 1032 END
START -3776 1984 17732 1137 -7574 1088 END
START -3320 2252 16224 361 -8185 1113 END
START -3936 2764 17288 848 -7898 1089 END
START -4072 3128 16740 1683 -7838 967 END
START -4204 3608 17336 2408 -7760 786 END
START -4216 3892 17492 3262 -7288 632 END
START -4528 4052 18496 3205 -7369 394 END
START -4656 4396 18920 3023 -7598 87 END
START -4964 4232 18768 2913 -8036 -195 END
START -5300 4156 19208 1840 -7172 -511 END
START -5076 4480 18564 1362 -7229 -1060 END
START -5236 4792 18832 1692 -7149 -1221 END
START -5256 4936 18900 2506 -7060 -1432 END
START -5140 5004 19400 3403 -6670 -1618 END
START -5548 4916 20260 3966 -6357 -1969 END
START -5268 4824 20716 4318 -5858 -2419 END
START -5088 4356 21280 4412 -5750 -2778 END
START -4884 3844 21856 4050 -5778 -2977 END
START -4592 3344 21924 3911 -5705 -3063 END
START -4428 3120 22436 4261 -5438 -3040 END
START -4300 3044 22852 2629 -5766 -3063 END
START -4224 2872 23272 4134 -3935 -3054 END
START -3776 2696 23244 3542 -3543 -3045 END
START -3820 2340 23172 3131 -2855 -3159 END
START -3280 1932 22952 2663 -1439 -3190 END
START -3228 1620 22324 1654 -590 -3174 END
START -2884 1156 21832 1372 97 -3127 END
START -2980 672 21840 1024 114 -3057 END
START -2260 512 21156 734 622 -3047 END
START -2304 -124 20952 1465 -894 -3035 END
START -1244 -132 20616 2473 227 -2532 END
START -1528 -920 19636 1856 -277 -2401 END
START -1252 -852 20024 2024 45 -2093 END
START -1064 -1104 19240 2057 237 -1803 END
START -1028 -1196 19432 1828 381 -1475 END
START -772 -1264 18944 1802 741 -1136 END
START -712 -1124 18844 1414 887 -741 END
START -572 -1104 18564 1247 1086 -466 END
START -344 -1180 18344 1093 1166 -239 END
START -356 -1152 17864 681 967 32 END
START -520 -960 17532 585 852 268 END
START -580 -832 17336 626 773 497 END
START -608 -520 17368 632 767 725 END
START -784 -344 17680 496 740 981 END
START -1012 168 17520 390 829 1015 END
START -1232 500 17660 234 809 991 END
START -1260 772 17440 41 852 764 END
START -1216 896 17416 -104 874 658 END
START -1300 916 17416 -352 771 581 END
START -1332 1116 17396 -703 662 549 END
START -1636 1344 17372 -987 578 477 END
START -1584 1504 17316 -1019 532 303 END
START -1664 1636 17228 -1054 400 91 END
START -1556 1632 17540 -1221 284 2 END
START -1560 1800 17500 -1484 243 -86 END
START -1532 1728 17180 -1671 202 -223 END
START -1352 1708 17552 -1716 156 -286 END
START -1308 1708 17544 -1913 108 -323 END
START -1232 1488 17320 -1992 136 -379 END
START -992 1368 17212 -1620 93 -287 END
START -948 1196 16864 -1283 -8 -95 END