START -4868 -3076 16620 1017 -133 4687 END
START -6964 1216 10356 -634 -1199 4981 END
START -4848 -1088 16208 215 -387 4929 END
START -5768 -2492 15400 1439 -234 4360 END
START -4908 -2500 15828 1253 -777 3905 END
START -4516 -2380 15592 1294 -422 3940 END
START -4540 -2752 15272 1313 -441 3834 END
START -3908 -3128 15480 1211 -923 3812 END
START -3504 -3360 15324 750 -1131 4349 END
START -3556 -3312 15176 378 -1419 5074 END
START -3592 -2804 14968 223 -1722 5559 END
START -3556 -2368 14896 145 -1795 5739 END
START -3548 -2236 14924 160 -1657 5600 END
START -3096 -2400 14880 175 -1654 5432 END
START -2944 -2764 14688 56 -1653 5659 END
START -2532 -2712 14596 -124 -1873 6178 END
START -2832 -2372 14860 -180 -2147 6746 END
START -3020 -1636 14884 -314 -2318 6976 END
START -2876 -1080 15004 -390 -2583 6976 END
START -2988 -568 15388 -292 -2665 6810 END
START -2956 -204 15284 -476 -2882 6566 END
START -2648 100 15340 -382 -3246 6304 END
START -2392 -44 14852 -81 -3580 6037 END
START -2048 -112 14824 574 -3800 5966 END
START -1780 -264 15044 1424 -4382 6217 END
START -1508 -280 11324 1192 -5404 5849 END
START -1300 360 16536 521 -10408 6205 END
START 192 2604 16636 -1804 -3506 7457 END
START -4464 232 16092 -2170 -5006 5982 END
START -2096 2184 15308 -2058 -5368 6296 END
START -2460 2064 16204 -1741 -5580 6007 END
START -2376 2176 16080 -561 -5465 6070 END
START -2368 2368 16852 -298 -5849 6039 END
START -2212 2900 17412 -174 -5604 6135 END
START -2324 3908 17576 -635 -5856 6020 END
START -2712 4912 17524 -445 -6113 5655 END
START -3168 5056 17424 -169 -6327 5185 END
START -3308 4584 17384 270 -6724 4360 END
START -3184 4608 17708 286 -6807 3860 END
START -3100 4616 17732 880 -6782 3512 END
START -3048 4652 18356 1160 -6939 3354 END
START -2980 4756 18772 1735 -7040 3347 END
START -3200 5316 19120 2054 -6999 3311 END
START -3332 5872 19364 2640 -6779 3017 END
START -3980 6020 19972 2968 -6663 2520 END
START -3824 6500 20188 2212 -6617 1706 END
START -3824 6508 20448 1913 -6185 907 END
START -3860 6548 20348 1821 -6003 140 END
START -3388 6416 20560 1923 -5683 -542 END
START -3272 6164 20624 1678 -5587 -1176 END
START -3112 5708 20920 1244 -5465 -1923 END
START -3112 5364 20504 584 -5318 -2525 END
START -3128 4792 20420 625 -4988 -2886 END
START -2604 4412 20400 1108 -4538 -3000 END
START -2448 4312 20636 1820 -3951 -2878 END
START -2436 4172 20716 2346 -3370 -2773 END
START -2572 4284 20592 2616 -3006 -3006 END
START -2428 4312 20944 2307 -2925 -3240 END
START -2584 4320 20596 1923 -2967 -3617 END
START -2652 4224 20928 1725 -3038 -4048 END
START -2756 4132 20960 1425 -2970 -4330 END
START -2928 3812 20768 1285 -2762 -4670 END
START -3040 3492 21184 1164 -2470 -5036 END
START -3412 3028 21048 1085 -2033 -5257 END
START -3600 2832 21028 1216 -1526 -5307 END
START -3876 2760 20928 1633 -1028 -5229 END
START -4108 2924 21300 2120 -366 -5182 END
START -4192 3180 21704 2303 131 -5387 END
START -4368 3232 22164 2108 433 -5806 END
START -4308 2964 22512 1454 599 -6360 END
START -4324 2460 22580 654 752 -6913 END
START -4152 1964 22752 -10 1160 -7308 END
START -3980 1464 22780 -669 1619 -7402 END
START -4128 988 21820 321 1792 -7455 END
START -4144 1172 23260 668 2915 -7397 END
START -3128 692 22336 -220 3488 -7521 END
START -3292 408 22904 -629 4487 -7488 END
START -2928 112 22392 -1663 5287 -7567 END
START -2644 -212 22164 -2656 6244 -7447 END
START -2848 40 20156 -3757 7931 -7928 END
START -2124 -988 21088 -3194 9162 -6922 END
START -2060 -1056 19364 -3703 10160 -6812 END
START -2928 -2208 19132 -3853 7991 -5460 END
START -2272 -1776 19376 -1851 7877 -5511 END
START -2464 -2192 19116 -1613 8350 -5051 END
START -2316 -1020 18220 -3158 9084 -5170 END
START -2072 -1776 18740 -1577 8902 -4652 END
START -2032 -2628 18692 -1364 8633 -4417 END
START -1796 -4168 18296 1913 7606 -2900 END
START -1672 -3492 18860 -4546 10097 -3485 END
START -2428 -2020 17984 -2629 9601 -2220 END
START -1988 -1856 17084 -2767 9727 -1939 END
START -2328 -1628 16612 -2274 9633 -1399 END
START -2488 -1516 16192 -1453 8939 -1060 END
START -2580 -1524 16084 -940 8917 -565 END
START -3152 -1308 15336 3365 6108 931 END
START -996 940 12396 506 7769 -653 END
START -3828 -4368 18116 -779 6766 -350 END
START -2588 88 14452 790 6427 -272 END
START -2680 -2936 16228 -2218 6963 -273 END
START -2968 -796 14460 -676 6039 190 END
START -2888 -940 14492 -1011 5341 244 END
START -2660 -580 13864 -1324 5091 367 END
START -2820 -744 13852 -2056 4842 362 END
START -2808 -728 13616 -1822 4739 577 END
START -2688 -436 13148 -1691 4622 755 END
START -2660 -348 12968 -1624 4256 728 END
START -2636 -544 12844 -1594 4001 647 END
START -2648 -880 12468 -1711 3610 730 END
START -2380 -1076 12040 -1879 2896 913 END
START -2092 -1152 11972 -2011 2059 1199 END
START -2064 -952 11780 -2072 1246 1441 END
START -2188 -848 11928 -1962 535 1703 END
START -2164 -536 12016 -1838 19 1832 END
START -2124 -492 11924 -1733 -319 1907 END
START -1996 -552 12224 -1574 -617 2083 END
START -2096 -660 12292 -1259 -713 2267 END
START -2140 -648 12420 -913 -809 2442 END
START -2044 -756 12456 -790 -978 2645 END
START -2296 -908 12536 -911 -1303 2850 END
START -2344 -888 12524 -907 -1717 3148 END
START -2476 -600 12736 -944 -2215 3589 END
START -2936 -284 13012 -975 -2751 3973 END
START -3072 476 13044 -1368 -3403 3957 END
START -3220 824 13000 -1179 -3875 3747 END
START -3284 1060 12860 -994 -4317 3488 END
START -3364 1012 13212 -343 -4534 3401 END
START -3328 888 13376 519 -4645 3666 END
START -3612 724 14640 2286 -5011 3704 END
START -3564 628 13828 2592 -5529 3610 END
START -4624 1100 16036 -634 -6186 769 END
START -5660 -1884 11264 6736 -4779 3381 END
START -3832 4704 20980 2620 -10302 4296 END
START -5624 -2032 16148 3134 -6078 3092 END
START -4584 2144 19660 -583 -7558 4064 END
START -3576 1832 16272 1323 -5807 3948 END
START -3564 2320 17664 -677 -6825 3420 END
START -3412 2048 17152 1218 -5690 3748 END
START -3400 2116 17460 879 -6546 3868 END
START -3876 2548 18076 1787 -5976 4237 END
START -3988 2824 18060 1787 -6035 4308 END
START -4172 3224 18672 2264 -5668 4346 END
START -4268 3700 18476 2526 -5329 4152 END
START -4440 4264 19004 2623 -5291 3822 END
START -4564 4688 19000 2716 -5568 3375 END
START -4536 4772 19092 1971 -5220 3307 END
START -4980 5088 19820 2106 -5720 2438 END
START -5008 5456 19552 1881 -5918 1872 END
START -5100 5544 19976 2071 -5721 1385 END
START -5340 5744 20288 2147 -5300 788 END
START -5456 5828 20624 1651 -5127 120 END
START -5296 5748 20448 912 -5108 -730 END
START -4904 5492 20584 580 -5065 -1305 END
START -4924 5316 20468 596 -4889 -1578 END
START -4780 5140 20508 762 -4517 -1795 END
START -4604 5028 20708 834 -3912 -2014 END
START -4560 4824 20592 980 -3435 -2212 END
START -4320 4784 20544 1129 -3110 -2391 END
START -4260 4764 20352 1060 -2871 -2723 END
START -4168 4660 20336 904 -2836 -3027 END
START -4104 4356 20300 851 -2710 -3258 END
START -3928 4000 20220 875 -2397 -3361 END
START -3696 3768 19788 988 -1973 -3401 END
START -3464 3356 19604 1219 -1661 -3347 END
START -3272 3448 19328 1321 -1468 -3237 END
START -3420 3056 19256 1294 -1081 -3328 END
START -3068 2676 18572 1686 -937 -3389 END
START -2712 2464 18760 1801 -620 -3293 END
START -2852 2040 18528 1864 -612 -3167 END
START -2548 1976 18228 2066 -527 -3099 END
START -2376 1748 18388 2075 -489 -3046 END
START -2084 1280 18472 1708 -453 -3014 END
START -1976 932 18280 1564 -294 -2942 END
START -1808 480 18288 1102 -163 -2885 END
START -1620 256 18212 885 61 -2621 END
START -1328 -156 18840 504 689 -2446 END
START -1460 -516 19088 -365 620 -2166 END
START -1496 -280 17704 -988 1349 -2514 END
START -1468 -500 18796 551 1142 -1250 END
START -1368 -1236 17752 2231 103 -1656 END
START -916 -520 19268 1709 597 -426 END
START -1296 -808 18020 2149 1218 -262 END
START -1300 -472 18716 1208 740 -130 END
START -1288 -284 18324 1256 1032 126 END
START -1404 -12 18184 504 714 154 END
START -1612 296 17892 580 1006 229 END
START -1784 540 17712 380 906 256 END
START -1904 932 17812 431 960 307 END
START -2028 1112 17592 345 1033 212 END
START -1892 1480 17640 106 1100 72 END
START -1980 1408 17460 -277 877 -152 END
START -1872 1512 17092 -562 733 -264 END
START -1852 1496 17120 -752 590 -338 END
START -1820 1632 17132 -948 498 -230 END
START -2064 1888 17044 -853 472 -210 END
START -1952 2188 17084 -934 413 -306 END
START -1844 2164 16972 -870 454 -378 END
START -1800 2160 16912 -818 432 -378 END
START -1632 2016 16784 -825 376 -300 END
START -1772 2136 16656 -596 372 -84 END
START -1728 2412 17084 -462 230 58 END
START -1828 2588 17220 -507 207 125 END
START -1952 2804 17432 -918 224 -73 END
START -1840 2896 17560 -1271 378 -331 END
START -1644 2732 17540 -1609 315 -465 END