START -3780 -1304 14612 171 -670 1428 END
START -4000 -1368 14584 223 -626 1547 END
START -3956 -1236 14452 305 -563 1721 END
START -4056 -1020 14336 557 -470 1997 END
START -3964 -784 14040 766 -315 2079 END
START -3844 -800 13748 1189 -227 2197 END
START -3864 -768 13812 1546 -444 2395 END
START -3724 -220 13688 1455 -814 2578 END
START -3796 100 13460 1312 -983 2567 END
START -3924 460 13216 1188 -1118 2490 END
START -3840 740 13312 1136 -1504 2208 END
START -4444 172 13256 3824 -1923 2470 END
START -4004 320 12492 2648 -4093 2347 END
START -4220 4 14176 3663 -5398 1502 END
START -4516 200 17288 -1617 -4682 -459 END
START 3916 3920 11348 1495 -7396 3882 END
START -10048 -4000 25320 7109 -5901 2269 END
START -724 -1468 8784 307 -5252 1629 END
START -4408 428 19192 -720 -3832 1864 END
START -3520 176 15444 542 -3983 2145 END
START -3864 376 16008 600 -4510 2163 END
START -4244 636 16576 959 -4290 2010 END
START -4196 668 16828 996 -4111 1764 END
START -4776 492 17184 731 -4532 1680 END
START -4692 584 17268 846 -4506 1609 END
START -4752 756 17720 927 -4529 1607 END
START -4980 880 17896 1131 -4497 1510 END
START -4864 1224 18260 1594 -4438 1428 END
START -4700 1280 18744 1823 -4188 1384 END
START -4716 1552 19560 1201 -4213 1346 END
START -5044 1272 19372 350 -4196 1003 END
START -4940 1092 18860 271 -4437 520 END
START -4832 788 18624 543 -4726 353 END
START -4768 608 18668 934 -4948 360 END
START -4872 576 18872 1159 -5168 461 END
START -5076 548 19396 1297 -5174 640 END
START -5188 492 19472 1222 -5149 782 END
START -5072 560 19860 1260 -4859 944 END
START -5140 836 20392 1136 -4556 1231 END
START -5352 1188 20124 921 -4355 1315 END
START -5288 1336 20348 946 -4154 1215 END
START -5160 1608 20488 815 -3846 1143 END
START -5360 1840 20400 758 -3653 965 END
START -5008 2120 20352 846 -3501 700 END
START -4976 2124 20140 789 -3302 397 END
START -4916 2256 19988 634 -3155 -1 END
START -4964 1956 19780 464 -3185 -526 END
START -4980 1552 19668 418 -3274 -1086 END
START -4876 996 19464 270 -3170 -1326 END
START -4748 588 19272 222 -3085 -1205 END
START -4596 628 19416 412 -2810 -880 END
START -4512 836 19720 738 -2404 -495 END
START -4660 1092 19612 1019 -1931 -213 END
START -4680 1616 19876 1169 -1608 -151 END
START -4736 2168 19956 1205 -1344 -269 END
START -4812 2376 20148 1223 -1287 -604 END
START -4768 2508 20144 1178 -1061 -1041 END
START -4588 2524 20288 959 -831 -1472 END
START -4304 2412 20316 632 -643 -1828 END
START -4088 2324 20112 388 -543 -2101 END
START -3788 2404 19924 255 -537 -2337 END
START -3640 2224 20072 241 -484 -2375 END
START -3612 2388 20556 40 -194 -2302 END
START -3588 2880 20336 -85 343 -2217 END
START -3596 3440 19972 -1847 -184 -2340 END
START -3772 3604 18828 1136 2074 -2070 END
START -3832 4244 18488 1778 2075 -2211 END
START -3856 4728 18520 2670 2107 -2761 END
START -3988 4904 18344 3033 2383 -3442 END
START -4176 4828 18288 2730 2016 -4106 END
START -4016 4576 18280 1997 1434 -4905 END
START -3912 4184 17784 1326 1038 -5553 END
START -3888 3924 17884 830 532 -5917 END
START -3728 3644 17512 668 207 -6108 END
START -3688 3820 18096 -220 1257 -6441 END
START -3688 3824 17416 -737 2091 -6520 END
START -4240 4148 18708 -793 3005 -6835 END
START -6452 1508 17760 996 356 -7782 END
START -4452 3360 18984 1461 1133 -7598 END
START -4320 2908 17968 1334 1438 -7990 END
START -4492 2196 18952 1053 1155 -8263 END
START -4316 1452 19276 -305 1505 -8406 END
START -4068 840 18872 -1184 2170 -8156 END
START -4024 96 18756 -1676 3229 -7654 END
START -4288 -64 17888 1332 4594 -6634 END
START -4288 668 17848 2955 3952 -6304 END
START -4648 -252 18808 2335 3990 -6622 END
START -4804 -1140 19244 2859 3827 -6551 END
START -4344 -996 18908 3141 3966 -6203 END
START -3984 -1476 18816 3134 4718 -6062 END
START -3764 -3840 18856 -2746 9234 -7676 END
START -3960 -3356 18704 5982 4829 -4680 END
START -3724 -2604 19608 5887 5489 -4050 END
START -4280 -2216 20480 5009 5633 -3467 END
START -4824 -1700 20500 3306 5739 -3625 END
START -5156 -1468 20068 1758 5914 -4114 END
START -5040 -1588 19652 869 6147 -4296 END
START -4408 -2344 18672 407 6156 -3391 END
START -5984 -6184 19192 4226 1657 -3649 END
START -2812 -15768 16008 -1113 6885 -2668 END
START -4704 -1808 20004 -813 2408 -3270 END
START -4276 -1928 19216 -747 5561 -3168 END
START -3900 -2412 18444 -660 5683 -2829 END
START -3736 -2740 17936 -1270 5465 -2401 END
START -3556 -2908 17764 -1773 5070 -1651 END
START -4392 -4576 18292 -1556 4275 -880 END
START -3488 -3372 16496 -2983 4382 -395 END
START -3868 -2892 16336 -3193 4023 305 END
START -3768 -2672 16108 -3960 3636 579 END
START -3668 -2776 16116 -4856 3589 781 END
START -3396 -3076 15684 -5426 3348 1120 END
START -3100 -2980 15300 -5652 3071 1562 END
START -3052 -2984 15352 -5704 2776 2070 END
START -2792 -3044 15384 -5782 2695 2695 END
START -2940 -2956 15344 -5766 2726 3215 END
START -2800 -2936 15128 -5655 2705 3715 END
START -2600 -2692 14936 -5428 2646 4236 END
START -2584 -2716 14796 -5063 2472 4676 END
START -2436 -2716 14608 -4708 2265 5122 END
START -2492 -2736 14804 -4369 2243 5679 END
START -2452 -2492 14656 -4116 2164 6284 END
START -2644 -2184 14604 -4075 2003 6939 END
START -2684 -1788 14652 -4236 1716 7437 END
START -2976 -1564 14284 -4429 1362 7761 END
START -2812 -1224 14116 -4494 1030 8083 END
START -2904 -836 13876 -4356 745 8392 END
START -2736 -520 13576 -4099 366 8697 END
START -2804 -360 13256 -3714 52 8870 END
START -2872 -104 13308 -3315 -420 8930 END
START -2936 -260 13588 -3229 -937 8779 END
START -2804 -312 13784 -3342 -1419 8804 END
START -2612 -208 13956 -3716 -1844 9076 END
START -2728 -136 13952 -3992 -2212 9444 END
START -2944 440 14096 -3963 -2509 10011 END
START -3192 1028 14180 -3644 -2765 10545 END
START -3684 1864 14248 -3232 -2978 10696 END
START -4276 2700 14424 -2739 -3119 10456 END
START -4960 3328 14980 -2394 -3221 9840 END
START -5480 3616 14960 -2018 -3129 9032 END
START -5776 3908 15284 -1888 -3115 8433 END
START -6132 4220 15336 -1420 -2838 8044 END
START -6636 4556 15440 -1303 -2879 7772 END
START -7360 5228 16372 -1150 -3035 7430 END
START -7880 5968 16732 -934 -3021 6986 END
START -8472 6136 16464 -248 -3386 6186 END
START -8812 6824 16692 192 -2921 4701 END
START -8604 6292 16688 513 -2724 3795 END
START -9608 5452 17032 869 -2831 2030 END
START -8336 5588 17364 1006 -2464 1631 END
START -8388 5032 17640 794 -2597 1072 END
START -7936 4456 17908 576 -2341 824 END
START -7700 4324 18300 321 -2303 799 END
START -7640 4076 18240 257 -2197 506 END
START -7604 3880 18392 214 -2015 64 END
START -7372 3228 18604 76 -1815 -249 END
START -6828 2836 18488 -45 -1579 -383 END
START -6668 2288 18828 -18 -1296 -294 END
START -6388 2024 18668 7 -1094 -147 END
START -6260 1748 18880 155 -734 33 END
START -6064 1728 18756 112 -448 126 END
START -6148 1528 18756 64 -51 122 END
START -6148 1304 18608 -128 159 69 END
START -5832 1236 18348 -278 505 125 END
START -5656 940 17788 -491 652 231 END
START -5712 812 17740 -550 915 384 END