START -4420 -1904 16436 690 228 2328 END
START -6216 1472 12136 -825 -493 2404 END
START -6576 -3804 16592 -296 82 2008 END
START -4180 -796 14172 344 76 1949 END
START -3452 -612 13780 284 -378 1462 END
START -2956 -1152 13296 688 -660 1107 END
START -2712 -1772 13172 590 -636 1118 END
START -2524 -2088 13124 211 -666 1205 END
START -2212 -2516 12548 -323 -1195 1257 END
START -1816 -3004 11972 -501 -1915 1570 END
START -1788 -2948 11856 110 -2331 2397 END
START -2104 -2392 11964 1346 -2608 3357 END
START -2516 -1312 12992 2295 -3299 4044 END
START -3116 -368 13176 3040 -2931 4428 END
START -3316 892 13384 2971 -3074 4235 END
START -3844 2048 13956 2509 -2757 3727 END
START -3080 3484 13716 3012 -3741 4663 END
START -4500 2628 15064 5232 -5907 1822 END
START -92 2296 6380 6369 -8072 3530 END
START -3256 2816 13080 -1622 -9400 1243 END
START -2736 2836 4676 7827 -3336 -116 END
START -6872 -1284 12756 -1739 -12395 -3046 END
START -4096 1332 17476 2529 -3920 38 END
START -3188 536 14708 -888 -8777 -863 END
START -2980 1008 16896 1581 -6834 -497 END
START -2476 736 15736 641 -7838 -610 END
START -2736 844 17732 1146 -7620 -743 END
START -2796 252 16592 1344 -7625 -937 END
START -2788 116 17960 1730 -7535 -804 END
START -2836 -364 18080 2351 -6976 -349 END
START -3292 -476 18932 2574 -6666 -21 END
START -3512 -460 18864 3104 -5884 375 END
START -4104 -548 19200 3066 -6037 754 END
START -4152 -248 19404 3728 -6000 1279 END
START -4612 168 20096 4098 -6104 1577 END
START -4956 652 20628 4144 -5729 1802 END
START -5424 964 21492 3992 -5251 1854 END
START -5508 1420 21816 3744 -4987 1833 END
START -6040 1604 22124 3242 -4814 1537 END
START -6280 1788 21980 2485 -4944 1107 END
START -6268 1912 22116 1778 -5084 695 END
START -6276 1920 22372 1428 -5403 318 END
START -6252 1800 22752 1279 -5480 11 END
START -6272 1692 23264 904 -5266 -253 END
START -6072 1660 23536 567 -4732 -346 END
START -5700 1740 23484 456 -4022 -468 END
START -5548 1768 23316 563 -3303 -495 END
START -5300 1800 23120 458 -2722 -572 END
START -4952 1852 23004 -142 -2359 -730 END
START -4700 1880 22488 -448 -1938 -922 END
START -4336 1888 22000 -719 -1642 -1051 END
START -4092 1796 21228 -689 -1153 -1148 END
START -3508 1700 20620 -535 -663 -1164 END
START -3376 1620 19948 -222 -268 -1066 END
START -2992 1716 19600 -189 -209 -1106 END
START -2812 1856 19324 -231 142 -1327 END
START -2628 1944 18952 -402 43 -1586 END
START -2276 2104 18392 -249 221 -1768 END
START -2156 2004 18136 -209 52 -1934 END
START -1968 2384 17916 -152 -72 -2028 END
START -2100 2636 18148 -153 -355 -2271 END
START -1952 2668 18180 -226 -403 -2580 END
START -2000 2636 17928 -597 -545 -2809 END
START -2092 2424 17556 -321 -570 -2857 END
START -2128 2872 17756 85 -538 -2886 END
START -2280 3140 17772 258 -449 -2992 END
START -2496 3432 18220 475 -379 -3189 END
START -2924 3780 18420 471 -300 -3461 END
START -3304 3948 18432 349 -267 -3987 END
START -3352 3952 18396 186 -136 -4547 END
START -3588 4004 18420 -133 161 -5059 END
START -3844 3840 18396 -472 824 -5554 END
START -3960 3668 18736 -995 1068 -6104 END
START -4096 3500 19216 -1352 1080 -6673 END
START -4444 3260 19532 -1696 991 -7150 END
START -5224 2352 19124 -614 -427 -7993 END
START -4052 2560 20448 -496 590 -7911 END
START -4252 1624 19720 -466 907 -8213 END
START -4040 1316 20740 -759 1003 -8332 END
START -3836 696 20496 -421 1507 -8362 END
START -3524 220 20684 -374 1899 -8276 END
START -3368 -56 20680 -295 2372 -7878 END
START -3516 -792 21680 -1971 3020 -7850 END
START -3432 -1348 21188 -3781 4204 -7360 END
START -3464 -1268 19228 -1865 5310 -6739 END
START -3844 -1188 21216 -1997 4762 -7131 END
START -3792 -1664 21176 -1278 5791 -6817 END
START -3780 -1272 20488 -1406 5608 -6693 END
START -3836 -1708 20300 -619 5485 -6539 END
START -3612 -1908 20104 -421 5920 -6335 END
START -3196 -1852 20032 -271 6418 -6121 END
START -2620 -2332 19564 -826 7226 -5820 END
START -3568 1976 23524 -5196 11608 -6520 END
START -3356 -2876 17516 -2448 7519 -4968 END
START -3064 -3224 18228 -1464 7479 -4234 END
START -3504 -3336 18404 -746 7552 -3674 END
START -3308 -3620 18116 -1025 7462 -3488 END
START -2880 -4600 17288 -1401 7656 -2594 END
START -2176 -456 14296 2093 1991 -3329 END
START 40 -23252 17160 -3907 8448 -488 END
START -3652 -1868 15880 -4894 3995 -1715 END
START -2796 -3568 17216 -1640 7210 -1047 END
START -2332 -3636 16192 -1422 6163 -754 END
START -2440 -4028 16484 -1750 4911 -661 END
START -2004 -4232 16444 -2249 4460 30 END
START -2856 -6588 17568 -2143 3470 619 END
START -2004 -4056 17228 -3308 2716 802 END
START -1488 -4664 15496 -2794 2934 1453 END
START -1296 -5224 15288 -3074 3749 2074 END
START -884 -5500 15268 -3252 3606 2553 END
START -444 -5744 15116 -3575 3411 3183 END
START -116 -6220 14952 -3733 3219 3980 END
START 156 -6536 14568 -3764 3194 4911 END
START 240 -6648 14180 -3584 3067 5987 END
START 356 -6740 14208 -3244 2902 7094 END
START 152 -6580 14080 -2964 2826 8217 END
START -4 -5980 14220 -2814 2647 9238 END
START -172 -5512 13924 -2682 2540 10059 END
START -408 -5056 13860 -2443 2221 10748 END
START -832 -4428 13904 -2348 1983 11334 END
START -1152 -3780 14216 -2440 1743 11785 END
START -1660 -3068 14376 -2673 1395 12360 END
START -2052 -2192 14516 -3000 903 12915 END
START -2560 -1144 14584 -3485 380 13240 END
START -3104 -180 14724 -3904 -50 13274 END
START -3388 848 14880 -4321 -568 12961 END
START -3740 1352 14872 -4913 -1081 12394 END
START -3792 1680 14960 -5615 -1727 11861 END
START -4072 1968 15004 -6078 -2189 11599 END
START -4364 2596 15260 -5930 -2661 11555 END
START -5040 3776 14884 -5437 -2646 11159 END
START -5508 4620 14816 -4355 -2391 10139 END
START -5788 5100 14944 -3200 -2241 8775 END
START -6080 4640 15340 -2439 -2314 7421 END
START -5908 4132 15624 -2194 -2383 6425 END
START -6056 3680 15668 -2307 -2414 5833 END
START -6184 3324 15940 -2166 -2595 5483 END
START -6964 3220 16792 -48 -2940 5662 END
START -6400 3732 16068 -1157 -3398 5167 END
START -6636 4004 16840 -438 -2618 5234 END
START -8176 2932 18212 -555 -3257 3351 END
START -6652 3772 15316 1984 -1217 4337 END
START -7312 4400 17808 1315 -2331 3420 END
START -7084 4224 17568 2132 -637 3016 END
START -6984 3588 17572 1063 -1135 2353 END
START -6912 2976 17692 1488 -509 2368 END
START -6764 2764 17456 1208 -505 2538 END
START -6988 2880 17904 1395 -410 2735 END
START -7088 3100 17996 1355 -531 2692 END
START -6780 3256 17784 1136 -441 2520 END
START -6456 3016 18056 867 -202 2361 END