START -3624 -1180 15188 373 704 1195 END
START -4912 2044 9324 -886 -32 1209 END
START -7532 -4340 15776 -187 1016 647 END
START -3036 -1608 13976 572 960 1269 END
START -3132 -1708 14196 689 305 1698 END
START -3092 -1848 13836 1034 -78 2210 END
START -3292 -1500 14208 802 -365 2696 END
START -3296 -1088 14116 821 -794 2961 END
START -3156 -416 13944 608 -1013 3109 END
START -3244 -64 14000 709 -1265 3144 END
START -3180 260 14252 604 -1353 3061 END
START -3052 764 14396 387 -1626 2884 END
START -3440 1060 14144 290 -1632 2569 END
START -3268 1284 14008 642 -1677 1988 END
START -3436 904 14764 3216 -2060 1783 END
START -2620 948 12100 2072 -3718 1561 END
START -2784 1052 13660 6364 -2801 3594 END
START -2620 2064 18476 -4478 -10435 -2264 END
START -1268 1648 4004 8095 -816 1017 END
START -7772 -4480 13856 -4063 -12710 -2185 END
START -2232 1424 16864 1533 -1529 1614 END
START -2896 -8 13256 -3574 -7684 -44 END
START -3472 340 15836 531 -5501 420 END
START -2904 32 14316 -659 -7555 411 END
START -3640 204 16264 1445 -6917 693 END
START -3380 -32 15992 834 -8058 669 END
START -3724 212 17284 1619 -7793 893 END
START -3756 288 17324 1616 -8084 1089 END
START -4052 544 18048 2271 -7975 1354 END
START -4176 1108 18732 2895 -7872 1504 END
START -4744 1716 19628 2943 -7562 1407 END
START -4904 1920 20208 2851 -7079 996 END
START -5056 2292 20760 2450 -6788 645 END
START -5372 2140 20748 2318 -6602 244 END
START -5452 2184 21108 1830 -6562 -102 END
START -5068 2008 21500 1609 -6208 -380 END
START -5236 2016 21680 1375 -6003 -477 END
START -4980 1944 21708 1291 -5688 -659 END
START -4816 1852 21792 1050 -5445 -833 END
START -4540 1496 21880 797 -5204 -888 END
START -4488 1712 22132 504 -4921 -992 END
START -4476 1708 21860 222 -4640 -1222 END
START -4476 1456 21808 168 -4401 -1474 END
START -4436 1256 21900 -73 -4014 -1621 END
START -4272 716 21524 -223 -3654 -1679 END
START -4104 436 21344 -149 -3171 -1471 END
START -3856 276 20856 176 -2744 -1053 END
START -3772 328 20524 557 -2274 -694 END
START -3548 504 20696 735 -2033 -487 END
START -3628 604 20524 661 -1822 -387 END
START -3296 676 20252 567 -1650 -309 END
START -3196 808 20076 510 -1465 -329 END
START -3048 856 20228 473 -1193 -326 END
START -2728 868 20048 440 -872 -323 END
START -2636 820 19620 345 -419 -271 END
START -2484 860 19344 332 -85 -174 END
START -2292 972 19084 281 174 -62 END
START -2172 1268 18688 351 322 -13 END
START -1992 1692 18484 669 470 -29 END
START -1912 1920 18624 631 518 -220 END
START -1880 2172 18664 490 478 -524 END
START -1720 2084 18392 154 435 -809 END
START -1728 2160 18060 -73 408 -982 END
START -1760 2344 17972 -191 284 -1080 END
START -1728 2652 17892 -418 78 -1371 END
START -1604 2900 17776 -256 -37 -1744 END
START -1580 3068 18044 -629 -200 -2130 END
START -1440 3128 17780 -539 -236 -2437 END
START -1456 3152 17728 -689 -332 -2733 END
START -1664 3356 17888 -751 -371 -2992 END
START -1544 3456 17624 -552 -549 -3240 END
START -1584 3244 17844 -687 -652 -3551 END
START -1804 3484 17812 -720 -677 -3836 END
START -1932 3452 17856 -751 -439 -4172 END
START -2100 3328 17764 -552 -208 -4483 END
START -2312 3264 17772 -156 -171 -4740 END
START -2492 3232 17916 105 -171 -4969 END
START -2736 3320 18252 258 -189 -5190 END
START -3124 3344 18524 140 -227 -5528 END
START -3260 3300 18880 -208 97 -5854 END
START -3724 3192 19156 -838 373 -6142 END
START -3660 3204 19120 -1299 1039 -6582 END
START -3864 3108 19392 -1607 1423 -7118 END
START -3876 2784 19872 -1892 1691 -7590 END
START -4168 2600 19824 -1400 -363 -7899 END
START -3872 1812 20196 -327 382 -8409 END
START -3532 1188 19912 -592 513 -8344 END
START -3980 600 20868 99 1185 -8136 END
START -3760 180 20744 478 1805 -8190 END
START -3652 -348 21208 528 2403 -8043 END
START -3152 -600 21248 150 3110 -7649 END
START -3496 -1628 21808 -2309 3915 -7821 END
START -3232 -2600 20592 -3402 6010 -7177 END
START -2800 -2292 18660 -1482 6156 -6794 END
START -2756 -2168 19580 -646 5068 -6435 END
START -3256 -3132 20988 -596 6123 -5994 END
START -2840 -2948 19840 151 6268 -5621 END
START -2836 -3144 20032 326 6147 -5336 END
START -2444 -3396 19824 279 6640 -4845 END
START -2324 -3700 19520 1379 6120 -3925 END
START -2564 -4232 19972 -423 7767 -3666 END
START -1820 -2224 16768 -6878 14916 -5670 END
START -2456 -4108 17896 -1755 8226 -2999 END
START -2380 -3708 17868 -1520 7275 -2675 END
START -2408 -3612 17944 -699 7910 -2150 END
START -2260 -3848 17792 -338 7333 -1816 END
START -2352 -3976 17760 -364 7077 -1448 END
START -2112 -4088 17732 -691 7126 -816 END
START -2036 -4648 17072 -1432 7826 60 END
START -6044 -1268 24436 7496 -5288 -450 END
START -1644 -4552 16052 -3696 10353 852 END
START -2120 -4128 15388 -1258 3730 322 END
START -1848 -4496 16048 -1937 5791 1207 END
START -1568 -4440 15688 -1260 6007 1794 END
START -1408 -4476 15488 -1154 5422 2509 END
START -1496 -4468 15760 -1575 4858 3186 END
START -1176 -4308 15552 -2256 4767 3662 END
START -1332 -4388 15784 -2171 4000 4395 END
START -964 -4216 14904 -2583 3983 4959 END
START -1212 -5104 14676 -2174 3385 5566 END
START -168 -3800 13856 -2040 2982 6360 END
START -724 -4584 14208 -2368 2477 6876 END
START -868 -3708 13968 -2238 1579 7802 END
START -992 -3476 13704 -2633 1938 8669 END
START -1500 -2608 14104 -2386 1651 9399 END
START -2008 -1380 14148 -2179 1541 9828 END
START -2520 -612 14408 -2059 1428 9789 END
START -2880 20 14388 -2144 1186 9402 END
START -2844 308 14232 -2399 939 8878 END
START -2912 268 14304 -2858 618 8287 END
START -2680 44 14112 -3207 128 7899 END
START -2556 -156 13928 -3507 -325 7895 END
START -2956 4 13784 -3666 -862 8216 END
START -3092 872 13876 -3690 -1379 8577 END
START -3624 1580 13956 -3261 -1729 8754 END
START -4368 2852 14256 -2992 -1968 8627 END
START -4868 3804 14748 -2721 -2137 7864 END
START -5264 4108 14800 -2440 -1994 6776 END
START -5472 4116 15084 -2159 -1963 5917 END
START -5500 4000 15120 -1656 -1897 5306 END
START -5660 4084 15400 -1258 -1853 4959 END
START -5808 4256 15748 -986 -1943 4715 END
START -6528 4120 16032 1324 -2162 4616 END
START -6588 4272 15316 -426 -3633 3701 END
START -6312 4836 15888 163 -3503 3891 END
START -8476 2908 18020 1093 -2638 1455 END
START -6420 4348 14760 -7 -3592 2186 END
START -7288 5012 18552 -161 -3302 1679 END
START -6676 4368 16796 559 -2426 1486 END
START -6920 4144 18420 -729 -2705 868 END
START -6572 3592 17496 128 -1785 796 END
START -6656 3184 17668 -90 -2119 683 END
START -6432 3016 17672 726 -1714 925 END
START -6696 2740 18328 233 -2112 638 END
START -6596 2968 18328 430 -1792 788 END
START -6540 2816 18556 129 -1677 434 END
START -6480 2580 18832 234 -1340 193 END
START -6232 2296 19240 105 -1028 10 END