START -3752 -760 14824 1044 -899 2358 END
START -5292 2172 12016 -440 -1868 2600 END
START -2640 1768 13612 565 -1326 2107 END
START -4688 344 13556 1881 -717 1413 END
START -4544 364 14140 1591 -1174 403 END
START -4208 84 13764 1467 -1399 -391 END
START -3964 -968 13308 906 -1578 -959 END
START -3744 -1664 13192 656 -1959 -1014 END
START -3332 -2184 12820 623 -2574 -817 END
START -3124 -2360 13100 927 -3193 -443 END
START -2728 -2368 13424 1075 -3431 261 END
START -2784 -2060 13880 1383 -3668 929 END
START -2652 -1524 14292 1633 -3982 1280 END
START -2576 -1084 15092 2115 -4272 1573 END
START -2620 -616 15288 2803 -4453 1739 END
START -2672 -444 15612 3715 -4608 1564 END
START -2424 -216 15856 5095 -4971 1534 END
START -2052 192 11792 4825 -5774 1111 END
START -3420 -732 14116 2879 -8928 201 END
START -3436 -296 18776 2522 -4597 -16 END
START -2164 1176 16868 611 -3851 591 END
START -3272 324 16788 854 -4549 283 END
START -3316 1324 16168 909 -4657 -142 END
START -3072 1328 16232 1138 -4568 -391 END
START -3428 1236 16488 904 -4947 -638 END
START -3768 1244 16520 822 -5128 -1097 END
START -4080 852 16544 249 -5778 -1815 END
START -4220 264 16520 272 -6519 -2502 END
START -3772 -272 16712 90 -6918 -2686 END
START -3944 -636 17072 225 -7011 -2450 END
START -3732 -732 17624 258 -7137 -2083 END
START -4080 -812 17936 581 -7016 -1803 END
START -4172 -828 18272 1096 -7074 -1727 END
START -4320 -1008 18956 1658 -6890 -1373 END
START -4728 -936 19544 2158 -6526 -1069 END
START -4828 -780 20428 2604 -5928 -829 END
START -5020 -716 21124 2921 -5367 -655 END
START -5020 -692 21580 2960 -5055 -556 END
START -4976 -600 22296 2631 -4777 -479 END
START -5192 -724 22668 1925 -4778 -457 END
START -5052 -816 22588 1430 -4651 -499 END
START -4776 -896 22584 1195 -4592 -404 END
START -4596 -840 22920 1204 -4219 -104 END
START -4560 -604 23508 1009 -3669 132 END
START -4528 -504 23304 645 -3108 196 END
START -4628 -328 23036 343 -2481 216 END
START -4276 -328 22572 247 -1873 39 END
START -3900 -420 22240 243 -1428 -23 END
START -3668 -340 21832 106 -1093 -36 END
START -3472 -328 21244 -63 -756 -100 END
START -3280 -228 20704 -184 -432 -143 END
START -3216 -328 20104 -212 -206 -248 END
START -2896 -276 19656 -190 -26 -385 END
START -2616 -316 19008 -236 -4 -412 END
START -2396 -340 18768 -287 -10 -355 END
START -2276 -244 18396 -357 -63 -252 END
START -2208 -32 18220 -486 -200 -118 END
START -2288 432 17928 -521 -254 -164 END
START -2060 772 17840 -357 -255 -265 END
START -2064 1124 17924 -219 -154 -384 END
START -1904 1384 18200 -216 -86 -541 END
START -1840 1648 18120 -428 85 -686 END
START -1952 1836 17892 -557 208 -969 END
START -2012 1872 17624 -521 120 -1254 END
START -2004 2100 17508 -491 -95 -1541 END
START -2032 2176 17868 -442 -218 -1796 END
START -2172 2280 18012 -590 -252 -1981 END
START -2272 2504 18184 -548 -153 -2200 END
START -2544 2780 18648 -838 -156 -2568 END
START -2572 2856 18364 -632 101 -2902 END
START -2668 2940 18516 -569 96 -3283 END
START -2728 2928 18332 -474 163 -3517 END
START -2824 2756 18460 -271 131 -3823 END
START -3144 2832 18696 -101 66 -4191 END
START -3032 2656 18788 -287 11 -4642 END
START -3040 2348 18852 -575 10 -5099 END
START -2776 2488 18304 -760 181 -5251 END
START -2800 1948 18596 350 456 -5433 END
START -2660 1656 18968 81 519 -5528 END
START -2944 1532 18832 631 865 -5669 END
START -2948 1424 19140 534 768 -5923 END
START -2896 1072 19120 581 991 -6191 END
START -3008 640 19268 249 1165 -6520 END
START -2896 72 19308 -198 1620 -6600 END
START -3148 -692 20140 -1253 2731 -6894 END
START -2908 -784 19684 -1229 3449 -6324 END
START -3320 -1412 19700 -1593 4112 -6388 END
START -4596 -2128 19892 586 1143 -5953 END
START -3128 -2048 19672 603 2397 -5590 END
START -3512 -2344 20052 1148 3051 -5199 END
START -3236 -2436 20116 1187 3480 -4776 END
START -3476 -2400 20660 584 3981 -4472 END
START -3384 -2428 20056 -468 4406 -4196 END
START -3508 -2700 20408 -982 5068 -4242 END
START -3120 -2544 20124 279 5518 -3850 END
START -3244 -3132 20300 -796 5482 -3831 END
START -3240 -2580 19836 -659 5845 -3276 END
START -3176 -2556 20036 -3157 5898 -3864 END
START -3344 -2860 20012 -2617 6345 -3559 END
START -2796 -2996 18712 -1028 5254 -3344 END
START -2588 -3232 18748 -1820 5910 -3203 END
START -2656 -3256 18080 664 5454 -2140 END
START -3116 -6256 21720 -5079 7940 -3534 END
START -3240 -3284 18276 -1554 7153 -1944 END
START -2984 -2928 17552 -489 6216 -1787 END
START -3196 -2868 17548 -670 6241 -1473 END
START -3300 -2700 17460 -896 5700 -1486 END
START -3488 -2892 17268 -1424 5409 -1548 END
START -3508 -3244 16940 -1570 5247 -1417 END
START -3376 -3516 17032 -1720 5224 -1080 END
START -3044 -3748 16752 -2029 5259 -552 END
START -6052 -10540 20308 -1496 2881 -1060 END
START -1724 -10368 18856 -5744 4 -923 END
START -3532 -5164 18616 -1675 4074 -77 END
START -1852 -4880 15152 -2468 4840 512 END
START -2124 -5252 16036 -2726 4158 1048 END
START -2044 -5568 16136 -2732 4414 1826 END
START -1852 -5716 15996 -2861 4615 2599 END
START -2100 -5900 15728 -2969 4474 3454 END
START -1976 -5724 14992 -2931 4214 4415 END
START -1920 -5488 14516 -2822 3708 5171 END
START -1300 -4912 13392 -1992 3064 6267 END
START -2040 -5112 13592 -3007 3573 6460 END
START -2388 -4764 14436 -2643 2898 7180 END
START -2308 -4384 13976 -2721 2655 7661 END
START -2716 -3952 13884 -2765 2263 8004 END
START -2924 -3756 13952 -2776 1790 8296 END
START -3016 -3432 13784 -3025 1471 8514 END
START -3140 -2880 13860 -3168 923 8763 END
START -3292 -2488 13636 -3310 332 8929 END
START -3328 -2076 13996 -3275 -75 8975 END
START -3244 -1900 14136 -2980 -342 9093 END
START -2988 -1552 14244 -2625 -420 9215 END
START -3252 -1252 14448 -2394 -542 9218 END
START -3148 -900 14624 -2390 -715 9241 END
START -3260 -844 14512 -2579 -948 9154 END
START -3068 -664 14692 -3052 -1401 9058 END
START -2964 -520 14532 -3489 -2008 9077 END
START -2968 -4 14684 -3907 -2691 9172 END
START -3056 632 14560 -4095 -3292 9151 END
START -3520 1268 14780 -3855 -3820 8902 END
START -3660 1828 15020 -3404 -4189 8499 END
START -3856 2316 15208 -3166 -4192 7782 END
START -4212 2336 15132 -2716 -4323 6704 END
START -4148 2144 15480 -2554 -4417 5816 END
START -4356 1700 15728 -2475 -4556 5316 END
START -4356 1528 15676 -2322 -4639 4920 END
START -4524 1340 15836 -1921 -4531 4788 END
START -4448 1532 16088 -1504 -4427 4906 END
START -4900 1772 16348 -847 -4343 4926 END
START -5364 1996 16616 -91 -4273 4825 END
START -5672 2552 16680 787 -4024 4669 END
START -6148 2860 16980 1636 -3634 4459 END
START -6440 3092 17596 2306 -3425 4187 END
START -6628 3412 17556 3031 -3040 3951 END
START -6856 3496 17792 3544 -2634 3506 END
START -7776 2880 18064 2504 -2830 2669 END
START -7408 3112 18156 176 -1558 2742 END
START -7292 3948 19152 374 -1857 1812 END
START -7812 4300 19408 1171 -2170 1411 END
START -8368 3212 19164 -112 -2525 2020 END
START -7828 2828 18580 572 -1985 123 END
START -6764 2968 19724 466 -1630 -104 END
START -6660 2468 19812 331 -1215 -577 END
START -6404 1928 19736 379 -783 -872 END
START -6064 1660 19872 527 -306 -1056 END
START -5788 1292 20080 296 64 -1285 END
START -5640 876 19976 -51 524 -1482 END