START -4508 -936 15916 1175 216 1583 END
START -1880 4896 8736 1707 -2146 2504 END
START -5312 -1932 18156 1042 -1028 2081 END
START -4892 -568 14716 1363 404 1897 END
START -4956 -492 15592 883 -595 1936 END
START -4756 -300 14980 467 -253 1868 END
START -5056 -212 14892 689 -211 1681 END
START -5148 -272 14568 1210 -311 1258 END
START -5004 -340 14812 1493 -646 867 END
START -4352 -552 14808 1422 -1020 758 END
START -3964 -656 15176 1142 -1613 932 END
START -4068 -592 15308 557 -2048 1151 END
START -4156 -432 15300 459 -2330 1406 END
START -4256 -120 15556 693 -2300 1489 END
START -4032 52 15920 694 -2017 1414 END
START -3792 -28 16364 1204 -1582 1426 END
START -3384 -240 15924 1477 -1811 1452 END
START -2980 -184 15788 947 -2348 1353 END
START -3188 -284 16032 538 -2410 1418 END
START -2984 -396 15280 397 -2635 1353 END
START -2512 152 15388 1817 -2079 2146 END
START -2916 472 15372 2420 -2889 2326 END
START -2808 836 15372 3693 -2886 2535 END
START -2728 2976 18072 1392 -5368 2402 END
START -4024 1036 14976 2778 -4525 1745 END
START -3332 2116 17052 -161 -3889 1275 END
START -3604 1532 15904 -984 -3524 777 END
START -3128 1240 14628 -998 -4408 335 END
START -3324 1208 15528 -1602 -5100 -168 END
START -3096 768 15040 -1080 -5418 -190 END
START -2964 572 15484 -633 -5919 -73 END
START -3144 584 16168 -179 -6142 192 END
START -3176 696 16336 194 -6360 401 END
START -3256 972 16792 535 -6186 440 END
START -3492 1052 17296 789 -6155 359 END
START -3660 1168 17604 718 -6214 265 END
START -3648 1136 18080 481 -6209 196 END
START -3692 1124 18396 149 -6065 173 END
START -4380 872 18508 -12 -5605 49 END
START -4120 804 18304 193 -5224 -104 END
START -3956 836 18300 641 -4850 -42 END
START -3944 768 18076 941 -4804 82 END
START -3748 1004 18080 1330 -5046 198 END
START -4100 1200 18432 1979 -5302 118 END
START -4136 1508 18844 1918 -5567 -170 END
START -4372 1364 19612 1695 -5530 -522 END
START -4324 1256 19916 1211 -5320 -846 END
START -4356 732 19964 730 -5387 -993 END
START -4468 444 20144 389 -5436 -890 END
START -4404 400 20024 460 -5402 -623 END
START -4424 552 20456 902 -5151 -257 END
START -4572 980 20932 1281 -4602 118 END
START -4772 1260 21364 1505 -4008 319 END
START -4720 1588 21488 1633 -3627 366 END
START -4756 1928 21884 1608 -3415 212 END
START -4616 2276 22096 1294 -3206 -58 END
START -4464 2220 22036 706 -2934 -339 END
START -4340 2388 22076 350 -2676 -635 END
START -3928 2508 22216 125 -2347 -1001 END
START -3764 2560 21876 43 -2063 -1362 END
START -3276 2512 21956 -85 -1551 -1682 END
START -2996 2536 21956 -345 -956 -1908 END
START -2700 2540 21248 -527 -554 -2061 END
START -2336 2828 20828 -822 -170 -2383 END
START -2060 3104 20000 -702 316 -2663 END
START -1972 3144 19628 -926 366 -2905 END
START -1680 3344 18556 -762 607 -3075 END
START -1404 3288 17952 -610 445 -3181 END
START -1492 3336 17440 -107 395 -3201 END
START -1748 3608 17432 39 -68 -3383 END
START -1612 3864 17312 236 -291 -3710 END
START -1924 4016 17428 248 -533 -4248 END
START -1956 4120 17816 45 -702 -4752 END
START -2216 4044 17872 -500 -813 -5380 END
START -2344 4012 17752 -622 -908 -5935 END
START -2368 4072 17720 -624 -793 -6403 END
START -2704 3992 18028 -489 -469 -6741 END
START -2816 3964 18156 -746 136 -7077 END
START -3272 3580 18844 -963 659 -7347 END
START -3540 3444 19108 -1224 1290 -7656 END
START -3212 4020 18352 -865 -15 -7548 END
START -4356 2576 19524 773 540 -8270 END
START -4184 2904 19440 -20 115 -8595 END
START -4076 3024 19716 898 1119 -8715 END
START -3908 2664 20172 733 1376 -9156 END
START -3804 2032 20408 754 1621 -9288 END
START -3608 1292 20872 -629 2268 -9379 END
START -3112 -128 20408 -1921 3018 -9408 END
START -3152 -260 20088 -1843 4329 -9377 END
START -3084 -1296 20340 372 5015 -8955 END
START -2972 -1928 20080 645 5174 -8394 END
START -2704 -2268 20076 888 5472 -7635 END
START -2632 -2592 19792 295 6114 -7342 END
START -2804 -2720 20520 1484 5396 -6186 END
START -2712 -2916 19612 -664 7442 -6264 END
START -3152 -4232 21404 -1873 8845 -6370 END
START -2240 -5828 14544 -6929 12561 -7694 END
START -2320 -4588 16044 2634 8294 -4217 END
START -2356 -4496 17240 3851 5706 -3291 END
START -2616 -4308 18156 3676 5361 -2520 END
START -3204 -4152 19128 2471 4699 -2013 END
START -3164 -3668 19264 712 5138 -1816 END
START -3180 -3456 19016 -257 5554 -1925 END
START -3076 -3728 18800 -727 5424 -2028 END
START -2700 -3972 18440 -953 5402 -1775 END
START -2424 -4316 18180 -890 5530 -1171 END
START -2112 -4620 18088 -865 5566 -333 END
START -1848 -4916 17716 -1042 6391 1190 END
START -192 9724 17692 4073 -13250 -2664 END
START -2440 -5528 20128 -229 7575 1774 END
START -1232 -4356 15388 -1094 4924 1856 END
START -1500 -4324 17124 -1649 4607 2601 END
START -1480 -4024 17240 -1542 5629 3582 END
START -1440 -3780 16760 -2066 6302 4189 END
START -1404 -3396 16292 -2569 6375 4664 END
START -1512 -3268 15744 -3103 6267 4908 END
START -1292 -3264 15440 -3096 5611 5280 END
START -1092 -3236 14880 -3244 5145 5809 END
START -1208 -3188 14728 -3327 4571 6622 END
START -1036 -2820 14544 -3199 4233 7264 END
START -1140 -2364 14420 -3069 3877 7774 END
START -1312 -1844 14216 -3096 3442 8073 END
START -1296 -1488 13800 -3207 3061 8307 END
START -1560 -856 13648 -3202 2635 8677 END
START -1728 -316 13512 -3255 2109 8886 END
START -1992 184 13508 -3420 1599 8965 END
START -2220 680 13520 -3631 1123 8960 END
START -2588 816 13272 -3949 424 8662 END
START -2364 1084 13372 -4247 -408 8323 END
START -2200 988 13424 -4384 -1142 8057 END
START -1996 572 13608 -4440 -1724 7735 END
START -1600 456 13624 -4217 -2260 8128 END
START -1904 808 13832 -3727 -2275 8639 END
START -2348 1512 14012 -3376 -2369 9080 END
START -3164 2148 14284 -2845 -2535 9149 END
START -3724 2800 14920 -2621 -2850 8665 END
START -4152 3176 15760 -2527 -2973 8053 END
START -4464 3204 15716 -2406 -2975 7394 END
START -4856 3400 15656 -2118 -3131 6901 END
START -5120 3812 16148 -1274 -3101 6666 END
START -5976 3996 16384 -789 -3482 6459 END
START -6100 5112 16036 1797 -3044 7520 END
START -6948 5708 15692 479 -5296 5134 END
START -7520 6436 18732 3750 -1745 6080 END
START -8872 5568 20180 1343 -3761 4878 END
START -6452 8168 18584 -1422 -1314 4170 END
START -7888 6724 18432 -1716 -1701 1864 END
START -7704 6000 17916 -1108 -1729 1058 END
START -7356 5216 17964 -1187 -1865 532 END
START -7044 4652 17948 -813 -1971 344 END
START -6820 4136 18188 -768 -2056 274 END
START -6612 3952 18524 -547 -1726 207 END
START -6448 3736 18632 -525 -1397 8 END
START -6264 3440 18688 -420 -984 -241 END
START -6116 2984 18896 -492 -669 -521 END