START -5344 -1312 17192 -739 416 946 END
START -3960 680 10536 -2430 -363 901 END
START -6616 -2704 18260 -1654 150 243 END
START -5268 -1120 16076 -819 569 853 END
START -4576 -1224 15872 -677 403 818 END
START -4432 -1076 15800 -502 693 944 END
START -4576 -1152 15232 -414 632 947 END
START -4392 -1076 15116 -291 549 884 END
START -4044 -1096 14800 -269 636 935 END
START -4216 -980 14504 -404 537 947 END
START -4380 -1236 14480 -658 357 871 END
START -4388 -1100 14180 -902 204 902 END
START -4228 -1040 14328 -1112 140 944 END
START -4264 -844 13728 -872 121 1012 END
START -4296 -576 13708 -190 70 951 END
START -3920 -516 13768 262 -101 893 END
START -3800 -440 13820 306 -231 901 END
START -3652 -504 13972 -11 -381 785 END
START -3548 -464 13936 -277 -689 624 END
START -3356 -620 13968 -549 -810 503 END
START -3248 -716 13844 -516 -978 515 END
START -3132 -796 13804 -412 -1420 609 END
START -3136 -1000 14200 -157 -1410 770 END
START -3080 -660 14272 111 -1462 925 END
START -3332 -820 14256 332 -1553 1065 END
START -4364 -880 15248 2612 -1483 1186 END
START -3704 -888 13200 1300 -2735 457 END
START -3892 -1248 13832 2741 -3095 801 END
START -3484 -1004 13848 4106 -3131 1521 END
START -2904 -828 13596 5778 -4288 1892 END
START -4540 -1700 17456 2230 -9897 2395 END
START -3588 228 16864 3693 -6753 2438 END
START -3332 532 16836 3655 -4246 2526 END
START -3520 1584 16472 1390 -5317 2650 END
START -4532 376 16620 1741 -5416 1700 END
START -3980 1832 16496 1000 -5419 1060 END
START -3844 1672 17012 513 -6227 456 END
START -3796 1352 17068 438 -6403 -38 END
START -3308 1056 17132 684 -6517 -296 END
START -2952 560 17376 1147 -6288 -282 END
START -2864 488 17380 1601 -6136 -99 END
START -2624 604 17748 1717 -6300 -87 END
START -2812 464 17976 1143 -6494 -233 END
START -2952 -8 18008 908 -6788 -535 END
START -2992 -260 18156 1121 -6841 -647 END
START -3080 -716 18468 1626 -6718 -268 END
START -3044 -448 18884 1963 -6616 272 END
START -3296 44 19424 2045 -6422 721 END
START -3392 536 20092 1964 -6158 936 END
START -3540 948 20536 1886 -5810 959 END
START -3888 1492 20796 1854 -5293 717 END
START -3952 1432 20288 1301 -5180 238 END
START -4228 1244 20244 1143 -5028 -210 END
START -4136 732 19920 1108 -4980 -416 END
START -4112 476 20256 1228 -5120 -294 END
START -4232 668 20532 1152 -5177 -33 END
START -4380 1064 20736 1123 -5020 125 END
START -4640 1612 21324 1125 -4761 60 END
START -4844 1892 21660 897 -4434 -287 END
START -5228 2068 21480 534 -4039 -907 END
START -5172 1428 21204 328 -3749 -1512 END
START -4864 752 21252 126 -3726 -1798 END
START -4556 24 21232 64 -3565 -1586 END
START -4376 -76 20996 191 -3132 -1117 END
START -4280 -36 21128 583 -2527 -626 END
START -4036 228 21616 859 -1809 -284 END
START -4028 688 21660 1074 -1034 -141 END
START -3648 948 21372 1108 -461 -160 END
START -3352 940 21160 1255 22 -233 END
START -3036 1216 21008 1239 419 -278 END
START -2884 1360 20620 1176 802 -312 END
START -2480 1548 20300 1153 1038 -388 END
START -2408 1724 19936 1134 1329 -390 END
START -2064 1988 19564 1144 1512 -416 END
START -1684 2464 19368 1119 1635 -537 END
START -1412 2748 18984 1111 1779 -657 END
START -1140 2912 18644 1297 2015 -805 END
START -888 3100 18032 1439 2163 -978 END
START -732 3064 17400 1604 2276 -1085 END
START -600 3276 17264 1750 2300 -1194 END
START -840 3568 16960 1737 2078 -1303 END
START -1180 3980 16708 1054 1583 -1532 END
START -1492 4172 16728 401 896 -1877 END
START -1620 3700 16504 291 98 -2681 END
START -1736 3688 16796 286 -259 -2997 END
START -2292 3720 17376 -104 -742 -3067 END
START -2728 3952 17492 350 -624 -3222 END
START -3076 4312 17996 640 -253 -3376 END
START -3404 4728 18072 856 -9 -3849 END
START -3876 4896 18720 913 302 -4551 END
START -4052 4592 18708 793 412 -5332 END
START -4212 4148 18712 615 453 -6111 END
START -3988 3556 18816 531 669 -6518 END
START -4444 3152 19560 -805 1142 -7063 END
START -4448 2692 19180 -2659 1447 -7713 END
START -4336 2640 19992 -1315 3659 -7238 END
START -7284 12 19372 -35 -267 -7225 END
START -4288 2284 20596 2176 1917 -7429 END
START -4144 1616 19880 2467 2670 -7334 END
START -4264 1064 20916 2485 2974 -7377 END
START -3960 568 21148 1347 3608 -7643 END
START -3592 -148 20196 1249 3670 -7244 END
START -3364 -1040 20680 -1289 4602 -6937 END
START -3488 -388 20208 -1097 5579 -6394 END
START -3924 -612 21284 -1719 6088 -6878 END
START -3624 -108 20036 -1754 6472 -6949 END
START -3280 -1316 19204 408 4746 -6638 END
START -3044 -1704 19396 403 4876 -6376 END
START -3104 -2072 19404 231 4715 -5915 END
START -2992 -1852 19552 770 5077 -5363 END
START -2948 -2272 19460 132 5220 -5267 END
START -3852 -7440 23932 -6304 9047 -6632 END
START -2948 -2860 19052 -2287 6373 -4774 END
START -2736 -3172 18024 -1458 5343 -4414 END
START -2520 -3356 18356 -770 5367 -3667 END
START -2768 -3552 18660 -715 5132 -2898 END
START -3024 -3512 18616 -860 5616 -2269 END
START -3316 -4644 18100 -1377 6724 -1375 END
START -4892 -8024 19164 965 3839 -1522 END
START 884 -17176 11016 -3879 6382 -1044 END
START -3184 -4252 19736 -1253 3534 -697 END
START -2000 -4224 18132 -1188 5903 345 END
START -2128 -4064 16616 -1271 5664 1025 END
START -2524 -3716 16984 -1602 5109 1565 END
START -2424 -3764 17080 -2343 5146 2023 END
START -2272 -3752 16580 -2967 5209 2455 END
START -2000 -3836 16016 -3092 5027 2885 END
START -1972 -4552 15632 -2848 4686 3418 END
START -1612 -4288 15136 -2864 4454 3947 END
START -1480 -4164 15064 -2975 4109 4564 END
START -1320 -3780 13776 -3714 3316 4773 END
START -1812 -4724 14932 -2735 3125 6070 END
START -2056 -3832 14404 -3051 3103 6610 END
START -2112 -3308 14160 -2651 2888 7206 END
START -2352 -2804 14508 -2309 2690 7564 END
START -2412 -2420 14752 -2480 2559 7776 END
START -2444 -1984 14864 -2871 2244 7985 END
START -2608 -1812 14788 -3206 1959 8112 END
START -2528 -1424 14684 -3367 1652 8327 END
START -2592 -872 14648 -3387 1402 8810 END
START -2800 -104 14624 -3022 1212 9254 END
START -3156 916 14692 -2815 1092 9467 END
START -3496 1828 14448 -2756 1037 9248 END
START -3708 2424 14876 -3068 692 8690 END
START -3724 2524 14096 -3433 267 8006 END
START -3688 2424 13892 -3742 -247 7378 END
START -3512 2204 13860 -3649 -837 7002 END
START -3668 2084 13840 -3680 -1364 7078 END
START -3840 2304 13904 -3168 -1712 7258 END
START -4208 2876 14224 -2574 -1873 7297 END
START -4640 3308 14596 -2305 -1924 7152 END
START -5180 3708 15008 -2226 -1915 6802 END
START -5704 4048 15340 -2038 -2087 6478 END
START -5936 4512 15432 -1571 -2154 6092 END
START -6744 4952 16448 79 -1893 5774 END
START -6672 5136 15672 -1389 -2886 4668 END
START -6476 5484 15512 841 -2438 5382 END
START -5220 7432 18804 -2562 -4868 3930 END
START -7476 4672 16188 2310 -1481 3907 END
START -7256 5244 17248 -837 -3300 3280 END
START -7940 5416 18180 529 -1732 3105 END
START -7744 5516 17472 -135 -2012 2383 END
START -7820 5816 17640 -189 -1533 1710 END
START -7368 5132 17848 -1187 -932 869 END
START -7092 4500 17844 -922 -846 573 END
START -7084 3948 17340 -557 -887 494 END
START -6980 3756 17664 -329 -940 531 END
START -7104 3712 17528 63 -756 476 END
START -6948 3732 17768 40 -801 153 END
START -6696 3556 17780 84 -681 -223 END
START -6608 3120 17900 -61 -671 -607 END
START -6432 2460 17804 -183 -401 -889 END
START -6020 1876 17948 -451 -121 -1022 END
START -5744 1612 18028 -737 -457 -981 END