START -2952 -2228 15496 1503 87 1083 END
START -5584 2452 8620 -347 -867 1088 END
START -6560 -5476 16356 397 -582 514 END
START -3328 -2248 13980 1113 -123 890 END
START -2668 -2276 14192 1436 -226 1070 END
START -2640 -2500 13856 1734 -462 1459 END
START -2964 -2352 13924 1539 -534 1617 END
START -2780 -2268 13620 1528 -667 1618 END
START -2736 -2340 13612 1491 -940 1685 END
START -2968 -2236 13684 1398 -1408 1955 END
START -3000 -1860 13844 1322 -2079 2196 END
START -3420 -1516 14492 1457 -2527 2273 END
START -3508 -864 14536 1588 -2658 2246 END
START -3384 -200 15196 1860 -3051 1937 END
START -3392 -56 16160 1527 -2870 1575 END
START -2976 192 16140 974 -2646 1254 END
START -3000 200 16148 673 -2454 894 END
START -3128 -332 15156 3494 -1496 1563 END
START -3356 -596 14472 2553 -5132 1085 END
START -3728 -2400 10476 2223 -1877 -403 END
START -2436 1660 20956 1378 -5708 -784 END
START -3228 -2580 12428 386 -5111 -777 END
START -2568 -2080 16532 -781 -3980 -626 END
START -2712 -2636 15452 -524 -3555 -450 END
START -1968 -2580 15576 -435 -4486 -54 END
START -1980 -2232 15836 -257 -4640 639 END
START -2204 -1632 16008 450 -4282 836 END
START -2376 -1344 16136 1020 -4840 897 END
START -2420 -1112 17272 1404 -5117 786 END
START -2892 -1060 17852 1107 -4888 636 END
START -3056 -1128 17952 915 -4719 534 END
START -2992 -1304 17484 1161 -4547 644 END
START -2768 -980 17600 1547 -4478 895 END
START -2808 -620 17740 1836 -4372 1162 END
START -3048 -188 17900 2121 -4598 1068 END
START -3000 -4 18576 2421 -4708 665 END
START -3324 -428 18648 1863 -5093 32 END
START -3008 -632 19104 1450 -5189 -474 END
START -2972 -1184 18872 537 -5769 -449 END
START -3172 -1272 19084 423 -5856 -124 END
START -3096 -1116 18784 695 -5647 386 END
START -3368 -420 18920 1384 -5597 775 END
START -3820 40 19048 1992 -5211 675 END
START -4212 164 19592 2066 -5200 135 END
START -4444 -360 19952 1610 -5298 -478 END
START -4452 -1072 19996 1220 -5506 -854 END
START -4244 -1408 19712 1245 -5744 -486 END
START -4468 -1268 20112 1862 -5735 160 END
START -4512 -616 20616 2503 -5309 681 END
START -4876 80 21332 2916 -4755 746 END
START -4948 368 21964 3085 -4289 446 END
START -4820 616 22336 2805 -3682 -61 END
START -4732 368 22884 1902 -3294 -611 END
START -4588 -76 22580 783 -3234 -1138 END
START -4228 -556 21848 435 -3238 -1252 END
START -3912 -640 21768 673 -3070 -1029 END
START -3688 -572 21936 822 -2627 -764 END
START -3604 -460 22196 867 -1967 -600 END
START -3504 -380 21968 982 -1142 -550 END
START -3252 -196 21564 1137 -417 -603 END
START -2808 -180 21368 1197 26 -557 END
START -2676 -132 21048 1051 343 -463 END
START -2388 0 20564 792 680 -412 END
START -2284 184 20244 603 894 -402 END
START -2100 416 19888 556 1039 -464 END
START -1852 560 19388 551 1092 -589 END
START -1528 556 19212 603 1075 -743 END
START -1512 648 18868 703 1025 -733 END
START -1312 804 18712 1000 1241 -711 END
START -1324 916 18588 1117 1429 -718 END
START -1100 1236 18492 1044 1566 -809 END
START -1188 1568 18212 1104 1752 -920 END
START -1000 1740 17692 1195 1787 -1107 END
START -1068 1824 17596 1171 1645 -1341 END
START -1032 2120 17464 1060 1410 -1560 END
START -1020 2364 17244 1115 1317 -1871 END
START -1164 2540 17216 1393 1266 -2223 END
START -1524 2600 17364 1708 1291 -2471 END
START -1668 2784 17708 1685 1352 -2644 END
START -2476 1836 16048 509 98 -3079 END
START -2696 3036 18004 2558 1387 -3147 END
START -2908 3276 17872 2306 1375 -3459 END
START -3708 3740 18328 2104 778 -3841 END
START -4132 4092 18808 1913 901 -4600 END
START -4416 3884 19076 1624 947 -5557 END
START -4680 3424 19284 1144 603 -6491 END
START -4376 2720 19088 806 534 -7251 END
START -4324 2052 19592 22 1344 -7672 END
START -4240 1728 20128 -2342 1284 -8118 END
START -4448 1100 19744 -1076 3450 -7782 END
START -3020 2016 17552 12 -578 -8328 END
START -4548 340 20624 1817 1741 -7980 END
START -3912 -268 20428 1150 1195 -8004 END
START -3824 -904 21420 1285 1965 -7727 END
START -3648 -1388 21556 918 2677 -7547 END
START -3556 -1544 21292 237 3232 -7017 END
START -3440 -1456 21316 -666 3625 -6458 END
START -3388 -1408 20860 -679 4418 -6062 END
START -3476 -1136 21232 -495 5449 -6193 END
START -3388 -1800 21456 -282 5827 -6403 END
START -2944 -1884 20596 432 6719 -5949 END
START -3164 -1524 20684 560 6468 -5827 END
START -3032 -2116 20476 79 6688 -5848 END
START -2984 -2636 20160 505 6415 -5847 END
START -2092 -2832 19600 -394 7395 -5638 END
START -2168 -3360 19520 310 7674 -4764 END
START -2196 -4792 19112 -4967 12310 -6311 END
START -2048 -4092 18332 -877 8627 -3703 END
START -2208 -3344 18068 -761 7704 -3391 END
START -2444 -3344 17852 -560 8454 -2946 END
START -2544 -3176 17392 -1020 7488 -2518 END
START 368 680 14720 -811 6411 -1146 END
START -5760 12232 16768 7292 -11611 -6728 END
START -1452 -5620 15220 -1882 14129 -1640 END
START -1376 -4228 14296 -3655 4607 -1641 END
START -1436 -4896 15960 -3140 5026 -484 END
START -864 -5004 14552 -1682 5720 769 END
START -2696 -6568 15964 -1156 4387 723 END
START -392 -5808 16968 -2407 4125 1862 END
START -416 -5364 14908 -3087 4597 2784 END
START -108 -5644 14696 -3164 4091 3864 END
START 44 -5696 14704 -3357 3520 4727 END
START 292 -5716 14288 -3560 3110 5546 END
START 376 -5684 14464 -3735 2644 6307 END
START 468 -5788 14208 -3793 2226 7184 END
START 708 -5556 14184 -3734 1828 8238 END
START 496 -5088 14016 -3520 1425 9374 END
START 184 -4312 14380 -3435 972 10272 END
START -128 -3484 14660 -3696 467 10808 END
START -392 -2844 14848 -4223 -107 11131 END
START -824 -2348 14744 -4849 -579 11192 END
START -1104 -1900 14760 -5575 -1062 11134 END
START -1332 -1268 14416 -5634 -1526 11137 END
START -1844 -256 14568 -4702 -2006 11492 END
START -2568 1056 15256 -3871 -1855 11664 END
START -3572 1992 16008 -3579 -1423 11298 END
START -3936 2712 16088 -3781 -1109 10431 END
START -4148 3052 15876 -4394 -1140 9283 END
START -4408 3164 15596 -5150 -1556 8122 END
START -4324 2888 15036 -5705 -2126 7005 END
START -4488 2476 14800 -5975 -2773 6348 END
START -4564 2148 14544 -5516 -3164 6050 END
START -4752 2012 14844 -4738 -3430 5934 END
START -5104 2000 15148 -4183 -3441 5917 END
START -5236 2316 15488 -3514 -3397 5840 END
START -5236 2536 16224 -3439 -3008 5539 END
START -1812 4852 13740 -1954 -3216 7504 END
START -5612 2664 16444 -3070 -4505 4390 END
START -5328 2120 16112 -2317 -3126 4108 END
START -4852 1548 15348 -253 -3475 4363 END
START -5372 972 16368 -599 -3965 4053 END
START -5832 1548 17988 2444 -2155 5211 END
START -6048 1964 17040 3429 -2956 5582 END
START -6732 3328 18960 4224 -2940 5407 END
START -7796 2700 19992 461 -3232 3888 END
START -6828 4420 18716 803 -1486 4227 END
START -7200 4140 19380 -439 -2235 2364 END
START -6864 3532 19056 302 -1222 1601 END
START -6612 2816 19044 -132 -1389 1047 END
START -6464 2404 19200 300 -898 967 END
START -6412 2220 18976 307 -859 781 END
START -6420 2120 19356 519 -540 574 END
START -6252 1988 19028 525 -268 208 END
START -6012 1672 19456 533 251 -74 END
START -5876 1224 19244 191 475 -357 END
START -5612 792 19528 -124 915 -524 END
START -5636 384 19460 -899 952 -821 END
START -5440 56 18764 -1496 1493 -1006 END