START -5712 -1248 17172 1133 1007 1166 END
START -6072 3196 12084 -505 -148 1285 END
START -6132 -928 17768 295 136 799 END
START -5928 -1036 16204 603 388 590 END
START -5720 -1048 16564 228 -135 323 END
START -5584 -1084 16424 139 -642 330 END
START -5768 -992 16604 13 -1099 282 END
START -5384 -996 16804 10 -1115 216 END
START -4828 -1116 17012 -201 -506 331 END
START -4984 -984 16932 -375 -68 575 END
START -5096 -1024 16628 -318 298 683 END
START -5212 -1264 16372 -186 440 659 END
START -5076 -1316 16416 29 555 644 END
START -4936 -1260 16204 53 484 753 END
START -4844 -1288 16176 69 524 895 END
START -4712 -1192 16000 -10 483 1035 END
START -4752 -1152 15868 -6 372 1077 END
START -4392 -944 15856 -71 149 1061 END
START -4204 -876 15720 -68 109 1067 END
START -4232 -828 15432 -54 62 1011 END
START -3952 -664 15448 138 127 920 END
START -3668 -780 15248 268 229 912 END
START -3664 -848 14972 241 206 878 END
START -3524 -1088 14764 148 111 811 END
START -3092 -1096 14568 67 -85 922 END
START -3184 -1140 14112 -30 -91 1091 END
START -3276 -1024 14024 321 -365 1171 END
START -2932 -952 13900 445 -700 1257 END
START -3060 -980 13768 411 -1056 1145 END
START -2792 -1116 13308 219 -1448 874 END
START -2660 -1184 13604 -42 -1899 707 END
START -2456 -1460 13728 -154 -2101 712 END
START -2448 -1712 13640 -355 -2269 819 END
START -2852 -2140 13704 1137 -2577 1249 END
START -2452 -1820 13708 1752 -3768 1891 END
START -3156 -1496 14644 374 -3677 1933 END
START -2436 -784 13568 1907 -3330 2372 END
START -2588 -164 14184 3329 -3480 2600 END
START -2404 404 14008 5792 -4186 2622 END
START -4632 -928 12544 1914 -8334 841 END
START -5344 -2372 6008 3124 -7009 -1554 END
START -2448 256 15480 1287 -6089 1060 END
START -2772 -88 15624 1452 -6543 856 END
START -2584 240 15628 1306 -6960 927 END
START -2508 572 15888 1600 -7127 1102 END
START -2604 892 16744 1817 -7353 1133 END
START -2888 976 17012 1810 -7323 901 END
START -3044 1024 17388 1532 -7511 495 END
START -3156 1028 17812 1219 -7787 72 END
START -3112 740 18172 844 -8109 -347 END
START -3132 296 18476 668 -8145 -625 END
START -2912 -8 18800 630 -7983 -436 END
START -3312 -48 19156 854 -7965 -67 END
START -3488 244 19716 1077 -7835 322 END
START -3976 812 20328 1263 -7354 519 END
START -4280 1196 20660 1355 -7074 395 END
START -4676 1188 21220 1274 -6389 91 END
START -5068 800 20928 1210 -5709 -374 END
START -4864 204 21076 1147 -5343 -701 END
START -5068 -588 21232 1137 -5056 -633 END
START -5072 -800 21388 1230 -4898 -254 END
START -5192 -776 21724 1713 -4388 429 END
START -5288 -504 22316 2039 -3617 1216 END
START -5312 312 22636 2219 -2593 1765 END
START -5528 984 22908 2288 -1745 1980 END
START -5648 1528 22744 2154 -1094 1806 END
START -5604 1896 22548 2057 -581 1371 END
START -5500 2076 22240 1971 -333 877 END
START -5064 2008 22136 1817 -255 354 END
START -4624 1648 21768 1462 -223 10 END
START -4304 1372 21732 1107 -159 -271 END
START -3788 1056 21360 713 -160 -438 END
START -3320 696 20824 349 -54 -482 END
START -2880 640 20696 76 172 -368 END
START -2560 640 20280 -94 446 -272 END
START -2252 796 19836 -104 733 -242 END
START -1832 996 19304 -156 908 -225 END
START -1604 1144 18964 9 1163 -158 END
START -1372 1404 18560 284 1296 -160 END
START -1396 1744 18240 223 1251 -191 END
START -1060 1852 17980 154 1261 -330 END
START -932 2072 17764 -78 1145 -483 END
START -844 2148 17376 -146 969 -671 END
START -748 2280 17088 -153 734 -866 END
START -680 2392 16872 -60 535 -1023 END
START -752 2724 16632 76 360 -1180 END
START -988 3016 16536 403 229 -1322 END
START -1148 3340 16412 696 144 -1410 END
START -1472 3820 16384 1246 275 -1636 END
START -1840 4336 16168 1908 437 -1965 END
START -2416 4432 16488 1901 -438 -2750 END
START -2544 4580 16764 1890 -426 -3375 END
START -3056 4528 17692 944 -1166 -4195 END
START -3408 4344 17704 -118 -1612 -4923 END
START -3508 4576 17732 31 -1602 -5341 END
START -3716 4780 17660 1090 -1683 -5707 END
START -4228 5032 18596 1752 -1837 -6278 END
START -4648 5140 20116 1636 -1895 -7269 END
START -4572 5168 20596 832 -1878 -8368 END
START -4460 4616 20888 26 -1772 -9614 END
START -4204 3772 21360 -966 -1394 -10748 END
START -3276 2540 20756 -1440 93 -11286 END
START -3116 1756 21432 -6510 -286 -12394 END
START -2532 1480 19404 -4891 3060 -11144 END
START -3852 -184 21272 -1358 -1969 -10756 END
START -2272 -188 20376 -1429 573 -10236 END
START -2744 -944 20764 -1406 1538 -9929 END
START -2500 -1904 20764 -2062 2254 -9788 END
START -2308 -2576 20616 -1690 3156 -9027 END
START -2284 -3012 20864 -2406 4273 -8192 END
START -2352 -3372 19800 -1455 5390 -7299 END
START -2092 -3032 19032 -426 5518 -6236 END
START -3588 -4820 24436 -294 5099 -5838 END
START -2628 -3584 19620 288 6436 -5143 END
START -2908 -3964 20144 438 5195 -4541 END
START -2776 -3368 20096 236 5626 -3893 END
START -2804 -2976 19744 419 5430 -3248 END
START -2924 -3024 20164 -836 6418 -3323 END
START -2720 -3336 19996 -876 7333 -3015 END
START -1604 -4200 15468 -7957 13382 -5294 END
START -2392 -4236 19008 -2456 7867 -2839 END
START -1940 -4140 18984 -2649 7858 -2389 END
START -2084 -4100 18624 -2461 8083 -1421 END
START -2312 -3740 18496 -2453 8017 -746 END
START -2480 -3208 18316 -2446 8272 -394 END
START -2328 -3648 17380 -2498 8966 216 END
START -4300 1644 16896 6917 -3747 -1227 END
START -1164 -4152 12952 -2649 12059 126 END
START -2928 -4688 18052 -3532 4355 -497 END
START -2196 -3952 18060 -2593 6923 981 END
START -1740 -4020 16116 -2584 6632 1557 END
START -1868 -3804 16008 -3133 6099 1836 END
START -1832 -3924 15560 -3544 5651 1975 END
START -1664 -4296 15368 -3599 5256 2319 END
START -2432 -7532 18348 -3149 4029 2356 END
START -652 -5112 14828 -2898 4107 3235 END
START -260 -5192 13988 -3192 4310 4125 END
START -324 -5352 14076 -2956 4138 5050 END
START -300 -5176 14012 -2681 3901 5977 END
START -140 -4972 13940 -2651 3538 6921 END
START -304 -4684 13728 -2767 3175 7793 END
START -496 -4328 13540 -2839 2692 8604 END
START -932 -3632 13368 -2933 2098 9317 END
START -1260 -2588 13268 -2878 1613 9834 END
START -1688 -1716 13312 -2740 1264 9965 END
START -2076 -1016 13276 -2672 948 9897 END
START -2496 -440 13324 -2661 531 9772 END
START -2704 -20 13260 -2703 176 9585 END
START -3144 304 13460 -3013 -435 9323 END
START -3336 464 13336 -3426 -1119 9086 END
START -3764 596 13144 -3726 -1759 8876 END
START -3924 988 13352 -3583 -2407 8757 END
START -4460 1368 13640 -2940 -2731 8796 END
START -5308 2280 14464 -2214 -2605 8968 END
START -6096 3576 15184 -1631 -2391 8789 END
START -6896 4600 15328 -1225 -2179 8093 END
START -7616 5208 15340 -913 -1770 6997 END
START -8164 5552 15804 -1091 -1605 5705 END
START -8300 5660 16260 -964 -1894 4408 END
START -8208 5384 16396 -943 -1943 3423 END
START -8284 5136 16696 -1267 -1887 2661 END
START -8228 4692 16944 -855 -1821 2009 END
START -8036 4304 17208 -1223 -1921 1409 END
START -8460 3624 17852 -14 -2454 918 END
START -7428 3496 17124 -583 -2510 400 END
START -7256 3156 18064 -553 -2248 196 END
START -6984 2848 18108 -275 -1492 -65 END
START -6792 2344 17888 95 -1442 -311 END
START -6404 1768 18224 -187 -1225 -292 END
START -6172 1476 18116 -435 -921 -346 END
START -5972 1092 18596 -553 -777 -296 END
START -5780 796 18632 -934 -552 -227 END