START -5488 -900 16972 213 741 520 END
START -5300 -884 16812 199 -254 555 END
START -5236 -924 16468 357 164 538 END
START -5248 -852 17084 -155 -265 625 END
START -5384 -884 16940 -309 -219 672 END
START -5488 -828 16744 -410 -319 615 END
START -5384 -900 16788 -368 -274 484 END
START -5524 -736 16920 -285 -189 353 END
START -5344 -876 16740 -173 -161 279 END
START -5484 -724 16696 -117 -86 233 END
START -5584 -764 16544 63 -8 155 END
START -5528 -640 16652 318 21 62 END
START -5424 -892 16788 444 150 86 END
START -5284 -1000 16828 346 20 159 END
START -5216 -888 16728 190 -72 190 END
START -5180 -1064 16796 38 -123 221 END
START -5112 -1052 16612 -48 -110 297 END
START -5404 -1008 16596 -115 -45 301 END
START -5368 -1008 16504 -15 -111 295 END
START -5240 -792 16576 34 -126 261 END
START -5100 -816 16744 -17 -38 247 END
START -5236 -916 16720 -63 -61 228 END
START -5312 -972 16576 -34 -59 167 END
START -5272 -984 16716 21 -50 142 END
START -5032 -1168 16696 116 -85 222 END
START -5124 -1176 16864 34 -121 305 END
START -5052 -1236 16776 -41 -95 363 END
START -5276 -1244 16800 -121 -310 389 END
START -5420 -1104 16788 -27 -388 344 END
START -5264 -1156 16900 -24 -350 303 END
START -5408 -1172 16992 -110 -336 287 END
START -5376 -1164 16972 -81 -182 386 END
START -5292 -960 16940 5 -147 455 END
START -5244 -992 17332 -44 -116 504 END
START -5320 -860 17296 -141 -33 499 END
START -5172 -1000 17284 -354 9 490 END
START -5132 -1124 17024 -522 75 504 END
START -5124 -1156 16992 -478 27 506 END
START -5044 -1252 16892 -432 42 627 END
START -5048 -1264 16868 -356 77 788 END
START -4864 -1168 16948 -350 181 891 END
START -4888 -1048 16696 -394 251 912 END
START -4752 -936 16376 -375 221 894 END
START -4732 -1000 16304 -332 177 819 END
START -4572 -1044 16072 -313 92 806 END
START -4320 -1076 15916 -207 -42 884 END
START -4240 -908 15872 -102 -59 1000 END
START -3868 -744 15636 83 -39 1082 END
START -3716 -636 15480 63 -149 1063 END
START -3360 -504 15560 -96 -300 1058 END
START -3312 -516 15336 -324 -546 992 END
START -3220 -444 15072 -600 -756 861 END
START -3020 -500 14920 -825 -1067 653 END
START -3104 -660 14452 -827 -1331 441 END
START -3128 -872 14416 -360 -1920 155 END
START -2636 -1320 14048 -171 -2164 176 END
START -2528 -1664 14088 -267 -2698 207 END
START -2252 -1684 14380 -125 -2947 354 END
START -1968 -2020 13948 -155 -3054 487 END
START -1760 -1852 14228 1061 -3292 1109 END
START -1716 -1744 14284 1746 -3712 1471 END
START -1684 -1816 14600 2988 -3851 1978 END
START -1576 368 19580 320 -7490 2218 END
START -252 -496 14988 1743 -4499 2800 END
START -3112 -2884 17212 29 -5166 1619 END
START -1304 -272 16012 -7 -2585 2945 END
START -1968 -308 14904 -91 -3684 2741 END
START -2468 332 15460 893 -3357 2709 END
START -2568 612 14912 1234 -3839 2520 END
START -2688 936 15756 1498 -4412 2180 END
START -3048 848 16036 1056 -4996 1801 END
START -3356 736 16524 50 -5854 1412 END
START -3236 780 16916 -420 -6062 1235 END
START -3432 972 17188 -635 -6392 1087 END
START -3192 1344 17356 -306 -6171 969 END
START -3244 1696 17700 69 -6085 725 END
START -3224 2140 17736 665 -5900 392 END
START -2960 2120 17908 1256 -5824 64 END
START -3084 2244 18072 1675 -5683 -190 END
START -3216 2172 18444 2004 -5641 -634 END
START -2908 1776 18632 2010 -5320 -1156 END
START -2556 1424 18440 1700 -5252 -1670 END
START -2280 832 18224 1507 -5302 -1964 END
START -1840 308 18228 1443 -5614 -2030 END
START -1744 164 18604 1236 -5967 -1822 END
START -1760 388 19084 1000 -6275 -1314 END
START -1824 720 19420 1078 -6259 -883 END
START -2000 1188 19632 1590 -5917 -631 END
START -2168 1864 19812 2007 -5541 -756 END
START -2576 2100 20344 2077 -4993 -1203 END
START -2656 1804 20240 1528 -4744 -1919 END
START -2384 1372 20184 1100 -4858 -2322 END
START -2020 1012 20168 1000 -4967 -2287 END
START -2248 1004 20556 945 -4873 -1923 END
START -2552 1316 20760 1268 -4541 -1610 END
START -2852 1964 21232 1666 -3930 -1454 END
START -3240 2792 21440 1924 -3319 -1654 END
START -3324 3180 21668 1980 -2863 -2190 END
START -3396 3124 21408 1684 -2678 -2759 END
START -3372 3244 21244 1390 -2728 -3222 END
START -3500 3352 21496 1140 -2685 -3621 END
START -3584 3228 21756 853 -2383 -4047 END
START -3576 3392 21700 488 -1986 -4423 END
START -3584 3280 21352 305 -1493 -4826 END
START -3468 3256 21204 -33 -1184 -5185 END
START -3280 3180 21264 -289 -898 -5548 END
START -3128 2932 21184 -729 -750 -5981 END
START -2948 2740 21020 -1009 -269 -6333 END
START -3164 1856 20884 -348 -457 -6604 END
START -2252 2684 20524 -17 412 -6833 END
START -2096 1936 20436 -288 626 -7142 END
START -1864 1708 20204 -45 1269 -7265 END
START -1504 1392 20260 -539 1963 -7395 END
START -1140 1184 20164 -972 2969 -7367 END
START -1136 728 19708 -1229 3936 -7517 END
START -1108 116 19340 -1704 4678 -7555 END
START -404 -192 18148 -1095 3736 -6971 END
START -1264 -684 19300 639 3658 -6681 END
START -1084 -896 18760 -123 2741 -6585 END
START -1600 -804 19360 -51 3316 -6198 END
START -1596 -924 18728 -72 3109 -6152 END
START -1760 -1096 18892 78 2904 -6022 END
START -1908 -944 19092 162 3040 -5852 END
START -1924 -896 19444 337 3209 -5675 END
START -1900 -892 20052 -815 3422 -5595 END
START -2092 -1260 20016 -2615 3724 -5657 END
START -2160 -1736 19852 -2010 4467 -5745 END
START -2160 -1972 20116 -1670 4536 -5750 END
START -2180 -2588 19892 -1334 5020 -5525 END
START -2068 -2652 19684 -1114 5570 -5145 END
START -1996 -3108 18868 -325 5394 -4379 END
START -1672 -2820 18944 -670 5844 -4237 END
START -1848 -2996 19408 -890 6789 -3858 END
START -1988 -3244 19368 822 6620 -3217 END
START -2028 -3104 19348 623 7239 -2816 END
START -1992 -2980 19348 -55 7994 -2473 END
START -3092 -5576 22412 -2786 8454 -2873 END
START -2360 -5108 20504 -6171 10589 -3579 END
START -2840 -3196 18496 -1495 7740 -1682 END
START -2456 -2516 17568 -947 7582 -1538 END
START -2520 -2608 17332 -394 7909 -1133 END
START -2720 -2660 17136 424 7374 -728 END
START -2764 -2528 17104 616 7147 -519 END
START -2932 -2432 17352 233 7137 -246 END
START -2940 -2284 16920 -267 7137 -118 END
START -2840 -2344 16648 -792 6670 10 END
START -3044 -2692 16564 -1294 6092 230 END
START -2912 -3288 16160 -1716 5627 689 END
START -3716 -2540 16284 1912 807 1394 END
START -1448 -3872 13568 -3609 5871 1688 END
START -3364 -2728 16280 -2242 2374 993 END
START -2632 -2544 15228 -1633 3317 1176 END
START -2508 -2360 15248 -1510 2890 1657 END
START -2552 -3388 15496 -1774 2946 2050 END
START -2704 -3372 16224 -1822 2802 2695 END
START -2452 -3332 16400 -1941 3199 3190 END
START -2440 -3028 16448 -1681 2906 3793 END
START -2636 -3724 16416 -2448 3208 4352 END
START -2836 -3136 16428 -2593 3158 4758 END
START -2884 -2828 16236 -2820 2887 5012 END
START -3172 -2584 15904 -3217 2549 5056 END
START -3212 -2692 15500 -3526 2196 5047 END
START -3128 -2896 15496 -3665 1870 5075 END
START -3208 -3020 15524 -3764 1645 5244 END
START -3036 -2948 15308 -3610 1387 5614 END
START -2848 -2796 15544 -3090 1076 6185 END
START -2812 -2496 15816 -2930 1109 6748 END
START -2952 -2028 15884 -3056 1033 7080 END
START -3248 -1516 16016 -3185 964 7224 END
START -3396 -1076 15716 -3148 854 7167 END
START -3392 -1056 15776 -2883 699 6999 END
START -3432 -848 15832 -2756 693 6929 END
START -3216 -880 15724 -2796 707 6952 END
START -2960 -848 15752 -2775 741 7169 END
START -3116 -828 15600 -2884 530 7467 END
START -3048 -252 15480 -3016 379 7511 END
START -3252 -80 15060 -3087 129 7589 END
START -3212 252 15012 -3007 -41 7552 END
START -3316 460 14784 -2814 -329 7430 END
START -3292 404 14828 -2884 -500 7288 END
START -3584 456 14772 -3420 -773 7212 END
START -3316 652 14484 -2683 -1276 7334 END
START -3512 884 14860 -2831 -1852 7150 END
START -3812 1092 14916 -2728 -1860 7041 END
START -4064 1464 14712 -2572 -2119 6867 END
START -4204 1840 14848 -2635 -2360 6811 END
START -4468 2028 15060 -2182 -2683 6608 END
START -4796 2256 15164 -1913 -3166 6192 END
START -4520 2556 15412 -1993 -3683 5865 END
START -5080 2528 15528 -1943 -4383 5511 END
START -5396 2728 15612 -1355 -3924 5288 END
START -4764 3932 15948 -980 -5119 5717 END
START -6316 2600 15960 833 -4020 4799 END
START -5988 3120 16348 583 -3694 4648 END
START -6332 3220 17088 1537 -3203 4348 END
START -6568 3388 17684 -444 -3298 3728 END
START -6328 3532 17500 -644 -2257 3432 END
START -7256 3368 17904 -548 -2782 3172 END
START -7016 3696 17812 -134 -2458 2830 END
START -6976 3704 18112 -155 -2550 2357 END
START -7224 3684 18468 8 -2426 1814 END
START -7224 3488 18620 -95 -2368 1193 END
START -7176 3028 18784 16 -2152 606 END
START -6836 2740 18872 -13 -1893 267 END
START -6728 2336 19032 5 -1613 73 END
START -6528 1960 19044 90 -1430 -11 END
START -6200 1648 19012 234 -1214 51 END
START -6180 1644 19236 362 -790 50 END
START -5976 1464 19128 341 -552 -104 END
START -5728 1108 19136 352 -234 -350 END
START -5756 980 18956 106 11 -580 END
START -5428 520 18692 7 192 -751 END
START -4996 68 18496 26 320 -759 END
START -4888 -156 18364 81 501 -522 END
START -4688 -392 17924 120 574 -266 END
START -4584 -396 18012 192 680 -59 END
START -4600 -256 17764 166 601 77 END
START -4612 -160 17868 98 836 132 END
START -4728 -116 17896 -507 742 37 END
START -4644 -96 17448 -791 982 -23 END
START -4860 -12 17452 -1243 932 -129 END
START -4844 -16 17008 -1294 1069 -232 END
START -4792 -100 16988 -1044 935 -322 END
START -4696 -104 16708 -196 783 -393 END
START -4516 -272 16800 -73 563 -332 END
START -4532 -252 17000 -48 587 -297 END
START -4540 4 17024 -224 613 -324 END
START -4508 56 16912 -442 623 -446 END
START -4496 -60 16820 -638 672 -639 END
START -4436 -104 16628 -738 706 -773 END
START -4400 -268 16576 -727 656 -816 END
START -4388 -588 16716 -665 594 -843 END
START -4256 -700 17080 -751 459 -828 END
START -4216 -684 16896 -1134 428 -877 END
START -4188 -568 17340 -1447 469 -796 END
START -3880 -448 17852 -1896 598 -744 END