START -4716 -1724 16836 -17 1350 1661 END
START -7004 1476 13160 -2063 454 1563 END
START -5416 -2676 17836 -1224 576 1404 END
START -4012 -1072 15604 -306 1091 1354 END
START -3952 -1256 15644 -167 521 1195 END
START -3800 -1180 15720 -249 519 1155 END
START -3684 -1156 15716 -521 769 1091 END
START -3812 -1212 15336 -712 664 874 END
START -3692 -1448 14880 -793 384 551 END
START -2828 -1604 14580 -559 66 488 END
START -2620 -1900 14500 -398 23 887 END
START -2464 -1900 14476 -90 -74 1432 END
START -2608 -1656 14336 298 -161 1960 END
START -2768 -1032 14604 449 -238 2271 END
START -2788 -560 14556 479 -295 2373 END
START -2976 -100 14412 532 -232 2182 END
START -2964 388 14172 807 -524 1857 END
START -2840 780 14012 778 -564 1371 END
START -3036 604 13984 983 -633 772 END
START -2912 188 13324 976 -865 54 END
START -2684 -244 13376 555 -1099 -393 END
START -2568 -760 13148 332 -1255 -586 END
START -1584 -324 13228 483 -2058 41 END
START -3364 -764 15196 681 -3494 -511 END
START -2188 -1016 11896 1861 -4238 491 END
START -3232 -548 14204 5053 -3503 1008 END
START -216 1780 12156 6286 -7715 2331 END
START -1616 1412 10212 1555 -8571 501 END
START -2608 752 15720 4993 -3036 -188 END
START -3428 -36 15876 -788 -6374 -344 END
START -3408 -588 16252 -749 -7246 -1375 END
START -2764 -1208 15952 -1109 -7379 -1681 END
START -2812 -1792 16432 -1054 -8372 -1434 END
START -3148 -1800 17280 -633 -8794 -1039 END
START -3200 -1460 18092 252 -8582 -378 END
START -3364 -880 18832 1181 -7993 26 END
START -3540 -576 19616 1942 -7353 166 END
START -3760 -248 20296 2194 -6882 32 END
START -3468 -268 20540 1998 -6551 -204 END
START -3408 -304 20616 1183 -6515 -402 END
START -3412 -556 20476 735 -6569 -569 END
START -3460 -676 20248 510 -6576 -526 END
START -3688 -648 20196 556 -6471 -498 END
START -3692 -476 20296 525 -6267 -438 END
START -3868 -304 20392 624 -6005 -414 END
START -3912 4 20448 761 -5560 -620 END
START -4064 16 20352 900 -5069 -984 END
START -4116 -228 20128 983 -4729 -1341 END
START -3952 -540 20360 794 -4580 -1618 END
START -4000 -1064 20496 302 -4393 -1820 END
START -3980 -1584 20276 -77 -4349 -1860 END
START -3800 -1856 20300 -85 -4356 -1578 END
START -3872 -1844 20288 184 -4191 -1091 END
START -3896 -1504 20572 484 -3991 -538 END
START -3852 -1260 21072 663 -3661 -168 END
START -4104 -908 21260 767 -3147 -24 END
START -4132 -680 21632 873 -2754 -119 END
START -4000 -332 21896 901 -2409 -422 END
START -3676 -372 22136 817 -2030 -627 END
START -3476 -372 22136 692 -1391 -553 END
START -3272 -336 21908 600 -606 -419 END
START -3100 -8 21612 675 70 -320 END
START -3008 200 21340 777 564 -293 END
START -2796 464 21300 712 1147 -363 END
START -2756 776 20860 532 1382 -488 END
START -2344 1028 20504 438 1532 -754 END
START -1988 1264 20024 416 1574 -949 END
START -1884 1392 20004 422 1776 -1165 END
START -1716 1472 19596 395 1890 -1367 END
START -1632 1616 18992 558 2089 -1584 END
START -1600 1932 18484 675 2193 -1745 END
START -1528 2228 18368 299 2103 -1994 END
START -1536 2228 17856 147 1528 -2340 END
START -1696 2452 17904 441 1422 -2616 END
START -1912 2676 17960 328 1123 -2920 END
START -1860 2432 17880 421 604 -3312 END
START -2416 2828 18392 706 759 -3829 END
START -2468 2696 18416 828 870 -4331 END
START -2468 2656 18532 969 1024 -4918 END
START -2724 2444 18428 1370 1267 -5435 END
START -2744 2068 18592 1443 1765 -5918 END
START -3076 1604 19292 -119 2236 -6517 END
START -2972 964 18216 -1009 2323 -6966 END
START -3188 636 18928 -945 3836 -6656 END
START -2576 -60 17488 -604 940 -7201 END
START -3624 504 18944 501 2014 -6556 END
START -3656 224 19020 349 2021 -6684 END
START -4072 -120 19528 475 2573 -6792 END
START -4064 -764 19492 -284 3237 -7152 END
START -3876 -1572 19452 -739 3648 -7289 END
START -3724 -2132 19128 -183 3861 -7117 END
START -3496 -3000 19980 -67 4310 -6649 END
START -3452 -3032 20224 -1422 4569 -6212 END
START -3192 -2904 20108 -494 4511 -5162 END
START -3564 -3192 20624 -1811 4548 -5139 END
START -3972 -4164 22788 -5426 6718 -5974 END
START -3324 -3340 19840 -1292 5383 -5239 END
START -3240 -3748 19316 -1260 5727 -5166 END
START -2880 -3872 19544 -1323 6249 -4888 END
START -2724 -4328 19748 -592 5901 -4192 END
START -1504 -4648 15136 -7683 13319 -5977 END
START -2520 -4872 18420 -2701 6972 -3295 END
START -2308 -4724 18232 -2734 6546 -2818 END
START -2096 -4532 17992 -2332 6795 -2243 END
START -2184 -4596 18048 -1915 6490 -1671 END
START -2400 -4460 18148 -1628 6157 -1369 END
START -2384 -4748 17832 -1817 6910 -938 END
START 288 5008 11964 1881 2040 2024 END
START -2328 -10252 22428 -9024 -4002 -2347 END
START -3696 -6864 13668 -1362 7630 451 END
START 448 -5900 12744 -1640 6012 1924 END
START -1408 -4396 14460 -2388 3328 1462 END
START -2248 -5188 16584 -3121 4157 2180 END
START -1452 -4940 15040 -3018 4882 2456 END
START -1520 -4836 16172 -4012 4075 2717 END
START -1616 -5444 15824 -3558 4346 3231 END
START -1016 -5568 14624 -3186 3909 3847 END
START -788 -5644 14300 -3144 3842 4546 END
START -780 -5428 14144 -3062 3436 5314 END
START -944 -5112 13596 -3022 2964 5943 END
START -1016 -4952 13364 -2999 2403 6371 END
START -1028 -4680 13004 -2864 1805 6788 END
START -1036 -4520 12968 -2492 1288 7176 END
START -1128 -4568 12852 -2155 976 7538 END
START -876 -4516 13180 -1945 680 7777 END
START -756 -4688 13204 -1910 500 8095 END
START -892 -4664 12904 -1819 322 8647 END
START -724 -4428 13100 -1653 -31 9388 END
START -1020 -3876 13388 -1620 -607 10324 END
START -1324 -3044 13624 -1815 -1218 11017 END
START -1780 -2208 13872 -2222 -1945 11346 END
START -2268 -1328 14220 -2674 -2573 11343 END
START -2500 -188 14696 -3071 -3102 11019 END
START -3088 336 15076 -3481 -3549 10587 END
START -3432 960 15044 -3708 -3896 10108 END
START -3684 1676 15256 -3509 -4080 9579 END
START -4224 2192 15668 -2840 -4268 9042 END
START -4828 2872 16404 -2176 -4176 8687 END
START -5504 3656 17044 -2219 -3692 8046 END
START -6140 4156 17392 -2006 -3128 7171 END
START -6608 4996 17524 -2113 -2945 6141 END
START -4080 6464 15584 -425 -3526 6895 END
START -7784 5288 20096 -3283 -4047 2822 END
START -5488 5028 16480 -83 -2731 3062 END
START -9000 2076 19988 -518 -3852 -268 END
START -4952 2980 16120 1844 -2102 1724 END
START -6072 2628 19096 -26 -3675 1087 END
START -5948 2132 18420 1169 -2057 1545 END
START -5972 2048 18428 127 -2535 1425 END
START -5812 2432 19364 -295 -2033 1847 END
START -6004 1504 18268 325 -1303 1263 END
START -5928 1620 18912 853 -844 1163 END
START -5724 1536 18764 977 -694 924 END
START -5784 1388 19176 1178 -624 704 END
START -5636 1120 19212 708 -435 449 END