START -3660 -2300 16572 2095 406 2005 END
START -9060 3724 7004 -77 -311 1733 END
START -6844 -5244 17980 731 -184 1407 END
START -4084 -1952 14416 1802 -30 1860 END
START -3412 -1564 15388 1172 -910 1549 END
START -2904 -1732 14800 1023 -1209 1352 END
START -2764 -1928 14380 592 -1059 1128 END
START -2148 -2136 13928 936 -1137 863 END
START -1676 -2624 13452 1450 -1090 867 END
START -816 -3040 13732 1996 -1096 1360 END
START -1208 -3024 13984 2027 -1263 2101 END
START -1328 -2732 13844 2053 -1329 2784 END
START -1988 -2336 14236 1807 -1691 3219 END
START -2156 -1704 14116 2034 -1777 3520 END
START -2024 -1056 14016 2358 -1971 3697 END
START -2352 -352 14092 2419 -2136 3704 END
START -2564 104 13876 2472 -2474 3500 END
START -3520 -464 13088 5691 -2902 4054 END
START -3696 620 14124 1626 -6985 1763 END
START 2404 4060 8996 10483 -5332 8585 END
START -5976 972 25508 434 -12300 3085 END
START -3424 -3856 8104 5505 -5912 785 END
START -3940 -488 16800 267 -9337 1388 END
START -4140 -1072 16792 1053 -7068 1437 END
START -3220 -800 16228 1091 -7238 2046 END
START -3436 64 17648 1002 -7737 2834 END
START -3644 928 18240 1052 -6944 2878 END
START -3900 1572 18412 1007 -7052 2527 END
START -4116 2064 18464 1149 -7380 1741 END
START -4400 1892 18736 1090 -7511 675 END
START -4528 1052 18616 899 -8044 -506 END
START -3964 348 19176 983 -8236 -1068 END
START -3572 -484 19740 1025 -8058 -991 END
START -3292 -1132 20044 849 -7793 -474 END
START -3248 -1224 19916 1223 -7012 257 END
START -3328 -824 20228 1598 -6519 917 END
START -3304 -468 20648 1737 -6423 1211 END
START -3096 -200 20868 1857 -6037 1206 END
START -2884 -52 21008 2079 -5613 1100 END
START -2692 -432 21020 2067 -5394 860 END
START -2504 -560 21144 1780 -5148 769 END
START -2624 -836 21124 1513 -5100 903 END
START -2740 -956 21176 1343 -4817 1343 END
START -3276 -640 21200 1277 -4524 1937 END
START -3808 -80 20676 1471 -3968 2171 END
START -4116 468 20836 1803 -3528 2228 END
START -4372 900 20832 1986 -3149 2122 END
START -4468 1344 20800 2210 -2833 1804 END
START -4428 1592 21092 2201 -2755 1361 END
START -4472 1700 21556 1728 -2360 873 END
START -4004 1680 21192 761 -2316 269 END
START -4112 1192 20728 54 -2429 -320 END
START -3532 844 20256 -247 -2418 -714 END
START -3176 212 19708 -313 -2412 -806 END
START -3008 80 19660 -171 -2387 -703 END
START -2920 -120 19448 57 -2058 -414 END
START -2816 -64 19548 335 -1684 -114 END
START -2620 392 19772 431 -1282 141 END
START -2704 836 19728 396 -912 211 END
START -2424 904 19960 270 -624 87 END
START -2392 956 19720 125 -276 13 END
START -2260 1220 19564 -24 -98 -80 END
START -2240 1412 19464 -60 5 -332 END
START -1988 1556 19116 -114 7 -676 END
START -1780 1604 19036 -254 24 -970 END
START -1656 1492 18956 -453 48 -1180 END
START -1476 1568 18736 -581 140 -1409 END
START -1124 1616 18636 -694 106 -1642 END
START -836 1648 18500 -796 38 -1882 END
START -668 1644 18076 -808 51 -2123 END
START -408 1856 17800 -743 -12 -2406 END
START -84 1864 17884 -852 -147 -2708 END
START -4 1792 17536 -990 -210 -2965 END
START 280 1864 17500 -1041 -290 -3135 END
START 156 1848 17336 -1025 -368 -3233 END
START 324 1976 17192 -1013 -384 -3305 END
START 44 1892 17024 -769 -115 -3308 END
START -324 2296 17024 -407 -95 -3311 END
START -860 2620 17064 62 -26 -3312 END
START -1484 3260 17132 421 13 -3484 END
START -1956 3748 17392 742 176 -3961 END
START -2316 4040 17568 891 216 -4600 END
START -2700 4112 17536 884 41 -5161 END
START -3084 4060 17948 877 -77 -5658 END
START -3408 4248 18244 629 -309 -6248 END
START -3792 4412 18864 207 -213 -6739 END
START -3832 3684 18552 -170 -714 -7278 END
START -3784 3640 19172 3 -473 -7721 END
START -4072 3740 19408 255 -121 -8337 END
START -3716 3372 19376 178 -65 -8935 END
START -3744 2752 19340 540 44 -9485 END
START -3264 2240 19548 990 688 -9880 END
START -3232 1304 20048 991 1198 -10044 END
START -3692 448 21900 -3585 1943 -10877 END
START -2328 -608 19712 -867 4585 -9198 END
START -4928 -3180 21860 -266 -742 -9077 END
START -432 1016 21252 2485 3944 -7808 END
START -2480 -1232 19760 1451 2617 -8186 END
START -2668 -1044 21836 1816 3223 -7887 END
START -2256 -1444 21156 1773 3917 -7675 END
START -2316 -1944 21236 1042 3673 -7325 END
START -2016 -2420 21636 -188 4132 -7030 END
START -1692 -2868 21536 -382 4734 -6640 END
START -1540 -3208 21416 -210 5140 -6137 END
START -1144 -3488 21740 -621 6002 -5586 END
START -684 -3624 20352 -1901 7328 -4688 END
START -688 -3292 20288 -2211 8613 -4416 END
START -432 -3024 18348 -1554 9706 -4325 END
START -804 -3628 19628 -1468 9086 -3178 END
START -1080 -4092 18408 413 8121 -2042 END
START -1188 -3520 19564 -261 8933 -1779 END
START -1540 -3856 18792 571 8887 -990 END
START -1352 -3624 17768 -1640 10090 -1610 END
START -2076 -4200 18776 -161 8192 -498 END
START -1756 -3700 18444 -954 8430 -403 END
START -1884 -3640 18052 -1429 8368 -156 END
START -1628 -3628 17640 -1616 7695 184 END
START -1752 -3592 17568 -1940 7110 511 END
START -1764 -3596 17276 -2293 7368 691 END
START -1664 -3732 17052 -2541 7446 969 END
START -1076 -3724 16400 -2526 7467 1856 END
START 312 3572 11824 2938 2712 2132 END
START -100 -15260 8600 -5149 3539 2253 END
START -2380 -5656 14156 -2978 6666 2493 END
START -640 -4256 15484 -2786 6984 2825 END
START -300 -4796 15452 -3362 5231 3713 END
START 344 -4888 15168 -3356 4339 5278 END
START -660 -4824 15696 -3571 4661 5201 END
START -876 -5028 16736 -1867 2291 6335 END
START -64 -4304 15712 -3187 3693 6732 END
START -28 -4164 15336 -2794 3160 7617 END
START 164 -4368 14452 -2704 3094 8335 END
START 260 -3960 14264 -3075 3437 9235 END
START -212 -3664 14832 -2548 2745 10193 END
START -520 -2980 14376 -2801 2629 11143 END
START -1164 -2076 14252 -2912 2103 11961 END
START -1752 -604 13952 -2892 1734 12367 END
START -2412 464 14028 -2914 1487 12297 END
START -3200 1340 13760 -2933 1182 11948 END
START -3936 2140 13836 -2880 768 11353 END
START -4700 2592 14120 -2913 256 10746 END
START -5468 3368 14076 -3128 -137 10199 END
START -6068 3928 14164 -3299 -324 9579 END
START -6604 4688 14320 -3342 -572 8928 END
START -6964 5120 14532 -3163 -859 8118 END
START -7592 5476 14832 -3064 -1097 7132 END
START -7820 5580 14964 -2807 -1268 6034 END
START -7944 5640 15236 -2701 -1449 4877 END
START -7880 5312 15632 -2601 -1472 3824 END
START -7804 4744 16012 -2601 -1542 3006 END
START -7536 4340 16048 -2627 -1479 2577 END
START -7344 3884 16272 -2116 -1296 2413 END
START -7168 3608 16596 -1415 -1058 2247 END
START -6828 3216 16964 -972 -625 2188 END
START -6480 2808 17224 -991 -274 2097 END