START -4800 -2428 16268 -108 -637 2136 END
START -6480 1328 12820 -1724 -1544 2372 END
START -3728 -364 15552 -823 -990 2379 END
START -5092 -1948 14784 -245 -662 1845 END
START -4932 -1860 14912 -230 -1225 1489 END
START -4420 -1772 14528 54 -1181 1365 END
START -4476 -2100 14140 284 -1102 1321 END
START -4128 -2212 14132 873 -1268 1431 END
START -3844 -2068 14164 1155 -1054 1762 END
START -3956 -1792 14232 1300 -1131 2095 END
START -4048 -1308 14160 1290 -1336 2378 END
START -4408 -800 13992 1377 -1556 2348 END
START -4656 -288 14088 1403 -1887 2083 END
START -4760 24 14236 1395 -2275 1681 END
START -4732 84 14316 1436 -2692 1220 END
START -4732 212 14300 1431 -3135 853 END
START -4656 -16 14624 1378 -3628 527 END
START -4240 -280 15044 1197 -3965 276 END
START -4104 -236 15304 923 -4182 115 END
START -4128 -308 15168 836 -4242 -76 END
START -3716 -444 15380 1012 -4410 -295 END
START -3800 -816 15064 1623 -4551 -427 END
START -3380 -860 15360 2104 -4896 -501 END
START -3240 -1028 15332 3239 -4498 -371 END
START -3368 -1320 15256 4329 -4530 -262 END
START -2680 -1872 14800 216 -6860 -1242 END
START -2992 -2056 15760 4559 -6583 -59 END
START -2176 -1132 16492 1924 -7379 221 END
START -1284 -748 16700 2182 -4430 703 END
START -2260 -1192 15996 -365 -5731 397 END
START -1988 -1192 16108 919 -5131 486 END
START -2008 -1056 15344 366 -5940 451 END
START -2540 -932 16252 854 -6078 506 END
START -2248 -908 16244 1171 -6648 535 END
START -2632 -760 17136 1382 -6626 662 END
START -2164 -564 17532 1682 -6420 715 END
START -2032 -420 18028 1427 -6211 650 END
START -1984 -316 17932 1315 -5973 560 END
START -2284 -580 17780 1217 -6169 410 END
START -2372 -700 17776 1716 -6367 372 END
START -2828 -1000 18248 1789 -6525 556 END
START -3112 -976 18752 1504 -6590 849 END
START -3428 -804 18860 1698 -6238 1280 END
START -3852 -184 19332 2214 -6029 1719 END
START -4388 704 19560 2887 -5746 1869 END
START -4680 1372 20192 3197 -5643 1630 END
START -4892 2000 21304 2992 -5245 1115 END
START -5084 1932 21368 2215 -4801 206 END
START -5160 1580 21132 1502 -4496 -637 END
START -5044 844 20912 1164 -4518 -1094 END
START -4884 644 21092 1097 -4411 -1067 END
START -4772 472 21396 1054 -4358 -927 END
START -4912 512 22000 820 -4198 -776 END
START -5148 692 22064 858 -3868 -729 END
START -5020 696 22276 1006 -3414 -740 END
START -4876 916 22684 1138 -2723 -720 END
START -4756 1016 22680 1025 -2129 -861 END
START -4376 920 22612 938 -1549 -1100 END
START -4180 736 22320 786 -1085 -1242 END
START -3616 600 22184 490 -720 -1312 END
START -3496 472 21748 198 -432 -1250 END
START -3048 512 21568 3 -52 -1086 END
START -2904 652 21032 2 312 -882 END
START -2468 824 20512 124 763 -794 END
START -2220 1088 20300 485 1292 -739 END
START -2012 1312 19740 727 1767 -700 END
START -1640 1452 19288 658 1984 -743 END
START -1496 1420 18636 677 2093 -772 END
START -1344 1828 18108 707 1930 -859 END
START -1308 2176 17516 707 1739 -968 END
START -1196 2596 17084 769 1495 -1197 END
START -1124 2848 16972 725 1233 -1510 END
START -1016 3012 16632 722 1011 -1876 END
START -1064 2912 16356 916 674 -2254 END
START -1060 3020 16216 1052 360 -2527 END
START -1140 2932 16140 1037 79 -2898 END
START -1408 3020 16292 907 -370 -3263 END
START -1552 3016 16464 546 -828 -3587 END
START -1844 3092 16436 589 -1239 -3901 END
START -2140 3152 16984 592 -1613 -4198 END
START -2600 3280 17656 553 -1783 -4473 END
START -2320 3572 17240 718 -1744 -4684 END
START -3172 3436 18588 1066 -1329 -5192 END
START -3452 3040 19144 494 -1134 -5859 END
START -3488 2712 19520 558 -1013 -6238 END
START -3564 2400 19824 251 -730 -6624 END
START -3572 1940 20100 137 -188 -6896 END
START -3316 1496 20316 -418 465 -7145 END
START -3308 1004 20480 -1216 1124 -7354 END
START -3344 476 20440 -1649 2243 -7396 END
START -3252 -16 21284 -2349 2795 -7761 END
START -3580 -728 20080 -1461 761 -8479 END
START -2704 -516 20808 -541 2428 -7471 END
START -2656 -1256 20656 -375 1873 -7496 END
START -2644 -1764 21096 -260 2790 -7156 END
START -2492 -2160 21112 -1077 3826 -6793 END
START -2324 -2668 20548 -2037 4140 -6460 END
START -2312 -2932 20220 -1639 4832 -5998 END
START -2048 -3092 19888 -331 5456 -5355 END
START -1932 -3400 19552 -1808 6262 -4813 END
START -3056 -3400 21472 -2581 7879 -5001 END
START -2468 -3096 19260 8 6851 -3879 END
START -2336 -3356 17896 -689 6076 -3920 END
START -2456 -3480 18404 -733 6090 -3590 END
START -2388 -3660 18132 -121 6154 -2840 END
START -2380 -3580 18080 -647 6245 -2422 END
START -2620 -4000 18236 421 5574 -1796 END
START -2856 -4484 18492 353 4887 -1738 END
START -2456 -3728 17976 -1978 6671 -1405 END
START -2728 -4008 18308 -953 5255 -866 END
START -2384 -4004 18212 -1140 5568 -306 END
START -2748 -3808 18416 -1016 5773 236 END
START -2912 -3804 18352 -670 5787 581 END
START -2792 -3940 18296 -898 6167 862 END
START -2940 -3976 18024 -1257 6455 1216 END
START -2752 -4028 17720 -1515 6508 1609 END
START -2860 -3884 17388 -1535 6660 2095 END
START -2648 -3832 17056 -1530 6610 2674 END
START -2468 -3800 17136 237 5715 3982 END
START -2080 -2248 16368 1438 -301 1615 END
START -2400 -3948 16516 -1557 5994 3941 END
START -2324 -3724 15980 -2184 4430 3498 END
START -2136 -3532 16216 -2242 4702 4262 END
START -2392 -3096 15776 -1895 4436 4646 END
START -2280 -3664 15392 -2658 4855 4618 END
START -1840 -3400 15204 -2606 4147 5072 END
START -1980 -3664 14752 -2614 4508 5719 END
START -1892 -3380 14512 -2884 4216 6227 END
START -1952 -3020 14280 -2856 3597 6671 END
START -2184 -2624 14232 -3007 3240 6938 END
START -2260 -2572 13992 -3451 2758 7081 END
START -2468 -2372 13816 -3884 2189 7144 END
START -2588 -2152 13492 -3910 1426 7438 END
START -2724 -1872 13420 -3589 1016 7881 END
START -3068 -1368 13464 -3172 722 8232 END
START -3232 -776 13696 -2975 436 8364 END
START -3636 -292 13884 -3107 38 8257 END
START -3640 12 14184 -3381 -430 7948 END
START -3808 256 14388 -3800 -945 7527 END
START -3848 120 14300 -4111 -1316 7051 END
START -3644 -180 14160 -4019 -1575 6792 END
START -3660 -396 14452 -3716 -1881 7049 END
START -3772 -88 14676 -3519 -2212 7519 END
START -4160 516 15260 -3797 -2488 7681 END
START -4044 1036 15500 -3434 -2489 7947 END
START -4316 1472 15304 -3678 -2737 7509 END
START -4712 1864 15612 -3220 -2994 7143 END
START -4840 2216 15664 -2796 -3168 6781 END
START -5252 2668 15976 -2587 -3278 6608 END
START -5392 3188 15780 -1139 -3119 6652 END
START -6132 3380 17048 -885 -3617 5593 END
START -6316 2728 15856 -160 -2870 5000 END
START -5676 3280 16460 238 -2951 4715 END
START -6140 3680 15424 945 -3574 4556 END
START -6024 3492 17144 987 -3932 4364 END
START -6268 3456 16812 922 -3315 4191 END
START -6564 3952 17636 853 -3022 3900 END
START -7340 3540 18504 -745 -3479 2900 END
START -6588 4212 17584 -203 -2355 2712 END
START -6740 3900 17956 -749 -2395 1882 END
START -6592 3428 17856 -79 -1771 1547 END
START -6576 3188 18108 -21 -1926 1412 END
START -6760 3060 18148 352 -1718 1332 END
START -6592 3136 18328 455 -1496 1109 END
START -6604 2920 18560 611 -1313 769 END
START -6468 2668 18380 640 -1253 379 END
START -6188 2280 18308 613 -1249 37 END
START -5856 1944 18520 585 -1200 -138 END
START -5728 1580 18212 612 -1126 -244 END
START -5608 1228 18108 793 -943 -226 END
START -5432 1004 18408 1061 -731 -126 END
START -5320 988 18204 1212 -433 -58 END
START -5228 984 18272 1418 -157 -90 END
START -5352 984 18292 1463 13 -127 END
START -5732 892 18760 1039 71 -318 END
START -5760 804 18748 305 302 -764 END