START -4876 -408 17460 724 -240 1205 END
START -3240 2364 14472 240 -1314 1347 END
START -5316 -348 19320 304 -738 1039 END
START -4896 -720 16212 571 384 579 END
START -4936 -900 17368 839 -234 725 END
START -4660 -816 17500 909 -63 912 END
START -4844 -728 17720 777 -37 1027 END
START -5000 -380 17880 371 -89 861 END
START -5000 -212 17804 -33 107 638 END
START -5060 -272 17532 -143 308 394 END
START -4872 -548 17496 159 386 402 END
START -4796 -592 17404 296 568 542 END
START -4960 -552 17264 176 673 599 END
START -5072 -408 17256 118 441 394 END
START -4960 -272 17160 -109 155 207 END
START -4996 -472 16924 -461 -26 73 END
START -4952 -484 17096 -557 -94 9 END
START -4828 -688 16824 -249 -149 39 END
START -4692 -644 17196 54 -8 117 END
START -4832 -556 17136 106 197 139 END
START -5024 -508 16928 110 258 104 END
START -4956 -348 17020 105 142 40 END
START -4908 -588 16932 88 -27 -1 END
START -4832 -596 17112 -80 -100 -9 END
START -4940 -652 17332 -269 -188 19 END
START -4764 -668 17164 -357 -225 20 END
START -4684 -756 17248 -302 -108 68 END
START -4616 -740 17340 -87 55 180 END
START -4784 -632 17300 -32 222 189 END
START -4800 -476 17316 -201 283 148 END
START -4920 -576 17108 -168 369 51 END
START -4772 -528 17020 -60 265 -89 END
START -4712 -580 16844 -108 169 -67 END
START -4664 -832 17000 -162 116 56 END
START -4780 -1004 16836 -95 59 227 END
START -4820 -1120 16764 82 -65 423 END
START -4920 -780 17148 99 52 581 END
START -4960 -636 17000 14 151 556 END
START -5012 -540 17224 -35 187 403 END
START -5176 -620 17012 -67 208 225 END
START -5092 -836 17288 10 153 144 END
START -4908 -1036 17524 -81 291 214 END
START -4772 -1308 17524 -179 461 367 END
START -4964 -1564 17148 -40 531 672 END
START -4908 -1664 17036 164 646 986 END
START -4932 -1556 17380 95 735 1189 END
START -5028 -1620 17472 -110 810 1264 END
START -5072 -1816 17172 -419 679 1173 END
START -5080 -2420 17216 -489 540 1152 END
START -4680 -2832 17672 -513 712 1481 END
START -4236 -3288 17764 -525 1052 2093 END
START -4048 -3600 17924 -519 1425 2804 END
START -3652 -3404 17608 -544 1693 3599 END
START -3788 -3076 17420 -593 1825 4170 END
START -3728 -2888 17052 -452 1813 4413 END
START -3868 -2712 16736 -406 1592 4548 END
START -3932 -2684 16528 -417 1371 4654 END
START -4008 -2732 16332 -509 1161 4860 END
START -3956 -2752 16024 -523 899 5216 END
START -3944 -2760 15844 -478 780 5589 END
START -3740 -2540 15720 -484 674 6000 END
START -3784 -2332 15428 -610 690 6199 END
START -3232 -2208 15248 -610 524 6285 END
START -3044 -2004 15024 -731 391 6421 END
START -2724 -2304 14960 -846 337 6322 END
START -2108 -2640 14648 -855 495 6234 END
START -1504 -3444 13996 -815 756 6282 END
START -500 -4168 13856 -711 901 6779 END
START -532 -4080 14232 -801 760 7945 END
START -556 -3712 13628 -666 318 9323 END
START -1008 -2652 13616 -394 -116 10280 END
START -1636 -988 13796 -262 -648 10912 END
START -2036 336 14068 -26 -1180 10879 END
START -2272 1104 14196 39 -1639 10293 END
START -2096 1436 14404 -245 -1986 9471 END
START -1804 1180 14628 -340 -2339 8868 END
START -1596 856 14620 -621 -2401 8737 END
START -1492 708 14552 -175 -2632 9016 END
START -1980 1380 15532 506 -3189 9406 END
START -2412 2076 16132 1361 -3840 9614 END
START -2584 3024 15912 2800 -4112 9755 END
START -2884 4004 15956 4682 -4118 9702 END
START -3700 6524 23960 6612 -5942 9686 END
START -1748 8820 14100 4700 -7980 8457 END
START -2956 6184 19036 366 -663 7680 END
START -4224 5684 17016 -4059 -5007 5652 END
START -3448 5892 16944 -2656 -4275 4659 END
START -3136 5388 15400 -4148 -4895 3969 END
START -3120 5500 16284 -2854 -5171 3661 END
START -3156 5128 16232 -2500 -5628 3133 END
START -3292 5244 17068 -2392 -5925 2670 END
START -3152 5208 16860 -2115 -5968 2260 END
START -3008 5360 17496 -1693 -6059 1791 END
START -2684 5112 17056 -939 -5630 1349 END
START -2632 4812 17092 -448 -5441 921 END
START -2592 4532 17392 -17 -5298 621 END
START -2660 4244 17248 -96 -5442 573 END
START -2592 4320 17284 279 -5627 698 END
START -2812 4696 17600 951 -5747 916 END
START -3216 5452 17716 1483 -5342 891 END
START -3296 6128 18272 2673 -4899 704 END
START -3672 6192 18556 3573 -4325 329 END
START -3448 6176 18776 3582 -3781 -94 END
START -3672 6068 18616 3001 -3343 -635 END
START -3272 5556 18500 2444 -3346 -1131 END
START -2884 5280 18180 2107 -3611 -1310 END
START -2892 5332 18136 2349 -3992 -1322 END
START -2976 5796 18280 2458 -4504 -1576 END
START -3132 6272 18616 3192 -4610 -2033 END
START -3384 6668 19708 4025 -4427 -2656 END
START -3308 6668 20128 4341 -3973 -3294 END
START -3200 6672 20528 4021 -3607 -3800 END
START -3324 6456 20736 4254 -4424 -4348 END
START -2728 6784 20984 3119 -3090 -3173 END
START -3640 6716 20860 2300 -3644 -4955 END
START -2684 7240 20048 2480 -3940 -5597 END
START -2656 7212 20524 1856 -4305 -6315 END
START -2360 6600 19660 2285 -3535 -6930 END
START -2052 6164 20008 1891 -3547 -7366 END
START -2052 5732 19496 1773 -3309 -7671 END
START -2008 5272 19368 1318 -3498 -8185 END
START -1788 4852 19356 916 -3621 -8556 END
START -1808 4092 19328 370 -3745 -8952 END
START -1404 3404 19260 85 -3564 -9239 END
START -1128 2484 18976 48 -3281 -9256 END
START -732 1488 18812 38 -3080 -9120 END
START -484 428 18844 -109 -2942 -8932 END
START -208 -468 18852 -734 -2911 -8597 END
START -24 -1068 18656 -1310 -2915 -8133 END
START 256 -2136 18724 -1873 -2733 -7441 END
START 1268 -2324 18652 -2140 -1899 -6094 END
START -216 -3584 19936 -3296 -2465 -5877 END
START 1112 -4996 24444 -3939 502 -5984 END
START 1976 -1716 19496 81 1256 -3214 END
START -32 -2260 19140 2001 -449 -2974 END
START 592 -2260 19620 2848 -1161 -2650 END
START -148 -2396 20356 2161 -508 -2132 END
START -48 -2040 20164 2024 -442 -1717 END
START -148 -1488 20288 1234 -115 -1435 END
START -268 -1172 19884 1154 208 -1205 END
START -360 -696 19956 972 325 -993 END
START -376 -364 19756 1003 684 -887 END
START -572 8 19732 696 945 -933 END
START -548 448 19708 361 1211 -1057 END
START -584 812 19464 8 1352 -1365 END
START -764 1016 19516 -578 1383 -1689 END
START -744 1208 19644 -1362 1571 -2011 END
START -824 812 18832 -2307 1599 -2280 END
START -736 360 18056 -2501 1525 -2214 END