START -4900 -272 15472 1264 631 1369 END
START -4208 2144 11844 701 -200 1533 END
START -6020 -560 16188 998 824 1116 END
START -6224 -92 15564 1277 100 1061 END
START -5708 224 15892 477 -469 442 END
START -5684 -136 16280 -49 -584 110 END
START -5872 -584 16052 -389 -822 88 END
START -5952 -576 15892 -265 -977 153 END
START -5964 -396 15804 -95 -946 336 END
START -6080 -356 16296 55 -799 501 END
START -6276 -284 16396 2 -706 476 END
START -6400 -228 16456 -81 -623 368 END
START -6608 -128 16084 105 -554 224 END
START -6592 -368 16240 497 -521 0 END
START -6456 -768 16652 711 -593 -50 END
START -6628 -916 16544 664 -616 -64 END
START -6560 -824 16672 456 -817 28 END
START -6612 -752 17088 173 -869 86 END
START -6676 -716 17064 -76 -947 -62 END
START -6488 -700 16860 -209 -879 -172 END
START -6560 -728 17096 -30 -605 -166 END
START -6504 -900 17116 201 -387 -120 END
START -6460 -1056 17016 356 -203 65 END
START -6632 -1032 17168 435 56 234 END
START -6748 -1032 17124 395 -28 262 END
START -6868 -1156 17048 272 -72 234 END
START -6644 -1216 17072 243 -171 248 END
START -6616 -1360 16996 173 -212 324 END
START -6472 -1416 17052 -1 -122 440 END
START -6592 -1452 17012 -113 -150 497 END
START -6612 -1500 17172 -174 -202 435 END
START -6516 -1584 17168 -233 4 416 END
START -6384 -1960 17228 -296 170 418 END
START -6308 -2420 16968 -387 317 631 END
START -6092 -2952 16796 -442 438 1014 END
START -6176 -3280 16728 -553 448 1422 END
START -5972 -3696 17060 -688 541 1930 END
START -5712 -3956 16904 -988 616 2518 END
START -5788 -4120 16552 -1134 665 3085 END
START -5604 -4284 16148 -1048 696 3487 END
START -5320 -4528 16116 -1067 485 3804 END
START -4964 -4724 16012 -1266 108 4257 END
START -4612 -4980 15844 -1761 -161 4784 END
START -4292 -5012 15856 -2013 -598 5506 END
START -3696 -5144 15352 -2116 -862 6392 END
START -3204 -5076 15152 -2160 -936 7479 END
START -2856 -4812 14900 -2247 -1044 8617 END
START -2476 -4028 14920 -2307 -1088 9587 END
START -2488 -3004 14788 -2346 -975 10106 END
START -2856 -2132 14476 -2276 -811 10124 END
START -2628 -1620 14500 -2468 -842 9726 END
START -2628 -1636 14276 -3097 -832 9436 END
START -2304 -1936 14072 -3804 -855 9322 END
START -1756 -2244 13636 -4226 -1126 9577 END
START -1588 -2156 13340 -4155 -1332 10118 END
START -1460 -1848 13032 -3284 -1450 10734 END
START -1548 -1216 12824 -1942 -1812 11190 END
START -2012 -464 13484 -644 -2360 11370 END
START -2080 288 13792 -273 -3370 11438 END
START -2412 1424 15204 -727 -3984 11371 END
START -2716 2172 15480 -804 -4273 11096 END
START -3132 2648 15512 -1395 -6274 10647 END
START -3116 3064 15256 -971 -7560 10148 END
START -3160 3268 14688 28 -7771 9779 END
START -2804 3884 14500 1461 -7434 9469 END
START -4900 2984 17936 -3308 -5692 8587 END
START -2484 4056 14392 -5257 -6691 8303 END
START -3540 4608 17316 -1134 -5727 7923 END
START -2568 4480 15924 -2674 -6934 7285 END
START -2768 5256 17668 -2031 -5909 6934 END
START -2408 5212 16868 -1814 -5618 6394 END
START -2280 5932 17856 -2336 -6421 5765 END
START -2192 5944 17568 -1556 -6393 5111 END
START -2028 6024 17944 -1283 -6336 4251 END
START -1856 6116 18208 -572 -6007 3453 END
START -1940 5840 18308 -183 -6098 2681 END
START -1752 5860 18460 201 -5863 2001 END
START -1508 5768 18744 378 -5733 1433 END
START -1492 5640 18596 626 -5725 984 END
START -1796 5504 18368 563 -5884 579 END
START -1620 5440 18384 625 -6086 191 END
START -1608 5704 18508 1068 -6257 -126 END
START -1532 5948 18892 2050 -6105 -470 END
START -1588 6208 19484 2901 -5526 -827 END
START -1848 6240 19968 3319 -4928 -1376 END
START -1688 6440 20148 3107 -4579 -2068 END
START -8424 11584 24540 5510 -1242 2833 END
START -11248 18644 32767 -392 -18310 -10361 END
START -2392 7976 18548 -24847 -9223 -13006 END
START 400 4360 15672 -7641 -3004 -12727 END
START 3480 1908 9072 6420 1682 -9788 END
START 2020 -252 17972 16049 4934 -5444 END
START -848 704 24496 19162 -572 -3086 END
START -1936 1700 26616 9087 -3170 -4594 END
START -3616 1808 28336 1936 -110 -6646 END
START -2176 756 21808 -6490 -904 -8259 END
START -1892 -104 18660 -1161 1914 -7640 END
START -1776 -392 16700 545 630 -6233 END
START -2240 112 16704 4353 288 -4654 END
START -2864 1096 17568 5068 -2056 -3876 END
START -3352 2356 18748 5921 -2021 -3609 END
START -3652 3428 18672 5769 -1401 -3871 END
START -4012 4136 18928 6291 -634 -4476 END
START -4116 4608 18764 5988 -748 -5334 END
START -4428 4508 18724 5203 -1177 -6514 END
START -4244 3868 18504 4064 -2062 -7804 END
START -3876 3096 18468 3068 -2874 -8763 END
START -3400 2080 18596 2125 -3516 -9378 END
START -2792 1132 18744 1579 -3625 -9597 END
START -2560 376 19388 1167 -3586 -9427 END
START -2084 -60 19620 974 -3010 -8968 END
START -2000 -296 20064 740 -2283 -8535 END
START -1740 -812 20316 620 -1130 -8149 END
START -1760 -1552 20252 -632 -394 -7920 END
START -1912 -2380 19876 -1878 -168 -7671 END
START -932 -2784 19480 -1579 395 -7200 END
START -692 -2144 19268 -4178 259 -6705 END
START -2896 1768 14752 -3464 999 -6927 END
START -2372 -5592 18668 -1615 2736 -6417 END
START -608 -3652 18728 -1268 896 -4683 END
START 488 -2808 19388 106 501 -3531 END
START -252 -3528 19032 795 1178 -2674 END
START -456 -2880 19376 621 1102 -2078 END
START -416 -2324 19152 911 1861 -1410 END
START -524 -1940 18884 566 1919 -1138 END
START -664 -1684 18736 425 2215 -915 END
START -616 -1532 18356 91 2070 -703 END
START -624 -1212 18024 63 2045 -327 END
START -804 -920 17508 181 2026 -12 END
START -944 -536 17556 359 1964 98 END
START -1044 -292 17540 182 1836 109 END
START -1200 -236 17584 -259 1548 43 END
START -1240 -112 17564 -680 1263 79 END
START -1104 124 17248 -1022 1074 146 END
START -1364 140 17096 -972 976 199 END
START -1256 400 17340 -753 993 247 END
START -1336 512 17856 -641 1003 320 END
START -1496 616 18272 -591 1074 417 END
START -1516 844 18908 -750 1397 367 END
START -1656 1076 18836 -1451 1884 325 END
START -1704 1024 18396 -1293 2507 323 END