START -4756 -412 17664 1063 -363 632 END
START -6912 3848 10936 -224 -1083 507 END
START -4592 520 18060 187 -439 -169 END
START -5216 -976 16568 318 -316 -11 END
START -4740 -1100 17052 -187 -706 48 END
START -4600 -1416 17108 -275 -629 494 END
START -4824 -1716 17092 -608 -577 1014 END
START -5040 -1584 17024 -569 -559 1407 END
START -5544 -1028 16712 -232 -526 1401 END
START -5744 -676 16900 220 -491 992 END
START -5660 -672 17068 353 -489 618 END
START -5700 -904 17220 244 -362 385 END
START -5756 -976 17104 130 -393 296 END
START -5944 -1188 16860 383 -376 245 END
START -5756 -1080 17092 620 -534 253 END
START -5660 -1048 17164 606 -468 455 END
START -5980 -992 17580 438 -474 602 END
START -6116 -640 17632 153 -504 556 END
START -5992 -408 17728 -59 -334 329 END
START -6320 -616 17740 -38 -162 104 END
START -6012 -932 17808 168 -73 -132 END
START -5860 -1128 17840 269 135 -115 END
START -5920 -1512 17672 267 427 57 END
START -5912 -1652 17780 255 463 271 END
START -5664 -1780 17776 216 617 458 END
START -5852 -1804 17832 44 698 572 END
START -5636 -2076 17724 -233 634 595 END
START -5476 -2284 17876 -471 661 753 END
START -5360 -2784 17568 -551 846 984 END
START -5180 -3116 17916 -630 952 1299 END
START -5084 -3520 17568 -744 1161 1850 END
START -4756 -3372 17272 -718 1543 2380 END
START -4760 -3188 17016 -516 1758 2652 END
START -4724 -3108 16808 -368 1930 2801 END
START -4632 -3260 16508 -378 1916 2965 END
START -4424 -3564 16416 -588 1768 3219 END
START -4384 -3676 16248 -833 1626 3588 END
START -4108 -3736 16168 -1178 1415 4051 END
START -4232 -3720 15672 -1515 1320 4570 END
START -4120 -3732 15684 -1827 1217 4951 END
START -4116 -3552 15456 -1979 1143 5334 END
START -3704 -3360 15228 -1976 1140 5795 END
START -4008 -3144 14940 -1974 1181 6243 END
START -3848 -2780 14896 -1778 1054 6517 END
START -3760 -2176 14568 -1660 1076 6786 END
START -3808 -1868 14448 -1581 887 6815 END
START -3340 -1920 14356 -1501 545 6760 END
START -2944 -1976 14224 -1565 248 6857 END
START -2780 -2156 14268 -1810 -289 7016 END
START -2812 -1980 14140 -2106 -986 7270 END
START -2560 -1588 14176 -2323 -1765 7462 END
START -2556 -1068 14144 -2493 -2182 7439 END
START -2660 -924 14104 -2562 -2294 7231 END
START -2752 -616 14420 -2688 -2454 6997 END
START -2632 -668 14412 -2629 -2791 6820 END
START -2132 -760 13924 -2464 -2764 6860 END
START -2032 -488 14120 -2343 -2649 7098 END
START -2072 -120 14460 -1692 -3013 7350 END
START -2256 336 14708 -1317 -3391 7376 END
START -2508 732 14864 -667 -4111 7205 END
START -2512 848 14972 136 -4752 6931 END
START -2560 880 14812 1286 -4968 6636 END
START -2584 416 14632 2476 -5235 6335 END
START -3308 2292 20492 -1882 -10859 6022 END
START 744 1776 13336 1039 -3982 6832 END
START -2840 1452 18176 -1901 -6191 6663 END
START -2092 2152 16224 -1113 -5118 6771 END
START -2764 2760 17492 -2683 -6088 6132 END
START -2732 3232 16596 -2076 -5543 5483 END
START -2728 3472 16624 -2550 -6458 4569 END
START -2804 3260 17060 -1921 -6714 3949 END
START -2428 3240 17268 -2112 -7423 3349 END
START -2148 3028 18020 -1854 -7671 2988 END
START -1988 2924 18268 -1961 -7952 2772 END
START -1768 2992 18652 -1742 -7896 2621 END
START -1512 3020 18768 -1197 -7571 2644 END
START -1508 3248 18936 -463 -7209 2603 END
START -1576 3512 18868 280 -6676 2433 END
START -1792 3804 18644 1231 -6446 2052 END
START -1800 4036 18960 1953 -6343 1702 END
START -1832 4460 19260 2172 -6346 1481 END
START -2072 4852 19732 2234 -6425 1195 END
START -2204 5328 19900 2717 -6208 885 END
START -2272 6004 20380 2849 -5981 456 END
START -2276 6688 20224 3643 -5499 -53 END
START -2524 7284 20440 3987 -5341 -743 END
START -3140 9004 21312 6052 -5371 -1780 END
START -2568 7184 22444 3363 -6236 -3586 END
START -2556 7052 20912 1313 -5463 -4176 END
START -2384 5796 19660 1201 -6290 -5008 END
START -2152 5432 20432 65 -6691 -5364 END
START -1824 5400 19968 485 -6192 -5354 END
START -2220 5480 21032 1171 -5624 -5568 END
START -2232 5396 21148 2285 -4501 -5836 END
START -2432 5256 21148 3077 -3487 -6252 END
START -2128 4912 20916 3922 -2546 -6669 END
START -2112 4488 20528 4236 -1944 -7050 END
START -2104 4220 19856 4610 -1496 -7449 END
START -1860 3716 19688 4379 -1693 -8222 END
START -1896 2912 19556 3127 -2272 -9126 END
START -1716 1560 19108 1448 -3175 -9902 END
START -1292 320 18628 642 -3919 -10242 END
START -716 -1020 18444 303 -4355 -10017 END
START -644 -2124 18424 499 -4285 -9301 END
START -544 -2536 18848 873 -3968 -8406 END
START -732 -2876 19112 1123 -3379 -7709 END
START -760 -3136 19216 910 -3112 -7276 END
START -736 -3452 18848 646 -2921 -7020 END
START -524 -3880 19032 -112 -3357 -6853 END
START -244 -4308 18996 -1194 -3526 -6501 END
START -268 -4564 19540 -2083 -3936 -5875 END
START 244 -5904 20948 -4107 -2143 -5089 END
START -216 -3824 20832 -5481 -2063 -4187 END
START -1280 -6372 17260 736 2449 -4650 END
START -1160 -3596 21944 -2455 -1203 -3398 END