START -6668 -2280 18036 44 337 2074 END
START -9024 2064 11252 -1307 -213 2086 END
START -6560 -1308 18556 -700 106 1437 END
START -7240 -2152 17084 -348 643 1851 END
START -6732 -2096 17748 -493 431 1697 END
START -6408 -2256 17492 -462 541 1672 END
START -6028 -2464 17352 -794 557 1679 END
START -5908 -2620 17172 -1063 748 1955 END
START -5756 -2688 16704 -1134 813 2124 END
START -5604 -2804 16608 -1098 759 2353 END
START -5496 -2708 16412 -1022 781 2513 END
START -5440 -2840 16684 -988 784 2593 END
START -4896 -2936 16604 -1089 1020 2789 END
START -4680 -3348 16048 -1247 1280 3145 END
START -4212 -3576 15788 -1195 1346 3508 END
START -3688 -3736 15164 -1223 1344 4044 END
START -3352 -3756 14924 -1269 1220 4537 END
START -3144 -4004 14376 -1320 1011 5043 END
START -3040 -3900 13820 -1286 739 5428 END
START -2980 -4076 13788 -1203 244 6003 END
START -3056 -3848 13768 -1025 28 6607 END
START -3120 -3500 13752 -760 -253 7225 END
START -3260 -2960 13936 -605 -488 7832 END
START -3360 -2244 13868 -489 -650 8154 END
START -3156 -1464 13928 -536 -896 8120 END
START -3108 -1156 14160 -871 -1330 7888 END
START -2576 -1264 13860 -1526 -1983 7547 END
START -2336 -1716 13580 -2244 -2883 7340 END
START -2140 -2316 13364 -2635 -3675 7643 END
START -1992 -2640 13796 -2737 -3959 8233 END
START -2380 -2356 14476 -2642 -4109 9157 END
START -2048 -1716 14604 -2080 -4348 10083 END
START -2536 -452 14700 -896 -4622 10589 END
START -2576 1056 14504 1084 -4646 10692 END
START -2792 1996 14376 3489 -4370 10464 END
START -2816 2408 14792 5466 -4449 9956 END
START -2728 3528 13364 278 -11088 9137 END
START -820 4408 17528 2772 -4352 8782 END
START -4056 3556 17824 -5076 -6530 7963 END
START -3380 2988 15868 -2626 -4674 7681 END
START -2896 4804 15940 -5241 -6287 7545 END
START -4096 4616 16784 -2379 -5926 6895 END
START -3852 5304 17188 -2768 -6504 6211 END
START -4296 5760 17844 -2017 -6338 5326 END
START -4348 5804 17516 -1962 -6519 4233 END
START -3872 5352 17464 -1283 -6275 3298 END
START -3336 5084 17768 -1045 -6375 2732 END
START -3628 5020 17908 -1207 -6789 2133 END
START -3360 4920 18024 -892 -6839 1487 END
START -3336 4800 18512 -1340 -7074 903 END
START -3024 4580 18272 -1557 -7291 374 END
START -2796 4348 18328 -1484 -7437 -80 END
START -2612 4268 18252 -1127 -7482 -467 END
START -2404 4108 18304 -557 -7422 -942 END
START -2244 3932 18288 9 -7259 -1347 END
START -2104 3784 18420 391 -7183 -1720 END
START -1840 3460 18336 753 -6998 -1900 END
START -1944 2992 18280 1311 -6890 -1949 END
START -2296 2988 18352 1598 -7171 -1917 END
START -2308 3060 18768 1438 -7491 -1932 END
START -2620 3276 19232 1448 -7438 -1903 END
START -2920 3588 19364 1718 -7127 -2020 END
START -3252 4144 19848 2340 -6618 -2092 END
START -3444 4692 20292 2906 -5928 -2200 END
START -3716 4992 20656 3048 -5119 -2501 END
START -4036 5224 20524 3315 -4346 -2936 END
START -3932 5348 20324 3393 -3937 -3460 END
START -4140 5420 20188 3415 -3971 -4044 END
START -3960 5364 20240 3211 -4310 -4879 END
START -4080 5076 20328 2565 -4454 -5690 END
START -4076 4612 20336 1915 -4528 -6387 END
START -3920 4168 20220 1784 -4309 -6761 END
START -3744 4060 20464 2103 -4067 -6900 END
START -3740 3848 20820 2631 -3417 -7132 END
START -3560 3688 21132 2766 -2759 -7420 END
START -3132 3496 20908 2537 -2289 -7923 END
START -2820 2808 20700 2269 -2039 -8585 END
START -2272 2156 20320 1523 -2268 -9151 END
START -2028 1032 20320 801 -2433 -9622 END
START -1596 -48 20168 -77 -2853 -10011 END
START -940 -1432 20124 -890 -2964 -10135 END
START -340 -2804 20312 -1538 -2741 -9820 END
START 576 -4168 20164 -2510 -2194 -9126 END
START 1432 -4168 21244 -2754 -1202 -8475 END
START -684 -8348 19612 94 1402 -8051 END
START 1528 -5160 21424 -2267 1042 -6561 END
START -84 -6596 18572 925 -401 -5529 END
START 1836 -4960 20540 716 0 -4130 END
START 1316 -5316 19704 647 548 -3358 END
START 1256 -4824 20156 337 945 -2561 END
START 1520 -4588 19724 -138 1429 -1775 END
START 1284 -4092 19128 -483 1568 -1066 END
START 1296 -3464 18696 1 2209 -425 END
START 1164 -2848 18596 152 2488 31 END