START -5608 -524 15992 -129 44 503 END
START -5532 -564 16296 -264 98 531 END
START -5492 -516 16240 -212 105 570 END
START -5636 -512 16100 -132 289 533 END
START -5712 -428 15956 -50 178 478 END
START -5712 -632 16084 -235 125 372 END
START -5884 -756 16128 -339 -137 272 END
START -5664 -816 16236 -380 -382 244 END
START -5792 -768 16052 -386 -520 309 END
START -5976 -712 15972 -249 -435 328 END
START -6052 -868 16312 56 -505 300 END
START -5896 -740 16208 165 -353 258 END
START -6036 -824 16548 177 -313 194 END
START -6076 -648 16596 123 -287 172 END
START -6060 -740 16596 157 -353 117 END
START -6068 -752 16684 186 -360 60 END
START -6016 -740 16684 275 -379 -53 END
START -6116 -756 16824 321 -410 -113 END
START -6132 -836 16904 198 -406 -150 END
START -5888 -880 16980 -23 -397 -96 END
START -6120 -1184 16916 -140 -236 69 END
START -6080 -1252 16848 -57 -170 183 END
START -6132 -1192 16968 35 -47 307 END
START -6212 -1160 17056 -31 170 331 END
START -6104 -1144 16936 -50 252 279 END
START -6164 -1196 16752 -80 332 337 END
START -6280 -1032 16536 34 238 307 END
START -6240 -1128 16656 207 58 246 END
START -6308 -1108 16856 104 -28 196 END
START -6536 -1104 17040 -173 33 59 END
START -6524 -1252 16828 -370 -6 29 END
START -6480 -1392 16956 -366 7 58 END
START -6428 -1556 16900 -312 79 160 END
START -6500 -1652 16992 -332 158 198 END
START -6236 -1692 17016 -366 175 273 END
START -6308 -2016 16940 -407 207 386 END
START -6204 -2272 17000 -442 302 452 END
START -5888 -2756 16852 -491 295 699 END
START -5792 -3076 17036 -588 275 1016 END
START -5468 -3328 17160 -837 277 1489 END
START -5248 -3580 17056 -1028 440 2072 END
START -5072 -3396 17136 -1218 576 2688 END
START -5072 -3436 16980 -1288 700 3236 END
START -4768 -3280 16972 -1408 805 3736 END
START -4808 -3008 16780 -1497 921 4016 END
START -4560 -2960 16568 -1644 1057 4104 END
START -4236 -3016 16360 -1867 1044 4236 END
START -4232 -3440 15864 -2026 1156 4303 END
START -3892 -3588 15436 -2081 1020 4558 END
START -3568 -3568 15044 -2084 689 4995 END
START -3488 -3484 14860 -2121 314 5476 END
START -3124 -3216 14648 -2186 83 5912 END
START -3188 -3112 14684 -2310 -103 6254 END
START -2992 -3088 14344 -2252 -123 6541 END
START -2624 -3064 14080 -2228 -102 6746 END
START -2596 -3160 13972 -2104 -307 6893 END
START -2468 -3224 13400 -1954 -528 7195 END
START -2272 -3072 13584 -1731 -926 7712 END
START -1940 -2840 13044 -1861 -1544 8462 END
START -3184 -2172 14564 -1711 -1072 9127 END
START -3380 -1832 13868 -69 -1215 9872 END
START -3340 -612 14560 -825 -1478 10132 END
START -3864 400 14400 -731 -1835 9791 END
START -4756 1360 16700 -2131 -1854 8027 END
START -2412 212 13280 2147 -2629 8667 END
START -2516 2244 14560 3308 -3986 8514 END
START -4356 3460 20412 1524 -7033 7800 END
START -4372 1072 16968 -2214 -2693 8034 END
START -5864 996 18660 -3405 -5059 6914 END
START -3584 1808 15752 -2638 -5890 6732 END
START -3536 2220 17788 -4814 -6817 6097 END
START -2892 2144 17112 -3980 -5869 5917 END
START -2924 2372 17776 -4824 -6582 5388 END
START -2924 2548 17728 -3963 -5803 5117 END
START -2616 2584 17432 -3770 -5671 4742 END
START -2784 2992 17456 -2929 -5162 4490 END
START -3152 3388 17008 -2415 -5096 3967 END
START -3204 3148 16392 -1773 -5150 3283 END
START -3268 2956 16216 -1070 -5348 2573 END
START -3160 2792 16100 -668 -5657 2083 END
START -3212 2740 16292 -407 -6039 1757 END
START -3096 2776 16560 -367 -6660 1622 END
START -2852 2892 17156 -375 -7025 1549 END
START -3312 3268 17888 -759 -7276 1421 END
START -3512 3540 18044 -639 -7183 1167 END
START -3852 4000 18276 -338 -7042 732 END
START -4100 4168 18416 -1 -6840 215 END
START -4180 3980 18240 530 -6509 -260 END
START -4120 3804 18204 1147 -6215 -638 END
START -4056 3548 18452 1711 -6085 -884 END
START -4156 3504 18556 2011 -6085 -1008 END
START -4312 3760 19284 2492 -6156 -1031 END
START -4404 4232 19748 2661 -5992 -1125 END
START -4476 4660 20200 2970 -5556 -1442 END
START -4556 4972 20460 3109 -5149 -1986 END
START -4356 4980 20572 3185 -4628 -2646 END
START -4188 4636 20256 3243 -4320 -3358 END
START -4016 4184 20048 2962 -4095 -3823 END
START -3628 3708 19844 3177 -3868 -4058 END
START -3528 3508 19784 3288 -3820 -4156 END
START -3464 3636 19636 3411 -3668 -4333 END
START -3228 3396 19700 3580 -3430 -4687 END
START -2996 3248 19992 3435 -3306 -4970 END
START -2832 3156 19840 3159 -3237 -5349 END
START -2300 2800 19972 2789 -3323 -5706 END
START -2200 2536 19944 2663 -3217 -5839 END
START -1808 2196 19760 2563 -3093 -5980 END
START -1576 1984 19708 2657 -2609 -5961 END
START -1488 1596 19664 2667 -2360 -6020 END
START -1296 1552 19544 2672 -2023 -5962 END
START -1388 1476 19272 2664 -1677 -5965 END
START -1428 1228 19220 2149 -1742 -6248 END
START -1392 944 18924 1683 -1887 -6555 END
START -1140 480 18728 1228 -2186 -6832 END
START -984 -132 18624 804 -2235 -7034 END
START -600 -796 19000 309 -2311 -7005 END
START -400 -1372 17104 -749 -2150 -6582 END
START -476 -1848 19100 -1138 -1155 -6336 END
START 548 -1192 19632 1199 -373 -5233 END
START -532 -2324 18628 636 -62 -5313 END
START -388 -1964 19212 1304 394 -4737 END
START -80 -2092 19020 1086 547 -4483 END
START -408 -2400 19192 974 44 -4311 END
START -196 -2748 18832 797 -196 -4044 END
START -56 -2796 19024 408 -327 -3671 END
START 200 -2740 18992 458 -631 -3108 END
START -92 -2868 19528 537 -521 -2767 END
START 24 -2708 19456 351 -170 -2234 END
START -36 -2428 19508 367 298 -1641 END
START -96 -2188 19344 465 786 -1065 END
START -340 -1904 19504 495 1180 -564 END
START -420 -1256 18992 375 1523 -240 END
START -380 -852 18880 176 1731 -81 END
START -412 -492 18800 26 1844 -38 END
START -688 -276 18496 -205 1765 -100 END
START -676 -132 18264 -394 1581 -144 END
START -652 -132 18064 -528 1428 -131 END
START -688 -164 18056 -681 1286 21 END
START -476 -224 17924 -883 1236 250 END
START -436 -36 18036 -1040 1274 543 END
START -408 72 17884 -1118 1292 834 END
START -296 96 18136 -1151 1371 1030 END
START -464 348 17920 -1211 1460 1237 END
START -500 612 17796 -1137 1704 1390 END
START -456 968 17924 -683 2096 1429 END
START -468 1360 18680 -625 2292 1406 END