START -6324 -104 17928 -126 110 745 END
START -7624 3952 14464 -1048 -658 736 END
START -8872 -2176 18716 -281 443 223 END
START -6532 -20 16536 410 222 365 END
START -5948 128 17296 387 227 230 END
START -6124 116 17208 374 416 239 END
START -6016 140 16972 229 133 63 END
START -5888 88 17232 56 10 -118 END
START -5664 88 16900 -274 -178 -199 END
START -5448 -100 16820 -415 -210 -237 END
START -5548 -328 16632 -603 -227 -110 END
START -5468 -452 16524 -551 -118 43 END
START -5556 -268 16384 -261 -64 182 END
START -5436 -352 16520 50 44 254 END
START -5692 -360 16456 135 197 366 END
START -5564 -352 16552 109 191 508 END
START -5564 -280 16420 -61 170 577 END
START -5876 -380 16124 -168 108 669 END
START -5988 -344 16144 -76 -29 660 END
START -5740 -240 16280 3 -217 620 END
START -5812 -96 16372 -143 -369 601 END
START -6104 4 16660 -245 -431 493 END
START -6012 -104 16644 -201 -287 346 END
START -6112 -192 16920 -95 -105 232 END
START -6052 -404 16772 -67 -18 199 END
START -6144 -716 16996 -188 61 201 END
START -6084 -928 16868 -317 -28 293 END
START -5792 -1100 16740 -397 -45 556 END
START -5872 -1240 16948 -286 25 838 END
START -5764 -1276 17168 -322 197 1015 END
START -5928 -1228 17108 -520 264 1074 END
START -6168 -1668 17248 -595 391 1147 END
START -5964 -1924 17228 -616 337 1364 END
START -5736 -2104 17596 -754 418 1740 END
START -5484 -1912 17784 -850 710 2226 END
START -5292 -1936 17840 -967 995 2629 END
START -5000 -2004 17892 -1236 970 3042 END
START -4800 -2144 17612 -1705 1092 3485 END
START -4940 -2160 17088 -2137 1140 3942 END
START -5052 -2052 16884 -2362 1004 4361 END
START -5048 -2116 16728 -2653 1152 4827 END
START -4940 -1900 16640 -2985 1286 5187 END
START -4984 -1888 16296 -3131 1594 5428 END
START -4580 -2024 16100 -3060 1718 5577 END
START -4092 -2284 15724 -3011 1994 5940 END
START -3876 -2516 15132 -3027 1990 6545 END
START -3592 -2296 14936 -3045 1765 7194 END
START -3652 -1908 14448 -3023 1374 7783 END
START -3520 -1512 14176 -2894 814 8079 END
START -3564 -1164 13960 -2693 365 8234 END
START -3428 -916 13880 -2720 -151 8270 END
START -3520 -616 14252 -2834 -778 8289 END
START -3420 -76 14088 -2885 -1173 7964 END
START -3312 44 14052 -3106 -1502 7262 END
START -2920 -216 14012 -3427 -1738 6582 END
START -2316 -996 13668 -3506 -1849 6193 END
START -1824 -1760 13228 -3217 -2281 6149 END
START -1620 -2052 13388 -2429 -2776 6803 END
START -1788 -2176 13732 -1506 -2868 7629 END
START -1976 -1648 14384 -959 -2733 8309 END
START -2164 -1096 14736 -1109 -2997 8724 END
START -2420 -332 14984 -798 -3637 9036 END
START -2588 236 14540 235 -3870 9457 END
START -3032 1044 14272 1829 -3967 9581 END
START -2708 2048 14168 3648 -4562 9508 END
START -4260 3064 7524 -2215 -10758 9042 END
START -3604 2428 16656 422 -4781 7675 END
START -2248 3400 14984 -4110 -4809 7975 END
START -3620 3640 15212 -3998 -4241 7314 END
START -3344 4028 15044 -4773 -7427 6699 END
START -3476 4948 16340 -2243 -5829 6338 END
START -3440 5204 16120 -1247 -6255 5732 END
START -3428 5972 17464 89 -6011 5094 END
START -3560 6476 17724 976 -5605 4366 END
START -3472 6552 18260 1064 -5257 3525 END
START -3292 5940 17956 1380 -5863 2822 END
START -4620 2604 17744 517 -8270 802 END
START -3312 5560 16996 310 -6526 430 END
START -2696 6192 18564 -1036 -7280 -14 END
START -2616 5708 17764 -227 -7493 -580 END
START -2460 5460 18644 246 -7744 -889 END
START -2356 5768 18772 519 -7735 -995 END
START -2460 6164 19116 522 -7580 -1427 END
START -2396 6060 19044 692 -7171 -2033 END
START -2300 6016 18828 786 -6839 -2583 END
START -2336 5604 18580 1027 -6481 -2963 END
START -2164 5144 17948 1468 -6367 -3087 END
START -2120 4928 17692 2018 -6269 -2895 END
START -2268 4916 17744 2568 -6336 -2618 END
START -2336 5028 18016 3159 -6352 -2366 END
START -2764 5316 18308 3506 -6085 -2270 END
START -3032 5268 18912 3867 -5945 -2527 END
START -3332 5528 19376 3828 -5900 -2774 END
START -3736 5728 19580 3730 -5864 -3271 END
START -3756 5860 20120 3907 -5987 -4041 END
START -3704 5676 20932 3757 -6048 -4755 END
START -3672 5212 21296 3275 -5921 -5306 END
START -3720 4836 21484 3091 -5459 -5799 END
START -3496 4600 21608 2930 -5037 -6207 END
START -3332 4252 21688 2837 -4547 -6723 END
START -3244 3948 21596 2865 -3969 -7189 END
START -2972 3628 21708 2605 -3526 -7790 END
START -2376 3184 21708 2314 -3087 -8073 END
START -2068 2896 21656 1920 -2695 -8198 END
START -2180 2632 21408 1674 -2239 -8438 END
START -1628 2480 21004 1283 -1968 -8814 END
START -1444 1756 20536 1074 -1602 -9154 END
START -1052 984 19984 933 -1300 -9442 END
START -816 196 19800 552 -1165 -9604 END
START -220 -664 19516 -531 -1336 -9463 END
START 100 -1316 19328 -1863 -1222 -9039 END
START 276 -1788 19232 -2869 -1411 -8580 END
START 1808 -940 19424 -3087 -1274 -8137 END
START 1428 -2136 18856 -3473 73 -6892 END
START -752 -3984 18732 -1110 2093 -6499 END
START -1304 -3128 20172 -240 -1235 -5873 END
START 668 -4068 17608 2192 1454 -4884 END
START 480 -4096 19392 383 -393 -4293 END
START 876 -3944 17936 2156 531 -3265 END
START 692 -3856 18588 870 -403 -2813 END
START 664 -3752 18520 1145 -11 -2012 END
START 536 -3536 19080 581 -378 -1323 END
START 536 -3096 19304 503 154 -530 END
START 372 -2684 19112 417 632 58 END
START 256 -2036 19244 451 1156 515 END
START -84 -1344 19092 470 1515 870 END
START -196 -640 18764 545 1795 855 END
START -328 -288 18636 411 1895 798 END
START -588 0 18492 87 1795 636 END
START -536 100 18476 -332 1642 511 END
START -508 256 18504 -1065 1244 419 END
START -476 412 18416 -1380 1168 402 END
START -528 752 18280 -1441 1120 422 END
START -532 1036 18176 -999 1361 438 END
START -720 1316 18048 -367 1678 357 END
START -668 1608 18056 365 1992 149 END