START -5948 -2588 18328 1045 344 1304 END
START -6444 2028 13540 -95 -973 1662 END
START -7204 -2836 19956 39 -219 1518 END
START -6456 -2696 16356 434 610 1259 END
START -6276 -2580 17500 417 59 1209 END
START -6224 -2648 17184 198 484 1245 END
START -6428 -2552 16936 189 788 1082 END
START -6176 -2708 17024 369 663 965 END
START -5892 -2880 16840 274 545 893 END
START -5844 -3216 17040 -79 502 990 END
START -5572 -3356 17124 -293 239 1213 END
START -5384 -3412 17192 -908 133 1323 END
START -5196 -3584 16736 -1343 159 1463 END
START -4736 -3840 16708 -1470 240 1664 END
START -4348 -4300 16396 -1736 450 1976 END
START -3724 -4568 15968 -1874 438 2326 END
START -3552 -4836 15632 -1786 615 2804 END
START -3232 -4904 14944 -1624 508 3317 END
START -2944 -5000 14984 -1534 748 4022 END
START -2880 -4976 14780 -1207 407 4648 END
START -2556 -4800 14820 -959 494 5330 END
START -2628 -4692 14592 -1070 582 6169 END
START -2520 -4492 14272 -1108 349 6780 END
START -2332 -4092 14324 -1405 140 7300 END
START -2004 -3704 14088 -1818 -308 7671 END
START -2080 -3096 13844 -2226 -857 7981 END
START -2664 -2560 13908 -2490 -1470 8174 END
START -2928 -2164 13928 -2276 -1703 8262 END
START -3132 -2140 13896 -2214 -1609 8339 END
START -3308 -1856 14148 -2353 -1656 8439 END
START -3068 -1724 13848 -2244 -1403 8560 END
START -3184 -1476 13744 -1820 -2023 8757 END
START -3212 -1188 13732 -667 -3122 9165 END
START -3496 -388 14092 933 -3503 9674 END
START -3648 308 14764 2881 -3828 9951 END
START -3964 960 15136 5217 -3491 9910 END
START -2736 3728 14384 -887 -9214 9139 END
START -5940 -308 14740 2348 -2870 7202 END
START -3452 3848 18840 -3112 -3476 8097 END
START -2880 -944 15280 -2787 -3405 7221 END
START -4164 2352 17116 -3965 -5189 6081 END
START -3776 2156 15736 -2684 -5139 6085 END
START -3456 2484 16216 -3002 -6454 5699 END
START -3624 2588 17244 -2163 -6082 5236 END
START -3400 2444 17372 -2467 -5929 4365 END
START -3076 1940 17344 -2700 -5726 3630 END
START -2632 1468 16276 -2348 -6071 3193 END
START -2412 1232 16240 -1376 -6424 3123 END
START -2384 1420 16612 -328 -6681 3209 END
START -2368 1748 17292 438 -6774 3288 END
START -2604 2196 17748 909 -6691 3231 END
START -2764 2396 17916 1118 -6597 3024 END
START -2696 2612 18136 1181 -6385 2783 END
START -2672 3000 18216 1433 -6138 2768 END
START -2944 3272 18400 1954 -5870 2704 END
START -3284 3764 18612 2759 -5515 2591 END
START -3552 4428 19052 3296 -5371 2392 END
START -3752 4968 18952 3612 -5339 1968 END
START -4308 5432 19212 4126 -5286 1410 END
START -4236 5784 19380 4590 -5256 726 END
START -4356 6136 19572 5033 -5017 86 END
START -4324 6296 19896 4432 -5066 -643 END
START -4828 6600 20104 3701 -5385 -1678 END
START -4968 6432 20984 4930 -7846 -2374 END
START -3512 6020 18400 2110 -5210 -3287 END
START -4748 6116 20388 1190 -6437 -4288 END
START -4412 5924 20244 1567 -5877 -5066 END
START -4016 5564 20056 1942 -5060 -5598 END
START -3816 5356 20252 2086 -5109 -6091 END
START -3492 5112 20416 1930 -4988 -6718 END
START -3236 4620 20372 1923 -4763 -7300 END
START -2864 3916 20564 1985 -4468 -7697 END
START -2580 3500 20312 1856 -4341 -7931 END
START -2432 2788 20284 1707 -4104 -8116 END
START -2292 2424 20164 1682 -3778 -8237 END
START -2068 1892 20200 1511 -3360 -8394 END
START -1668 1700 19860 1752 -2987 -8123 END
START -1652 1692 19820 2398 -2232 -7957 END
START -1608 1780 19660 2714 -1784 -7857 END
START -1764 1824 19560 2693 -1314 -7986 END
START -1648 1492 19556 2206 -1373 -8476 END
START -1328 784 19404 1129 -1596 -8706 END
START -1360 28 19088 323 -1560 -8682 END
START -1176 -524 18892 -348 -1517 -8452 END
START -1040 -1004 19248 -925 -1287 -8038 END
START -1740 -1600 18384 -198 -1133 -8078 END
START -476 -1116 19168 -244 -324 -7364 END
START -808 -2164 19508 -891 829 -7002 END
START -776 -2516 19064 -1788 1685 -6773 END
START -1376 -5584 24300 -2888 3106 -7437 END
START 120 -1808 19600 397 762 -6055 END
START 88 -3296 19116 2250 850 -5149 END
START -28 -3660 18632 904 -318 -4812 END
START -48 -3632 19344 1804 943 -4050 END
START 0 -3692 19044 922 705 -3712 END
START -52 -3616 19188 1068 987 -3234 END
START 136 -3636 18628 775 1022 -2741 END
START 72 -3444 18836 890 1319 -2224 END
START 148 -3092 18576 857 1590 -1642 END
START -204 -2900 18760 826 1551 -1225 END
START -224 -2336 18552 693 1800 -852 END
START -528 -1692 18416 359 1792 -601 END
START -728 -1268 18388 102 1974 -712 END
START -544 -1144 18324 -261 1957 -916 END
START -480 -1220 18108 -713 1843 -961 END
START -472 -1028 17820 -1016 1612 -950 END
START -344 -1240 17512 -1130 1505 -853 END
START -356 -1048 17776 -1178 1429 -535 END
START -332 -860 17728 -1364 1452 -148 END
START -588 -612 17612 -1416 1565 85 END
START -652 -308 17888 -1417 1736 196 END
START -652 160 17860 -1476 1884 94 END
START -704 220 18360 -1562 2018 -73 END