START -5504 -1508 17008 612 -325 1283 END
START -5412 680 12448 -471 -1124 1276 END
START -6292 -1312 18384 -211 -164 940 END
START -6048 -1540 16588 974 38 1043 END
START -5808 -1260 17116 964 92 814 END
START -5772 -1080 17472 1345 259 524 END
START -5716 -1040 17580 848 98 152 END
START -5568 -1392 17708 305 -28 -104 END
START -5460 -1584 17624 -288 -380 -125 END
START -5188 -1752 17216 -531 -486 102 END
START -5268 -1780 17180 -491 -466 388 END
START -5336 -1684 17264 -215 -277 459 END
START -5500 -1596 17328 -151 197 380 END
START -5368 -1560 17220 -150 370 236 END
START -5220 -1692 16968 -143 263 151 END
START -5164 -1744 16744 -20 287 263 END
START -5488 -1872 16692 130 310 416 END
START -5384 -1716 16696 325 79 542 END
START -5648 -1632 16968 318 72 658 END
START -5704 -1400 16956 235 57 624 END
START -5644 -1376 17156 121 184 615 END
START -5860 -1476 17016 -16 171 567 END
START -5800 -1324 17052 -43 85 504 END
START -5864 -1468 17296 -8 190 458 END
START -5788 -1616 17240 83 320 376 END
START -5720 -2012 17200 92 415 457 END
START -5712 -2204 17276 20 525 670 END
START -5544 -2352 17252 35 647 1025 END
START -5540 -2468 17260 42 809 1336 END
START -5448 -2420 17236 3 1067 1617 END
START -5380 -2448 17092 -4 1117 1741 END
START -5380 -2680 17044 -81 1062 1865 END
START -5092 -2940 17012 -219 1157 2080 END
START -4828 -3264 16800 -251 1180 2329 END
START -4624 -3604 16512 -295 1213 2622 END
START -4368 -3772 16288 -386 1126 2912 END
START -4272 -4240 16188 -548 895 3283 END
START -4100 -4516 16252 -744 717 3866 END
START -4272 -4608 16172 -831 607 4375 END
START -4036 -4560 16316 -843 343 4861 END
START -4012 -4244 16188 -716 468 5389 END
START -3980 -4176 16164 -503 745 5684 END
START -3880 -4180 15920 -379 970 5947 END
START -3620 -4048 15516 -207 1061 6149 END
START -3336 -4236 15464 -141 843 6459 END
START -3148 -4276 15308 -291 665 6960 END
START -2924 -4348 15264 -425 480 7502 END
START -2696 -3972 15016 -526 319 8088 END
START -2460 -3684 14800 -523 139 8626 END
START -2196 -3292 14908 -616 33 9154 END
START -1916 -2908 14940 -854 18 9611 END
START -1984 -2536 15160 -1329 -116 10011 END
START -1988 -1844 15052 -1917 -551 10507 END
START -2376 -936 14776 -2263 -758 10799 END
START -2600 -76 14728 -2453 -826 10709 END
START -2796 548 14212 -2705 -896 10345 END
START -2784 624 13916 -2706 -1106 10073 END
START -2764 1040 13720 -2879 -1616 9870 END
START -2692 1436 13400 -2432 -2269 9630 END
START -2884 1904 14188 -2296 -2962 9421 END
START -2912 2368 14596 -1798 -3438 9008 END
START -2928 2596 15128 -1099 -4094 8349 END
START -2824 2640 15024 -310 -4642 7674 END
START -2432 2608 13960 1343 -4858 7069 END
START -2652 2052 13728 2990 -4910 6255 END
START -2264 2080 16056 -805 -9360 5177 END
START -2012 1812 12212 3558 -7821 5668 END
START -380 2472 16160 -20 -6787 5173 END
START -1596 1620 15480 -693 -7028 5600 END
START -1956 1940 16548 -768 -8216 5576 END
START -1896 2824 17040 -1137 -8398 5608 END
START -2008 3428 17388 -1356 -8586 5162 END
START -2132 3620 17720 -1219 -8432 4719 END
START -2036 3840 18076 -947 -8328 4481 END
START -2308 4304 18432 -371 -8025 4374 END
START -2620 4700 18592 -124 -7660 4115 END
START -2584 5400 18712 417 -7089 3828 END
START -2852 5996 18180 1449 -6514 3643 END
START -3212 6972 18028 2627 -6007 2989 END
START -2740 7704 18172 3967 -5867 2343 END
START -2820 7880 18620 4244 -6102 1304 END
START -2524 5976 18812 2397 -6787 543 END
START -3364 7288 19176 1221 -6554 -1172 END
START -2656 6996 18524 -845 -7245 -1814 END
START -2864 6492 18748 192 -7155 -2433 END
START -2504 6112 18728 411 -6969 -2664 END
START -2568 6116 18800 1368 -6272 -2781 END
START -2596 5912 19300 1958 -6085 -3067 END
START -2360 5624 19404 2129 -5676 -3360 END
START -2336 5004 19556 2468 -5403 -3616 END
START -2288 4792 19652 2935 -5445 -3659 END
START -2056 4660 19824 3563 -5402 -3614 END
START -2136 4676 20544 3634 -5259 -3718 END
START -2424 4672 20628 3448 -5075 -3889 END
START -2480 4840 20956 3497 -4745 -3935 END
START -2732 5000 21076 3653 -4283 -4110 END
START -3064 5032 20924 3785 -3704 -4404 END
START -2836 5028 21196 4101 -3018 -4519 END
START -3304 5128 21264 4024 -2530 -4705 END
START -3300 5152 21272 3752 -2178 -5170 END
START -3280 5288 21264 3268 -1973 -5713 END
START -3088 5288 21288 2471 -1858 -6354 END
START -2792 5136 21080 1819 -1737 -7022 END
START -2540 4808 20904 1097 -1536 -7622 END
START -2160 4388 20536 597 -1255 -8220 END
START -1788 3976 20368 428 -946 -8546 END
START -1840 3296 19912 352 -693 -9060 END
START -1360 2460 19756 125 -387 -9545 END
START -1012 1332 19172 65 -213 -9737 END
START -648 488 18616 -47 -262 -9727 END
START -476 -492 18624 -164 -499 -9536 END
START -180 -1056 18632 -1043 -711 -9251 END
START 292 -1960 18892 -2084 -884 -8655 END
START 200 -3296 20184 -3652 -906 -7950 END
START 1364 -1968 19748 -4262 -529 -6863 END
START -1696 3560 15228 -4105 522 -6886 END
START -1292 -5848 18656 -2441 3766 -6786 END
START -508 -1852 19132 -794 276 -4002 END
START 1592 -2876 18176 1243 508 -4140 END
START 752 -3296 18724 444 641 -3354 END
START 608 -2972 18684 1502 934 -2657 END
START 736 -2656 19228 586 819 -2210 END
START 680 -2408 19144 231 1161 -1768 END
START 568 -2204 18572 -172 1188 -1269 END
START 596 -1996 18552 38 1621 -655 END
START 480 -1512 18496 -60 1791 -231 END
START 240 -1016 18300 -169 2004 30 END
START 100 -516 17992 -85 2197 127 END
START 140 -248 17920 -194 2258 113 END
START 172 -76 17588 -353 2179 164 END
START -120 252 17448 -499 2110 210 END
START -108 568 17512 -812 1859 183 END
START 32 792 17388 -973 1719 267 END
START -44 1148 17576 -969 1722 431 END