START -5804 -1456 16436 -53 -65 372 END
START -5756 -1352 16652 -31 17 393 END
START -5844 -1424 16852 23 163 508 END
START -5912 -1268 16708 105 304 654 END
START -6016 -1032 16668 155 440 735 END
START -6008 -900 16660 184 405 642 END
START -6052 -916 16556 153 299 591 END
START -5964 -1032 16404 11 167 492 END
START -6048 -928 16388 -83 0 491 END
START -6008 -992 16276 -124 -110 540 END
START -6192 -1036 16252 -132 -80 508 END
START -6280 -916 16532 -168 -159 433 END
START -6148 -984 16284 -296 -95 429 END
START -6272 -776 16260 -125 -126 440 END
START -6376 -788 16536 254 -145 359 END
START -6244 -820 16624 404 -104 290 END
START -6244 -788 16692 272 95 260 END
START -6228 -668 16792 103 185 189 END
START -6140 -688 16668 -52 52 63 END
START -6156 -808 16512 -105 -73 8 END
START -6040 -960 16656 -148 -160 -4 END
START -5868 -1228 16596 -179 -167 77 END
START -5964 -1440 16520 -37 -105 252 END
START -5784 -1184 16568 101 122 359 END
START -5880 -1204 16708 297 229 402 END
START -6084 -1176 16564 355 274 455 END
START -6148 -1060 16560 343 215 421 END
START -6152 -980 16672 192 43 426 END
START -6124 -980 16720 -9 -63 421 END
START -6268 -1000 16836 -177 -143 456 END
START -6348 -1028 16308 -243 -191 512 END
START -6460 -1108 16564 -152 -231 503 END
START -6276 -1092 16716 -121 -219 493 END
START -6484 -1016 16904 -76 -33 388 END
START -6520 -964 16836 -7 88 282 END
START -6572 -1168 16784 84 280 173 END
START -6464 -1456 16932 139 353 194 END
START -6500 -1804 16756 85 432 317 END
START -6288 -2144 16768 -51 486 527 END
START -6164 -2512 16732 -200 433 903 END
START -6092 -2568 16636 -254 306 1226 END
START -6004 -2704 16820 -429 289 1509 END
START -6120 -2688 16988 -558 294 1785 END
START -5752 -2932 16952 -672 245 2044 END
START -5440 -3168 17164 -859 475 2448 END
START -5264 -3496 17164 -960 720 2930 END
START -4940 -3756 17000 -1195 860 3443 END
START -4744 -4356 16820 -1503 962 3948 END
START -3892 -4832 16352 -1854 1007 4635 END
START -3584 -5364 16256 -2393 838 5547 END
START -3244 -5144 15792 -2764 639 6427 END
START -2920 -4884 15376 -2726 187 7115 END
START -2640 -4524 15180 -2484 119 7654 END
START -2468 -4272 14836 -2163 324 8063 END
START -2512 -3908 14680 -1866 357 8472 END
START -2704 -3604 14224 -1457 207 8904 END
START -3000 -2908 14028 -1124 -5 9406 END
START -3288 -2040 13872 -788 -34 9773 END
START -3924 -1236 13864 -662 -220 9877 END
START -4140 -568 13776 -772 -598 9775 END
START -4528 64 14084 -1153 -918 9396 END
START -4556 200 13904 -1503 -1054 8994 END
START -4408 416 13820 -2001 -1177 8671 END
START -4144 516 13700 -2092 -1576 8504 END
START -3912 552 13380 -2113 -2000 8413 END
START -4048 548 13584 -2026 -2527 8384 END
START -3732 628 13076 -1987 -2936 8387 END
START -3892 876 14244 -2108 -3528 8288 END
START -3976 916 14188 -1492 -3883 8145 END
START -3620 992 14176 -418 -4461 8141 END
START -3256 1320 14244 1570 -4697 8097 END
START -2984 1604 14696 3666 -4716 8241 END
START -1104 2732 17840 5055 -7681 8524 END
START -1404 3000 13144 1775 -8388 7867 END
START -1860 4008 19016 991 -2037 7521 END
START -3084 4340 16200 -2580 -6451 6363 END
START -3124 4140 17896 -640 -4651 5375 END
START -4188 2132 15060 -2426 -6007 3678 END
START -2440 3948 16436 -1169 -5776 4328 END
START -2408 3316 16464 -1139 -6210 3902 END
START -2520 3464 16768 -776 -6231 3831 END
START -2824 3668 16852 -510 -6081 3614 END
START -2632 3808 17000 -439 -5891 3252 END
START -2720 3748 16964 -208 -5543 3011 END
START -2876 3732 16884 -115 -5664 2758 END
START -2864 3700 16772 84 -5745 2510 END
START -2672 3676 17156 256 -5852 2490 END
START -2760 3944 17268 693 -5931 2479 END
START -3176 4100 17660 1206 -5840 2491 END
START -3076 4568 18212 1540 -5784 2482 END
START -3364 5444 18728 1950 -5643 2447 END
START -3480 6196 19292 2535 -5574 2097 END
START -3716 6956 19576 3179 -5214 1385 END
START -3716 6700 19772 3221 -5038 635 END
START -3744 7052 19880 2802 -5004 -116 END
START -3584 7328 19848 2836 -4896 -888 END
START -3536 6476 19136 4479 -7886 -1825 END
START -1772 7788 20660 2967 -4985 -1497 END
START -4480 10540 22632 2632 -5197 -586 END
START -972 9444 23296 -6143 -9523 -5261 END
START -1968 4976 15916 1112 -2682 -4041 END
START -3404 5524 20052 4064 -4927 -3757 END
START -1980 5024 18704 3361 -4010 -3914 END
START -2592 5168 20268 3322 -4196 -3744 END
START -2728 5020 18892 2957 -4257 -4056 END
START -1804 5716 19716 2018 -6098 -4991 END
START -3268 4092 18892 4188 -3667 -4648 END
START -3032 4404 20188 2425 -4651 -4702 END
START -2960 4464 20348 3716 -3103 -4533 END
START -3056 4464 19996 2929 -3299 -4621 END
START -3160 4688 19940 3416 -2701 -4792 END
START -3152 4600 19292 3591 -2258 -5203 END
START -3116 4680 19248 3805 -2014 -5674 END
START -3044 4284 19084 3532 -2231 -6390 END
START -2996 3520 19020 2713 -2748 -7241 END
START -2324 2348 19092 1747 -3061 -7758 END
START -2032 1052 18964 957 -3231 -8057 END
START -1440 112 19032 315 -3367 -8042 END
START -1104 -620 18744 -89 -3257 -7693 END
START -764 -1276 19004 -282 -3020 -7227 END
START -600 -1884 19372 -809 -2694 -6813 END
START -296 -1528 19552 -1074 -1974 -6311 END
START 1672 -752 22132 -1452 -1325 -5510 END
START -524 -3392 19780 -1706 -252 -5358 END
START 540 -4524 17908 1596 1855 -5291 END
START 720 -2904 20724 -227 486 -3194 END
START 136 -3552 19372 1619 1310 -2447 END
START -152 -2776 19736 1592 49 -1472 END
START 184 -2220 19900 2496 1175 -789 END
START -328 -1840 19892 1686 1130 -619 END
START -380 -1300 19592 2126 1830 -413 END
START -352 -1016 19260 1475 1828 -286 END
START -324 -848 19132 1054 1850 8 END
START -444 -484 18652 716 1700 289 END
START -524 36 18336 485 1604 543 END
START -816 572 17896 365 1519 623 END
START -920 1004 17816 372 1405 577 END
START -1032 1460 17800 304 1018 347 END
START -1336 1856 17812 199 632 40 END
START -1216 2396 17756 -161 322 -391 END