START -4928 -820 17476 540 -144 1209 END
START -8068 4640 10484 -971 -815 1250 END
START -8644 -3384 17996 -371 -737 737 END
START -5740 -564 15756 414 207 1704 END
START -5136 -488 15600 664 101 1844 END
START -5244 -348 15460 808 -216 2015 END
START -5204 56 15456 822 -259 2036 END
START -5104 304 15368 910 -287 1916 END
START -4932 684 15376 1064 -225 1712 END
START -5016 668 15440 1187 -179 1417 END
START -4620 716 15368 1261 -251 1171 END
START -4360 488 15292 1293 -273 1095 END
START -4156 400 15112 1269 -418 1094 END
START -3676 344 15128 1146 -576 1115 END
START -3496 248 15056 1084 -629 1124 END
START -3308 212 15012 716 -804 1119 END
START -2948 336 14816 655 -908 1189 END
START -3048 640 14680 511 -976 1317 END
START -3308 812 14336 670 -804 1212 END
START -3240 1044 14228 963 -838 1007 END
START -3280 960 14040 1161 -960 783 END
START -3052 904 13816 1239 -1265 561 END
START -2776 684 14020 1081 -1942 404 END
START -2636 596 14256 879 -2714 208 END
START -2552 492 14320 166 -2924 38 END
START -3132 476 14312 -151 -3132 -19 END
START -2996 -488 13972 4887 -4448 1559 END
START -5436 -4000 14320 1673 -5923 -1132 END
START -3228 -568 11800 3237 -3974 -22 END
START -3528 568 10756 3436 -5263 -304 END
START -5128 -1600 11204 1947 -8812 -397 END
START -2976 1232 16052 2434 -4173 2 END
START -3376 1456 16216 807 -4882 640 END
START -4116 1468 17404 1576 -4982 181 END
START -4108 1444 17652 -198 -5030 -440 END
START -4024 996 17264 -699 -5181 -901 END
START -3936 528 16796 -373 -5588 -843 END
START -3780 364 16980 99 -5940 -461 END
START -4236 436 17116 1003 -5970 -150 END
START -4508 608 17572 1604 -5911 -21 END
START -4520 860 17956 2195 -5675 270 END
START -4644 952 18408 2526 -5601 562 END
START -4800 1224 18952 2854 -5429 818 END
START -4748 1588 19404 2689 -5350 1021 END
START -5052 1888 19864 2248 -5085 964 END
START -5308 2156 19736 1795 -5160 642 END
START -5056 2364 20040 1452 -5239 204 END
START -5292 2188 20060 1103 -5187 -143 END
START -5364 1920 19712 1180 -5095 -327 END
START -5128 1852 19664 1740 -4780 -257 END
START -5284 1840 19992 1976 -4617 -54 END
START -5384 2008 20144 2099 -4230 146 END
START -5456 2228 20336 1950 -4041 165 END
START -5420 2264 20536 1854 -3830 91 END
START -5468 2252 20704 1382 -3690 -61 END
START -5572 2148 20592 872 -3637 -414 END
START -5276 1956 20548 576 -3564 -625 END
START -5044 1596 20360 444 -3493 -703 END
START -4960 1416 20256 489 -3218 -608 END
START -4736 1208 20312 563 -3056 -469 END
START -4508 1060 20428 771 -2645 -217 END
START -4448 1156 20516 898 -2149 40 END
START -4196 1332 20340 880 -1767 103 END
START -3944 1304 20216 806 -1343 92 END
START -3640 1172 19944 882 -1044 13 END
START -3400 888 19984 833 -784 81 END
START -2996 696 19708 672 -517 175 END
START -2736 508 19360 326 -393 260 END
START -2432 344 19068 -49 -393 283 END
START -2024 116 18760 -347 -518 335 END
START -1776 -32 18516 -521 -599 471 END
START -1480 -272 18308 -657 -624 623 END
START -1164 -648 17968 -741 -556 858 END
START -968 -728 17752 -765 -519 1137 END
START -544 -980 17600 -720 -466 1365 END
START -456 -1264 17436 -770 -462 1637 END
START -120 -1572 17496 -917 -466 1990 END
START -68 -1928 17208 -1114 -625 2336 END
START 248 -2308 16872 -1006 -796 2732 END
START 164 -2556 17064 -991 -898 3337 END
START 184 -2912 17188 -1013 -1021 3931 END
START 112 -3140 17132 -1121 -1033 4552 END
START -148 -3248 17688 -1140 -1103 5243 END
START -404 -3188 17960 -1328 -1491 5875 END
START -600 -2876 18512 -1369 -1640 6644 END
START -992 -2340 19456 -1556 -1661 7229 END
START -1256 -1704 20360 -1806 -1495 7559 END
START -1524 -1300 20968 -1912 -941 7878 END
START -1844 -1068 21240 -2266 -344 8167 END
START -2228 -552 21660 -2703 11 8383 END
START -2348 28 21648 -2959 480 8695 END
START -3036 712 21688 -3125 807 8770 END
START -3492 1308 21408 -3664 1702 8599 END
START -3604 1756 21056 -3843 2225 8186 END
START -4004 1936 20592 -3983 2557 7760 END
START -4156 2196 20352 -4257 2679 7437 END
START -4276 2256 20004 -4182 2912 7126 END
START -4396 2608 20032 -4099 3145 6872 END
START -4616 2636 20192 -3865 3368 6629 END
START -4612 2848 20428 -3994 3654 6416 END
START -4652 3104 20360 -3929 3980 6210 END
START -4884 3344 20400 -4491 4087 5964 END
START -4924 3672 20072 -4243 4383 5608 END
START -5204 3948 20012 -4221 4536 5081 END
START -5244 4148 19684 -3690 5099 4494 END
START -5340 4160 19544 -3480 5289 3877 END
START -5300 3936 19596 -3156 5353 3345 END
START -5012 3720 19344 -2883 5433 2930 END
START -4928 3616 19652 -2822 5538 2676 END
START -4648 3568 19584 -2776 5909 2628 END
START -4608 3808 19564 -2748 6306 2504 END
START -4752 3940 19424 -2434 6790 2258 END
START -4592 3968 18872 -2175 7170 2077 END
START -4644 4320 18604 -1856 7533 1898 END
START -4788 4424 18068 -1422 7793 1461 END
START -4648 4540 17748 -1194 8074 939 END
START -4440 4556 17456 -1316 8291 438 END
START -4060 4552 16876 -1719 7991 -101 END
START -4068 4132 17336 -4117 5875 -826 END
START -3904 3768 16280 -1755 7742 -697 END
START -3864 3772 16240 -1996 7223 -1082 END
START -3868 3560 15832 -1261 7411 -1197 END
START -3872 3416 15568 -1459 7573 -1390 END
START -3780 3588 15664 -840 7372 -1609 END
START -3752 3524 15560 207 6585 -1798 END
START -3716 3412 15580 940 6010 -2028 END
START -3656 3508 15504 983 5669 -2225 END
START -3296 3700 15956 981 5426 -2503 END
START -2864 3644 15564 1256 4926 -2895 END
START -2900 3440 15836 923 4627 -3261 END
START -2876 3088 15628 877 4437 -3613 END
START -2668 3036 15200 885 4211 -3830 END
START -2672 2664 14968 1086 3931 -4006 END
START -2664 2612 14864 1473 3659 -4110 END
START -2660 2564 14856 1971 3629 -4124 END
START -2804 2612 14748 2370 3667 -4258 END
START -3028 2468 14536 2643 3696 -4558 END
START -3420 2184 14348 2741 3659 -4918 END
START -3492 2052 14056 2620 3365 -5381 END
START -3632 1528 13768 2447 2836 -5805 END
START -3940 1196 13512 2563 2119 -6161 END
START -4020 840 13656 2843 1457 -6344 END
START -4068 648 14100 3077 930 -6486 END
START -4056 220 14512 3106 598 -6553 END
START -4028 204 14756 3054 240 -6501 END
START -4016 64 14808 2805 215 -6524 END
START -4280 44 14948 2761 302 -6501 END
START -4352 -20 14756 2777 381 -6495 END
START -4396 -68 15156 2813 164 -6640 END
START -4544 -228 14800 2743 -73 -6979 END
START -4572 -964 14784 2443 -284 -7421 END
START -4300 -1792 14492 2097 -589 -7678 END
START -4248 -2688 14340 1916 -1126 -7536 END
START -4100 -3416 14332 1983 -1496 -7087 END
START -4260 -3972 14520 2382 -1929 -6203 END
START -4504 -4040 14864 2907 -2310 -5109 END
START -4840 -3796 15104 3292 -2230 -4160 END
START -5320 -3456 15408 3776 -1912 -3563 END
START -5424 -3172 15732 3785 -2153 -3641 END
START -5592 -3500 16136 3490 -2145 -3710 END
START -5580 -4004 16476 3000 -2453 -3495 END
START -5732 -4336 16544 2587 -2894 -2977 END
START -5764 -4176 17024 2462 -3305 -2301 END
START -6048 -3664 17564 2330 -3453 -1693 END
START -6428 -3172 18140 1992 -3051 -1399 END
START -6688 -2800 18572 1926 -2748 -1478 END
START -6668 -2636 18820 1765 -2061 -1424 END
START -6864 -2656 19208 1639 -1594 -1332 END
START -6852 -2812 18864 1496 -1338 -1148 END
START -6732 -2772 19012 1081 -1123 -895 END
START -6760 -2656 19016 230 -655 -569 END
START -6652 -2496 18248 42 -549 -373 END
START -6656 -2408 18212 -215 -628 -66 END
START -6872 -2028 18148 -300 -455 180 END
START -6952 -1752 17940 -172 -258 361 END
START -6820 -1604 17924 -63 128 493 END
START -6932 -1332 17776 37 516 521 END
START -6864 -1424 17676 78 622 467 END
START -6516 -1332 17512 -56 569 567 END
START -6388 -1332 17176 -491 542 784 END
START -6480 -1276 17164 -791 459 958 END
START -6432 -952 17076 -775 392 1270 END
START -6440 -704 17008 -729 454 1485 END
START -6312 -376 17116 -557 578 1562 END
START -6496 -220 17100 -505 783 1562 END
START -6416 100 17100 -469 949 1460 END
START -6464 360 16792 -460 1117 1246 END
START -6384 352 16940 -295 1132 1083 END
START -6328 248 17056 -263 996 928 END
START -6308 156 16924 -476 946 828 END
START -6076 92 16680 -860 855 761 END
START -6184 -60 16524 -1099 773 748 END
START -6032 -188 16320 -1095 738 782 END
START -5948 -24 16668 -758 744 896 END
START -6032 72 16584 -574 774 908 END
START -6000 112 16996 -728 1034 815 END
START -6060 364 18084 -559 977 709 END
START -6056 440 18404 -1862 1533 544 END