START -5896 -488 16560 -157 12 386 END
START -5952 -364 16852 -123 30 387 END
START -5968 -476 16660 -66 71 421 END
START -6008 -396 16732 0 179 447 END
START -6172 -320 16776 8 272 505 END
START -6200 -316 16564 9 269 496 END
START -6152 -316 16544 -36 235 551 END
START -6224 -232 16572 -123 190 558 END
START -6292 -128 16268 -200 43 468 END
START -6364 0 16496 -224 -231 240 END
START -6276 -108 16416 -277 -397 29 END
START -6148 -80 16504 -291 -341 -41 END
START -6020 -172 16488 -244 -224 -54 END
START -6000 -376 16444 57 -162 -13 END
START -6024 -424 16600 188 -223 152 END
START -6012 -356 16812 129 -80 284 END
START -5900 -272 17012 -77 -37 385 END
START -6104 -236 16644 -165 36 409 END
START -6060 -188 16664 26 118 346 END
START -5964 -364 16652 123 140 320 END
START -5980 -388 16780 30 145 386 END
START -5916 -440 16628 -159 64 383 END
START -6040 -316 16560 -276 19 392 END
START -6144 -312 16312 -124 -44 427 END
START -6012 -148 16320 127 -48 440 END
START -6272 -160 16640 146 2 403 END
START -6232 -176 16652 -9 26 295 END
START -6068 -152 16616 -147 -31 280 END
START -6212 -220 16480 -125 -101 292 END
START -6164 -156 16588 18 -37 278 END
START -6140 -56 16700 110 46 257 END
START -5960 -24 16720 28 113 190 END
START -5944 -108 16596 -10 72 75 END
START -5832 -192 16520 -71 23 39 END
START -5732 -292 16284 -108 -12 79 END
START -5488 -316 16284 -135 -76 176 END
START -5268 -312 16220 -77 -75 310 END
START -5164 -340 16088 -8 -31 364 END
START -5104 -192 15912 93 45 435 END
START -4936 -268 16040 158 83 498 END
START -4696 -128 15592 298 130 579 END
START -4368 -36 15616 570 171 619 END
START -4092 96 15240 757 223 671 END
START -3932 216 15348 771 188 759 END
START -3532 328 15152 669 261 765 END
START -3280 500 14640 749 229 794 END
START -2956 568 14396 915 189 755 END
START -2764 608 14028 1079 66 767 END
START -2612 504 13752 1090 -80 840 END
START -2512 264 13456 1147 -445 840 END
START -2212 344 13592 1097 -715 877 END
START -2024 200 13300 757 -775 995 END
START -2116 36 12896 641 -813 1113 END
START -1852 312 12504 936 -908 1212 END
START -1764 188 12120 1602 -1028 1388 END
START -1876 240 12124 2511 -1383 1658 END
START -2776 -636 12912 4767 -1923 1914 END
START -2124 472 12612 3724 -1970 2349 END
START -3292 912 14900 5200 -3260 2509 END
START -4168 -428 11232 6577 -4560 2143 END
START -5732 -1064 14584 14900 -4667 2647 END
START -1956 2772 11852 7432 -7414 2822 END
START -5172 148 14164 3759 -8797 -151 END
START -7220 -1560 17188 11834 -5910 2627 END
START -1560 2132 11916 1597 -6770 1552 END
START -3168 2736 17364 6477 -4078 2106 END
START -3368 2452 15112 3248 -7305 1176 END
START -3648 2868 17196 4971 -6165 1157 END
START -3540 2388 16240 3687 -7082 935 END
START -3816 2704 17980 3619 -7419 873 END
START -3956 2688 18320 2884 -7473 902 END
START -4596 2940 19524 1675 -7365 789 END
START -4628 3208 18984 1534 -6803 591 END
START -4904 3264 19176 1901 -6597 375 END
START -4796 3188 18908 2907 -6142 258 END
START -4832 3164 19356 3548 -5893 191 END
START -4732 3184 19940 3765 -5941 78 END
START -5044 3024 20480 3315 -6305 -194 END
START -4888 2788 21096 2396 -6779 -317 END
START -5064 2636 21564 1116 -6869 -236 END
START -5224 2624 21808 286 -6787 -169 END
START -5224 2700 21900 233 -6343 28 END
START -5352 2896 21892 399 -5624 211 END
START -5224 3040 21644 979 -4860 229 END
START -5008 3300 21904 1257 -4102 209 END
START -4804 3148 21860 1402 -3368 35 END
START -4372 3052 21528 1332 -2903 -86 END
START -4036 2604 21404 926 -2781 -147 END
START -3700 2152 21244 303 -2900 -182 END
START -3496 1800 20864 -394 -2887 -13 END
START -3356 1480 20172 -589 -2831 268 END
START -2912 1324 19824 -305 -2573 688 END
START -2700 1408 19828 230 -2072 1233 END
START -2540 1488 19752 713 -1514 1588 END
START -2320 1552 19548 824 -990 1835 END
START -2044 1368 19552 805 -614 2013 END
START -1616 1368 19368 645 -532 2230 END
START -1500 1120 19212 601 -445 2459 END
START -1216 1140 19088 274 -452 2617 END
START -1152 1012 19036 47 -484 2768 END
START -1160 952 18660 -199 -613 2842 END
START -1092 664 18704 -221 -562 2958 END
START -844 276 18432 -559 -706 3106 END
START -592 -248 18460 -962 -908 3269 END
START -244 -448 18516 -1250 -1283 3562 END
START -216 -772 18692 -1424 -1482 4054 END
START -484 -924 19104 -1526 -1584 4829 END
START -928 -792 19408 -1636 -1409 5527 END
START -1304 -488 19972 -1653 -1009 6059 END
START -1692 -224 20184 -1642 -459 6512 END
START -2264 80 20364 -1809 -49 6788 END
START -2644 364 20648 -2066 23 6976 END
START -2884 744 20732 -2343 138 7066 END
START -3208 884 20920 -2303 43 7178 END
START -3748 1148 21372 -2101 289 7280 END
START -3792 1900 22008 -2850 1322 7448 END
START -4220 2452 22320 -2953 2021 7617 END
START -4376 3016 22392 -2999 2934 7498 END
START -4604 3320 22168 -3193 3830 7216 END
START -4324 3928 21820 -3283 4514 6843 END
START -4264 4008 21560 -3390 4974 6507 END
START -4052 4132 21320 -3480 5341 6165 END
START -3880 4240 20816 -3615 5555 5788 END
START -3920 4184 20464 -3430 5772 5428 END
START -3836 4196 20296 -3394 5951 5164 END
START -3920 4260 20172 -3169 6145 5062 END
START -4132 4400 20432 -3195 6228 5052 END
START -4140 4860 20612 -3391 6776 5069 END
START -4388 5248 20272 -4004 6927 4760 END
START -4492 5612 20088 -4160 7390 4307 END
START -4416 5644 19372 -4207 7713 3766 END
START -4340 5904 19012 -3934 7916 3262 END
START -4256 5884 18696 -3726 7910 2850 END
START -4396 6136 18524 -3637 7865 2308 END
START -4100 6184 18372 -3330 7834 1709 END
START -4032 6052 18080 -3254 7991 1169 END
START -3852 5948 17640 -3384 8510 703 END
START -3860 5832 17192 -3774 9134 341 END
START -4300 6008 18144 -5738 7283 -221 END
START -2656 6336 16648 -5271 8445 -140 END
START -3900 6812 16856 -4046 8611 -758 END
START -3520 6908 15992 -3634 8487 -1420 END
START -3392 6828 15852 -4123 8599 -2200 END
START -3232 6680 15788 -3413 8408 -2720 END
START -2960 6696 14724 -2321 6942 -3407 END
START -2748 6320 14488 -1910 6014 -4064 END
START -2300 6104 13856 -2173 5997 -4473 END
START -2472 5672 13400 -2143 5356 -5039 END
START -2636 4796 13564 -1530 4503 -5601 END
START -2304 4568 13148 -1231 4352 -5623 END
START -2324 4448 12988 -870 3839 -5516 END
START -2196 4472 13028 -372 3740 -5559 END
START -2432 4392 12776 185 3558 -5910 END
START -2184 4232 12860 766 3081 -6361 END
START -2052 3856 12728 1259 2891 -6871 END
START -1944 3272 12988 1723 2699 -7253 END
START -1964 2620 13280 1939 2272 -7363 END
START -2416 2076 13304 1818 1832 -7403 END
START -2520 1592 13312 1604 1335 -7409 END
START -2736 1352 13076 1463 744 -7552 END
START -2916 844 12892 1474 99 -7669 END
START -2788 260 13100 1626 -493 -7777 END
START -2992 -216 13412 2013 -1026 -7759 END
START -3092 -948 13684 2176 -1442 -7690 END
START -3176 -1556 14240 2235 -1805 -7501 END
START -2976 -2216 14548 1986 -2100 -7254 END
START -2988 -3064 14664 1844 -2345 -6893 END
START -3100 -3616 14716 2233 -2293 -6407 END
START -2972 -4236 15128 3105 -2395 -5812 END
START -3088 -4660 16000 3666 -2214 -5202 END
START -3616 -5264 16696 4053 -2380 -4610 END
START -3432 -5396 17040 4072 -2008 -3667 END
START -3692 -5136 17456 3856 -2177 -2829 END
START -4136 -4696 17692 3625 -2262 -2222 END
START -4440 -4576 18248 3321 -2287 -1745 END
START -4672 -4408 18700 2853 -2133 -1439 END
START -4776 -4224 18788 2319 -1877 -1193 END
START -5156 -4152 18820 1900 -1637 -817 END
START -5368 -3824 18936 1646 -1354 -442 END
START -5504 -3452 18920 1527 -1057 -111 END
START -5748 -3008 19048 1311 -863 226 END
START -5872 -2720 18956 1001 -610 452 END
START -6040 -2300 18848 590 -280 474 END
START -6188 -2036 18808 218 145 364 END
START -6000 -1960 18720 -164 506 230 END
START -6232 -1884 18892 -539 992 259 END