START -3696 -1228 14888 937 154 1469 END
START -6568 3796 6960 -620 -618 1425 END
START -7492 -4412 15920 506 -481 788 END
START -4008 -776 13260 1498 -56 1219 END
START -3040 -468 13868 1553 -569 1062 END
START -2744 -648 13552 1613 -1197 1055 END
START -3384 -1028 13596 1386 -1369 1088 END
START -2936 -1100 13340 1404 -1934 1073 END
START -2800 -1072 13492 1566 -2312 1399 END
START -2840 -848 13288 2001 -2643 1726 END
START -2492 -444 13776 2286 -2760 1995 END
START -2320 -16 14188 2549 -2956 2176 END
START -2316 364 14448 2602 -3157 2211 END
START -2368 436 14392 2368 -3409 2191 END
START -2444 504 14372 2176 -3484 2090 END
START -2508 316 13976 2082 -3611 1916 END
START -2288 912 13164 2103 -3708 1785 END
START -2888 -572 11272 6556 -1906 4374 END
START -3372 1256 15672 4457 -6796 1586 END
START -3380 940 15440 721 -5809 187 END
START -2084 -964 12148 3146 -9435 629 END
START -1164 596 13320 9583 -8785 2491 END
START -1696 -972 11312 2125 -11540 1171 END
START -3136 712 17804 -132 -10452 416 END
START -2892 -36 15200 150 -8565 -203 END
START -2640 -268 15124 19 -10523 36 END
START -2836 -160 16180 707 -10096 608 END
START -3076 296 16452 1824 -9283 1196 END
START -3276 884 17116 2959 -9315 1669 END
START -3744 1540 18220 3925 -8759 1834 END
START -3792 2092 19284 4421 -8342 1581 END
START -3960 2224 20156 3818 -8331 1169 END
START -4192 1952 20884 2835 -8553 599 END
START -4200 1644 21132 2114 -8300 298 END
START -4612 1236 21560 1466 -7997 221 END
START -4908 816 21240 1274 -7805 348 END
START -5016 940 21128 1915 -7261 717 END
START -5364 1288 21568 2802 -6628 1224 END
START -5748 2044 22496 3662 -5610 1497 END
START -5980 2540 22720 4027 -4696 1283 END
START -5988 2820 22868 3813 -4161 775 END
START -5912 2464 22752 3074 -4165 143 END
START -5652 2116 22924 2074 -4383 -305 END
START -5360 1548 22812 1213 -4587 -376 END
START -5172 1244 22520 876 -4527 -123 END
START -5088 1304 22324 1170 -4120 236 END
START -4780 1544 22368 1833 -3272 497 END
START -4616 1804 22700 2248 -2447 538 END
START -4596 1712 22924 2054 -1733 414 END
START -4188 1508 22472 1374 -1395 198 END
START -3636 1284 21884 774 -1098 -39 END
START -2944 708 21264 435 -1035 -123 END
START -2432 328 20960 226 -934 -52 END
START -2032 -344 20740 24 -910 158 END
START -1412 -936 20308 -138 -855 507 END
START -1040 -1188 19888 -194 -627 1011 END
START -748 -1512 19692 -352 -406 1592 END
START -496 -1544 19544 -210 103 2129 END
START -140 -1744 19536 -72 374 2613 END
START 72 -1816 19336 -95 616 2998 END
START 140 -2028 18988 -190 805 3401 END
START 400 -2136 18924 -264 934 3890 END
START 328 -2108 18760 -371 944 4546 END
START 52 -1780 18620 -466 944 5264 END
START -220 -1192 18684 -567 925 5698 END
START -708 -760 19088 -877 896 5882 END
START -1040 -536 19140 -1328 973 5782 END
START -1180 -500 19480 -1832 863 5547 END
START -1256 -572 19324 -2362 789 5445 END
START -1368 -884 19284 -2816 726 5509 END
START -1348 -1152 19512 -2992 745 5711 END
START -1528 -1076 19532 -3265 799 6084 END
START -1756 -936 19612 -3518 831 6472 END
START -1824 -772 19852 -3578 1120 6841 END
START -1864 -552 19788 -3536 1474 7107 END
START -2292 -352 19996 -3447 1921 7356 END
START -2404 -216 20044 -3524 2398 7545 END
START -2728 0 19992 -3479 2772 7749 END
START -3000 228 20080 -3325 3005 7952 END
START -3256 660 20560 -2988 3199 8131 END
START -3480 1352 20880 -2711 3616 8449 END
START -4232 2116 21240 -2442 4534 8413 END
START -4556 2864 21380 -2211 5381 8124 END
START -4712 3416 21120 -2110 6197 7789 END
START -5112 4104 21272 -2472 6707 7306 END
START -5148 4576 20676 -2569 7021 6657 END
START -5328 4904 20144 -2641 7196 5988 END
START -5524 5180 20004 -2737 7194 5287 END
START -5644 5484 19928 -2882 7117 4593 END
START -5872 5548 19696 -3067 7007 3729 END
START -5712 5452 19528 -3141 6958 2748 END
START -5264 5332 19540 -3306 6969 1872 END
START -5076 4804 19104 -3564 7076 1164 END
START -4816 4828 18956 -4532 7201 406 END
START -4124 4472 17740 -2956 7428 462 END
START -5232 3304 18444 -5782 8820 339 END
START -4408 3976 17400 -5022 7675 -722 END
START -3044 3888 17944 -7940 4912 -1204 END
START -3712 3508 17412 -5066 7335 -978 END
START -4444 2424 16560 -5111 6152 -1508 END
START -3292 3196 16976 -3878 6414 -1373 END
START -2944 2944 16608 -3647 7026 -1447 END
START -2872 3076 16824 -3139 7146 -1394 END
START -3032 3168 16328 -1901 6759 -1403 END
START -2720 3644 15864 -1272 6639 -1511 END
START -2624 3952 15664 -1105 6701 -1862 END
START -2680 4012 15256 -962 6396 -2413 END
START -2436 3940 14740 -922 6035 -3118 END
START -2288 3832 14420 -984 5678 -3660 END
START -2332 3772 14064 -987 5330 -4106 END
START -2376 3604 13948 -726 4893 -4357 END
START -2356 3528 13748 -379 4321 -4600 END
START -2416 3396 13644 25 3837 -4921 END
START -2252 3404 13716 573 3746 -5174 END
START -2340 3284 13792 988 3734 -5251 END
START -2588 3304 13832 1520 3695 -5415 END
START -2712 3148 13628 2204 3729 -5844 END
START -2636 2468 13396 2784 3783 -6280 END
START -3004 1732 12928 3049 3471 -6550 END
START -3044 688 13036 2999 2693 -6606 END
START -3368 -12 13128 2821 1729 -6578 END
START -3656 -572 13464 2665 782 -6446 END
START -3892 -1112 13700 2594 66 -6258 END
START -4116 -1620 13912 2722 -336 -6221 END
START -4268 -2340 14448 2606 -579 -6084 END
START -4332 -3032 14632 2683 -531 -5901 END
START -4332 -3904 14960 2809 -893 -5531 END
START -4396 -4328 15208 3053 -1359 -5042 END
START -4472 -4744 15844 3237 -1676 -4435 END
START -4612 -5104 16588 3073 -1620 -3918 END
START -4496 -5268 17056 3029 -1429 -3493 END
START -4472 -5184 17284 3112 -1315 -2941 END
START -4640 -5404 17824 3011 -1203 -2514 END
START -4812 -5336 18264 2593 -1139 -2095 END
START -4832 -5092 18620 2056 -898 -1520 END
START -5148 -4700 18716 1310 -533 -1056 END
START -5236 -4236 18424 826 -31 -648 END
START -4988 -3748 18412 686 304 -286 END