START -5532 116 16944 364 124 1417 END
START -8300 5480 9288 -1004 -470 1429 END
START -9620 -3152 17244 36 249 543 END
START -5688 320 15920 844 893 1142 END
START -5048 556 15324 1002 1089 962 END
START -4676 504 15120 1105 1028 954 END
START -4700 444 14556 983 674 1014 END
START -4492 412 14524 830 -28 945 END
START -4304 608 14424 762 -420 1035 END
START -4128 752 14232 758 -705 1246 END
START -3976 1004 14084 760 -963 1437 END
START -3840 1448 14292 918 -985 1522 END
START -3952 1716 14024 1259 -790 1341 END
START -3568 1952 14232 1552 -593 1125 END
START -3440 1852 14004 1729 -605 860 END
START -3008 1760 13724 1610 -882 644 END
START -2696 1324 13440 1180 -1135 440 END
START -2544 760 13112 786 -1675 350 END
START -2816 416 12504 447 -2228 265 END
START -2776 -96 12140 433 -3139 241 END
START -2664 -364 12012 914 -3532 306 END
START -2676 -744 12140 1616 -3821 564 END
START -816 1008 12924 2646 -4409 2303 END
START -3260 672 17056 1738 -5066 1206 END
START -2960 -88 14372 3882 -4005 1954 END
START -2876 520 13112 6930 -6486 3154 END
START 1768 13304 20916 11976 -6593 1390 END
START -7464 -8 21628 1269 -16199 2804 END
START -4064 2500 17960 4211 -4785 2725 END
START -4608 2040 14964 1592 -6143 1611 END
START -4960 1924 16508 1519 -8460 1194 END
START -4780 1852 16564 1826 -7608 861 END
START -4764 1864 16664 2246 -8075 688 END
START -4640 2140 17556 2320 -8999 561 END
START -4812 2104 18612 1806 -9127 206 END
START -4944 2224 19264 1111 -9433 -340 END
START -4900 2124 20176 287 -9640 -892 END
START -4924 1712 20664 -474 -9269 -1202 END
START -4884 1028 20228 -666 -8742 -1170 END
START -4648 760 20036 -77 -8134 -678 END
START -4704 648 20196 726 -7330 42 END
START -4880 1160 20416 1566 -6727 782 END
START -5116 1588 20884 2199 -6172 1205 END
START -5412 2032 21176 2295 -5509 1362 END
START -5760 2116 21244 1772 -5097 1198 END
START -5508 2000 20888 1303 -5181 990 END
START -5412 1892 21092 1155 -5179 1041 END
START -5436 1952 21432 1154 -4992 1131 END
START -5296 2192 21640 1003 -4680 1190 END
START -5080 2240 21360 897 -4257 1139 END
START -5100 2116 21660 656 -4017 1031 END
START -4880 1732 21344 494 -3792 1038 END
START -4764 1684 21168 358 -3470 1204 END
START -4796 1644 20616 498 -3185 1463 END
START -4628 1848 20576 859 -2661 1819 END
START -4420 2112 20716 1088 -2146 2064 END
START -4408 2308 20608 1088 -1641 2134 END
START -4324 2416 20380 1032 -1159 2017 END
START -3900 2448 20076 921 -828 1811 END
START -3660 2384 19932 498 -793 1639 END
START -3448 2092 19804 49 -761 1578 END
START -3460 2188 19508 -330 -754 1534 END
START -3340 2100 19332 -505 -586 1619 END
START -3260 2180 19060 -373 -361 1758 END
START -3188 2356 18916 -109 106 1892 END
START -3192 2556 18760 175 444 1912 END
START -3036 2664 18736 320 662 1726 END
START -2772 2556 18496 150 733 1466 END
START -2704 2384 18752 -328 523 1163 END
START -2468 1952 18472 -818 87 792 END
START -2064 1636 18420 -1229 -319 575 END
START -1488 980 18428 -1597 -556 615 END
START -1224 584 18480 -1679 -524 970 END
START -1140 320 18596 -1632 -447 1368 END
START -972 56 18908 -1615 -283 1825 END
START -1040 -24 18888 -1659 -48 2133 END
START -912 -216 18996 -1937 -72 2392 END
START -704 -488 19184 -2133 -143 2592 END
START -652 -524 19324 -2570 -354 2840 END
START -488 -756 19396 -2792 -324 3210 END
START -304 -812 19808 -3507 -96 3624 END
START -56 -1048 19100 -2961 277 4225 END
START -352 -896 19588 -2919 541 4865 END
START -628 -728 19312 -2756 1248 5414 END
START -776 -376 19724 -2727 1567 5869 END
START -1196 -112 19460 -2802 1984 6044 END
START -1416 56 19356 -3047 2200 6059 END
START -1628 44 19084 -3422 2129 6011 END
START -1816 -120 18928 -3710 2043 5990 END
START -2072 -204 18808 -3939 2024 6132 END
START -2096 -100 18720 -3975 2142 6648 END
START -2676 416 18972 -3886 2220 7220 END
START -3056 1144 18984 -3770 2460 7504 END
START -3716 1908 19200 -3614 2675 7365 END
START -3948 2380 19540 -3618 2991 6874 END
START -4476 2648 19364 -3737 3275 6295 END
START -4536 2688 19368 -3832 3400 5806 END
START -4828 2716 19416 -4303 3413 5428 END
START -5036 2752 19164 -4580 3245 5012 END
START -5164 2652 19332 -4615 3215 4674 END
START -5144 2836 19364 -4370 3388 4430 END
START -5368 2892 19448 -4040 3770 4183 END
START -5316 3040 19584 -3767 4077 3910 END
START -5484 3280 19720 -3562 4401 3572 END
START -5472 3448 19632 -3452 4691 3139 END
START -5308 3516 19976 -3577 4896 2682 END
START -5220 3544 19820 -3830 5008 2110 END
START -5088 3540 19696 -4015 5129 1598 END
START -4708 3416 19724 -4259 5158 1229 END
START -4484 3272 19316 -4233 5197 1034 END
START -4312 3368 19332 -4242 5436 929 END
START -4368 3304 18556 -4096 5785 795 END
START -3548 4024 18624 -4056 6159 940 END
START -4520 3312 18112 -4182 7139 194 END
START -4340 3600 18076 -4068 7733 -144 END
START -4516 3664 19088 -6252 5786 -948 END
START -3948 3168 17176 -4435 7388 -680 END
START -4160 3060 17652 -4558 6634 -1171 END
START -3876 2972 16892 -3928 6659 -1129 END
START -3904 2988 16672 -3881 6153 -1167 END
START -3848 3196 16472 -3782 6424 -1292 END
START -3948 3452 16604 -3354 6961 -1586 END
START -3936 3476 16360 -2030 6969 -1998 END
START -3792 3548 15868 -1001 6573 -2445 END
START -3664 3240 15712 -720 6571 -2883 END
START -3400 3060 15200 -630 6416 -3215 END
START -3180 3012 14600 -408 6248 -3605 END
START -3028 2920 14412 -42 5595 -3928 END
START -2928 2724 13964 341 5046 -4312 END
START -2816 2376 13700 690 4491 -4592 END
START -2672 2196 13556 944 4101 -4739 END
START -3020 2076 13416 1260 3739 -4883 END
START -3112 1860 13268 1568 3176 -5157 END
START -3172 1580 13356 1742 2519 -5475 END
START -3132 1488 13460 1810 1847 -5830 END
START -3140 1088 13604 1961 1400 -6190 END
START -3020 988 13512 2300 1105 -6392 END
START -3048 596 13832 2840 931 -6450 END
START -3340 344 13892 3217 835 -6417 END
START -3280 224 14040 3363 907 -6446 END
START -3404 -116 14176 3650 1080 -6470 END
START -3372 -544 13996 3708 1087 -6480 END
START -3444 -800 13976 3870 879 -6562 END
START -3544 -1280 13884 3923 488 -6669 END
START -3528 -1744 13836 3924 198 -6613 END
START -3436 -2276 13916 3825 -144 -6488 END
START -3636 -2812 14016 3670 -781 -6199 END
START -3660 -3012 14168 3600 -1327 -5831 END
START -3768 -3316 14576 3688 -1896 -5453 END
START -3620 -3312 14872 3772 -2187 -4881 END
START -3852 -3684 15448 4326 -2678 -4693 END
START -4036 -4024 15792 4353 -2689 -4380 END
START -4132 -4028 16428 4540 -2729 -3951 END
START -4556 -4028 17076 4727 -2724 -3472 END
START -4872 -3908 17748 4517 -2517 -3016 END
START -5136 -3744 18028 4081 -2303 -2730 END
START -5376 -3652 18152 3631 -2062 -2528 END
START -5452 -3628 18420 3409 -1951 -2310 END
START -5528 -3528 18560 3063 -1782 -2209 END
START -5536 -3548 18664 2782 -1481 -2108 END
START -5564 -3616 18640 2587 -1123 -2010 END
START -5624 -3716 18548 2429 -935 -1808 END
START -5468 -3784 18472 2015 -823 -1471 END
START -5520 -3904 17968 1569 -754 -1033 END
START -5704 -3680 17936 1524 -669 -620 END
START -6060 -3408 17796 1570 -615 -321 END
START -6144 -3032 17868 1477 -510 -191 END
START -6136 -2824 17848 1277 -329 -80 END
START -6256 -2808 17972 1159 -204 10 END
START -6232 -2716 17876 1087 -87 170 END
START -6096 -2664 18008 923 -80 402 END
START -6160 -2372 17848 717 -12 636 END
START -6080 -2136 17784 469 112 839 END
START -5980 -1904 17620 240 132 977 END
START -5956 -1660 17600 81 202 1122 END
START -6028 -1676 17692 25 359 1282 END
START -6028 -1292 17544 -89 521 1443 END
START -5784 -1112 17476 -103 612 1624 END
START -5860 -884 17640 -11 775 1745 END
START -6324 -420 17756 11 935 1654 END
START -6256 -32 17856 -195 1034 1231 END
START -6008 92 18200 -876 1435 871 END