START -6556 592 16452 -302 5 312 END
START -6472 588 16488 -336 9 298 END
START -6548 596 16672 -327 -48 252 END
START -6596 632 16648 -340 -147 139 END
START -6596 520 16596 -360 -105 107 END
START -6284 356 16552 -401 57 107 END
START -6284 276 16664 -399 64 190 END
START -6364 228 16088 -237 171 266 END
START -6232 192 16304 -85 161 342 END
START -6148 164 16548 -150 95 386 END
START -6220 132 16424 -254 62 412 END
START -6256 320 16272 -254 91 453 END
START -6380 476 16280 -19 37 293 END
START -6240 584 16492 123 56 164 END
START -6220 408 16324 -2 71 35 END
START -6112 400 16628 -200 19 30 END
START -6016 280 16300 -392 -90 128 END
START -6184 208 16240 -401 -202 322 END
START -6164 384 16184 -329 -221 511 END
START -6132 608 16292 -210 -107 595 END
START -6352 708 16208 -141 49 536 END
START -6384 624 16288 -97 96 405 END
START -6272 584 16360 -150 91 343 END
START -6264 568 16412 -175 -5 355 END
START -6452 588 16368 -129 -67 394 END
START -6352 744 16320 -90 20 394 END
START -6392 768 16132 -31 93 386 END
START -6336 708 16208 162 135 349 END
START -6320 800 16152 249 187 353 END
START -6336 696 16096 278 245 359 END
START -6232 788 16212 225 165 317 END
START -6204 868 15892 227 98 280 END
START -6028 880 15816 284 34 263 END
START -6048 908 15760 405 -33 258 END
START -5748 968 15836 495 -67 297 END
START -5776 1016 15652 516 -94 308 END
START -5576 1136 15804 657 -142 289 END
START -5420 1056 15572 815 -73 253 END
START -5272 1096 15720 927 -17 265 END
START -4940 1060 15352 1002 59 302 END
START -4780 1172 15236 1229 94 325 END
START -4568 1336 15176 1384 182 386 END
START -4248 1368 14524 1597 362 428 END
START -3660 1588 14476 1860 534 464 END
START -3608 1612 14216 2095 453 471 END
START -3360 1756 13908 2208 243 428 END
START -3160 1696 13728 2158 5 327 END
START -3132 1628 13252 2631 -209 207 END
START -3136 1428 13100 2559 -463 124 END
START -3024 1300 13072 2647 -819 100 END
START -2836 1188 12908 2756 -1331 93 END
START -2984 1016 12980 2665 -2060 86 END
START -3068 808 13336 2495 -2827 215 END
START -3172 616 12916 2311 -3407 353 END
START -3140 860 13696 2354 -4051 681 END
START -3448 932 13828 2707 -4689 949 END
START -3936 1704 13568 3237 -4950 1010 END
START 3536 6672 11732 5667 -5674 5800 END
START -4556 2588 16840 5616 -6502 1275 END
START -3976 1828 14596 9586 -4199 2456 END
START -3320 2828 14372 3269 -9954 -241 END
START -3472 3468 11984 10217 -3309 855 END
START -6844 -48 14684 292 -10116 -1603 END
START -3500 4152 18688 4651 -3483 849 END
START -3908 2616 16328 -138 -6726 -610 END
START -3828 2272 16916 2901 -5213 -588 END
START -3280 1724 16444 1868 -6410 -706 END
START -3536 1684 18116 2434 -6114 -332 END
START -3652 1532 18428 1509 -6456 19 END
START -4360 1724 17732 1109 -6577 208 END
START -3856 2176 18344 1183 -4999 466 END
START -4204 2492 17824 1622 -5469 645 END
START -4212 2740 18232 2989 -5007 742 END
START -4276 2708 18640 3233 -5039 782 END
START -4540 2760 18840 3515 -4651 892 END
START -4684 2588 19040 3138 -4690 835 END
START -4736 2636 19480 2597 -4793 830 END
START -5088 2576 19488 1797 -5051 950 END
START -5256 2688 19620 1302 -5463 1142 END
START -5412 3208 19816 1179 -5463 1448 END
START -5816 3796 20388 1192 -5148 1593 END
START -5864 4476 20664 1455 -4602 1327 END
START -5548 4904 21172 1526 -3874 914 END
START -5728 4732 21144 1326 -3202 358 END
START -5168 4252 20872 1169 -2894 -31 END
START -4744 3900 20992 1031 -2597 -151 END
START -4532 3504 20704 814 -2426 -143 END
START -4516 3328 20580 639 -2219 -100 END
START -4316 3072 20544 457 -2018 36 END
START -3952 2816 20300 467 -1576 243 END
START -3700 2684 19852 518 -1329 498 END
START -3276 2668 19648 614 -1043 862 END
START -3028 2640 19276 697 -754 1156 END
START -3016 2800 19312 848 -461 1296 END
START -2964 2864 19436 724 -329 1241 END
START -2852 2652 19268 512 -73 1180 END
START -2728 2404 19064 202 70 1211 END
START -2728 1824 18844 49 151 1448 END
START -2412 1624 18760 -232 37 1776 END
START -2456 1432 18508 -359 140 2149 END
START -2492 1208 18692 -532 95 2425 END
START -2256 1024 18716 -836 72 2661 END
START -2004 952 18552 -1020 62 2988 END
START -2088 1048 18552 -1042 101 3288 END
START -1952 1116 18624 -1169 99 3639 END
START -2044 1036 18784 -1299 152 3887 END
START -2316 1220 19076 -1732 110 4013 END
START -2580 1156 19080 -2318 -104 4047 END
START -2612 1008 19320 -2793 -205 4093 END
START -2780 972 19588 -3149 -155 4322 END
START -2736 836 19596 -3171 179 4515 END
START -3000 640 19832 -3254 517 4805 END
START -2972 524 19848 -3393 830 5123 END
START -2964 428 19868 -3501 1223 5492 END
START -3188 472 19960 -3472 1541 5974 END
START -3476 864 20188 -3162 1974 6407 END
START -3544 1424 20388 -3077 2421 6807 END
START -3664 1916 20616 -3031 2962 7166 END
START -3960 2556 20776 -2919 3591 7495 END
START -4260 3216 20948 -2821 4123 7476 END
START -4304 3796 20696 -2996 4621 7219 END
START -4660 4364 20444 -3112 5059 6837 END
START -4932 4700 20412 -3031 5503 6430 END
START -5272 5016 20180 -2987 5807 6076 END
START -5420 5816 19924 -3112 5898 5714 END
START -5808 6552 19732 -3214 5802 5247 END
START -6040 7484 19880 -3617 6123 4686 END
START -6060 8004 19272 -4306 5718 3643 END
START -6080 8392 19096 -4449 5650 2247 END
START -6020 8012 18352 -4741 5525 823 END
START -5664 7532 18192 -4576 5483 -314 END
START -4944 6672 17804 -4209 5428 -892 END
START -4700 6304 17728 -3953 5446 -1025 END
START -4496 6216 17572 -3755 5762 -910 END
START -4428 6464 17456 -4032 6195 -1012 END
START -4400 6632 17132 -4246 6394 -1329 END
START -4168 6668 16152 -4707 5923 -2036 END
START -3852 5936 15980 -6846 4548 -3040 END
START -4324 5464 16252 -4807 6422 -3394 END
START -3300 4884 15244 -4118 6342 -3478 END
START -2996 4832 16112 -4166 6354 -3286 END
START -2924 4628 15832 -2908 6338 -2977 END
START -2808 4628 15292 -1573 5634 -2923 END
START -2436 4704 14920 -910 4809 -2907 END
START -2524 4860 15480 -578 4913 -2993 END
START -2676 5040 15240 -353 4766 -3286 END
START -2464 4804 14936 -329 4515 -3709 END
START -2472 4612 14344 -96 4455 -4020 END
START -2444 4344 14160 389 4211 -4276 END
START -2484 4032 13904 913 3793 -4309 END
START -2644 4068 13948 1046 3431 -4271 END
START -2792 4216 14144 995 3047 -4356 END
START -2700 4148 13892 704 2648 -4624 END
START -2672 4408 13948 371 2171 -5077 END
START -2848 4320 13760 150 1523 -5625 END
START -2656 3948 13564 106 852 -6134 END
START -2724 3308 13544 225 490 -6632 END
START -2544 2692 13680 171 262 -6971 END
START -2792 1988 13404 -7 18 -7243 END
START -2776 1256 13136 100 -210 -7465 END
START -2800 444 12828 545 -622 -7634 END
START -2836 -376 12936 1094 -963 -7558 END
START -2768 -1348 13380 1685 -1417 -7246 END
START -3080 -2164 13752 2222 -1546 -6779 END
START -3156 -3360 14276 2596 -1632 -6102 END
START -3308 -4200 14716 2683 -1817 -5221 END
START -3364 -4520 15468 2685 -1944 -4172 END
START -3768 -4484 15848 2708 -2142 -3212 END
START -3964 -4216 16152 2869 -2245 -2487 END
START -4396 -3624 16800 2973 -2196 -2012 END
START -4688 -3328 17376 2986 -2095 -1751 END
START -4944 -3180 17884 2879 -2028 -1894 END
START -5028 -3708 18596 2258 -1787 -1947 END
START -4836 -4164 19160 1586 -1321 -1542 END
START -4872 -4332 19656 888 -934 -797 END
START -4852 -4120 20528 -78 -660 -31 END