START -5932 476 17140 118 134 851 END
START -8476 5344 10716 -1359 -489 911 END
START -9916 -2720 17852 -314 388 263 END
START -6616 652 16748 -70 15 492 END
START -5960 564 16200 -316 98 641 END
START -6244 576 16512 -530 271 742 END
START -6616 536 16256 -345 30 776 END
START -6632 600 16348 -277 -198 692 END
START -6636 852 16400 -176 -53 669 END
START -6572 904 16528 -164 -40 532 END
START -6708 928 16484 -151 -97 372 END
START -6624 1000 16524 -208 -88 184 END
START -6436 944 16624 -324 -6 53 END
START -6340 800 16332 -337 -7 10 END
START -6336 692 16356 -207 62 16 END
START -6220 840 16416 -114 97 70 END
START -6004 880 16444 -146 60 163 END
START -6132 1060 16200 -266 149 154 END
START -6104 960 16140 -306 173 80 END
START -6168 900 15860 -94 159 8 END
START -5920 824 15816 93 71 -60 END
START -5800 744 15844 250 57 -4 END
START -5736 612 15552 350 73 110 END
START -5612 776 15720 495 93 163 END
START -5360 820 15828 700 72 293 END
START -5244 740 15688 809 210 478 END
START -5244 1020 15676 877 225 509 END
START -5116 1172 15492 956 142 449 END
START -4908 1496 15492 842 121 427 END
START -4688 1380 15180 818 20 354 END
START -4492 1344 14968 809 31 351 END
START -4352 1288 14652 941 74 322 END
START -4120 1076 14440 1102 44 362 END
START -3876 1136 14340 1201 -98 459 END
START -3596 1256 13916 1303 -238 494 END
START -3424 1212 13928 1512 -432 438 END
START -2988 1284 13864 1560 -500 365 END
START -2688 984 13708 1577 -490 344 END
START -2388 848 13180 1755 -638 334 END
START -2004 556 12884 1894 -885 385 END
START -2260 296 12572 2141 -1313 633 END
START -2380 116 12548 2268 -1744 965 END
START -2372 236 12704 2399 -2348 1420 END
START -2788 432 13244 2635 -3046 1895 END
START -2904 636 13500 2864 -3462 2115 END
START -3080 1160 13804 2965 -3972 2355 END
START -2948 2036 13904 3319 -4068 2335 END
START -6388 -3284 11528 11935 -3197 4274 END
START -3608 2596 12276 6471 -7126 3842 END
START -3064 3576 14048 164 -9179 2631 END
START -4440 3588 6656 9672 -3780 1639 END
START -5880 3312 19300 389 -13898 1417 END
START -5500 2888 16244 5583 -3483 1408 END
START -5184 4048 17852 -700 -8163 593 END
START -4756 4080 16972 3253 -5712 607 END
START -4808 4160 18072 624 -7781 -251 END
START -4676 3904 17888 2252 -6802 -623 END
START -4312 3488 18420 733 -7848 -1277 END
START -4384 2728 18684 845 -7524 -1629 END
START -4020 1876 18484 195 -8013 -1869 END
START -3892 1072 18648 578 -7766 -1611 END
START -3456 616 18700 907 -7579 -1085 END
START -3520 776 19460 1394 -7146 -299 END
START -3572 1116 19628 1779 -6582 455 END
START -3736 1624 20032 2150 -5933 1046 END
START -3568 2296 20492 2212 -5444 1394 END
START -3864 2856 20440 1880 -5114 1345 END
START -3832 3188 20464 1575 -4975 963 END
START -4000 2984 20152 1208 -4859 589 END
START -4012 2560 20032 1027 -4800 402 END
START -3812 2304 20036 908 -4741 520 END
START -3956 2100 20252 902 -4515 832 END
START -4092 2096 20108 994 -4077 1188 END
START -4096 2496 20240 1147 -3695 1410 END
START -4020 2844 20360 1184 -3165 1571 END
START -4040 3176 20332 1082 -2828 1546 END
START -3796 3492 20504 974 -2604 1402 END
START -3584 3420 20408 795 -2335 1158 END
START -3244 3196 20320 369 -2163 961 END
START -3040 2872 20260 119 -1950 819 END
START -2740 2488 19804 -3 -1771 888 END
START -2676 2112 19548 112 -1613 1066 END
START -2132 1916 19424 45 -1426 1319 END
START -1864 1832 19388 -135 -1231 1526 END
START -1600 1872 19156 -274 -1126 1663 END
START -1208 1624 19000 -372 -1110 1785 END
START -884 1472 18844 -613 -1064 1849 END
START -440 1168 18456 -978 -1016 1889 END
START -412 640 18352 -1335 -1106 1965 END
START -284 160 18240 -1641 -1280 2293 END
START -96 -284 18128 -1634 -1321 2834 END
START -196 -344 18100 -1467 -1248 3448 END
START -312 -248 18296 -1356 -1089 4138 END
START -644 -32 18592 -1445 -884 4685 END
START -884 164 18840 -1612 -675 5186 END
START -1244 448 18860 -1711 -421 5661 END
START -1552 776 18920 -1717 -261 6097 END
START -1772 1084 19420 -1737 -83 6524 END
START -2188 1484 19596 -1714 239 6919 END
START -2448 1920 19688 -1751 652 7153 END
START -2780 2208 19924 -1795 996 7128 END
START -2984 2604 19904 -1879 1381 7089 END
START -3088 2568 19904 -2086 1729 7006 END
START -3544 2812 19896 -2174 1835 6963 END
START -3608 3072 19880 -2288 1972 6966 END
START -3952 3396 20016 -2488 2188 6885 END
START -4176 3680 20068 -2795 2359 6717 END
START -4252 4068 20060 -3117 2413 6409 END
START -4240 4476 19916 -3106 2535 5854 END
START -4256 4500 19932 -3169 2676 5215 END
START -4368 4260 19928 -3299 2711 4652 END
START -4324 4140 20040 -3205 2915 4245 END
START -4384 4032 20300 -3346 3270 4005 END
START -4400 4256 19812 -3628 3582 3932 END
START -4512 4428 19960 -3053 4067 3793 END
START -4780 4756 20032 -2882 4513 3437 END
START -4828 4944 20208 -2584 5039 2962 END
START -5112 5316 20260 -2818 5254 2422 END
START -5168 5292 19872 -2697 5285 1639 END
START -4800 5128 19792 -2820 5217 945 END
START -4456 4768 19504 -2877 5519 444 END
START -4392 4204 19612 -2899 5688 137 END
START -3972 4044 19312 -2947 5817 204 END
START -3956 4152 19184 -2583 6063 353 END
START -3844 4376 19228 -2309 6411 395 END
START -3900 4852 19132 -2153 6859 203 END
START -3832 4848 18952 -2344 7123 -133 END
START -3652 5120 18452 -2446 7843 -542 END
START -3552 4980 18144 -2662 8051 -1154 END
START -3816 5164 18820 -4402 6147 -1930 END
START -2640 4796 17012 -4387 7209 -1848 END
START -3448 4240 17192 -4408 6819 -2375 END
START -2212 4244 15520 -3689 7125 -2336 END
START -2444 4208 16004 -3865 6318 -2357 END
START -2256 4500 16444 -3318 6839 -2210 END
START -2368 4648 15840 -2292 6104 -2538 END
START -1912 4812 15468 -1541 5060 -2913 END
START -1788 4836 15360 -868 5368 -3149 END
START -1808 4764 15176 -540 5235 -3401 END
START -1556 4888 14824 -314 5241 -3703 END
START -1568 4620 14392 -84 5142 -4039 END
START -1440 4488 13732 -160 4539 -4340 END
START -1612 4276 13412 -349 3704 -4664 END
START -1672 4084 13080 -412 2828 -4951 END
START -1464 3800 12896 -446 1990 -5105 END
START -1472 3712 12996 25 1424 -5145 END
START -1396 3584 13252 479 870 -5020 END
START -1328 3668 13460 827 571 -4865 END
START -1664 3528 13528 1061 479 -4922 END
START -2324 3588 13480 1331 172 -5178 END
START -3036 3164 13772 1279 -208 -5427 END
START -4144 3052 14032 1377 -472 -5633 END
START -4616 2628 14228 1702 -561 -5885 END
START -4852 2436 14688 2265 -580 -6013 END
START -4832 2080 14868 3050 -439 -6231 END
START -4800 1332 15132 4087 -203 -6487 END
START -5068 336 15836 4617 61 -6630 END
START -4964 -524 16180 4502 40 -6762 END
START -4820 -1396 16392 3853 -302 -6791 END
START -4720 -2116 16320 2871 -874 -6803 END
START -4344 -2712 16080 2040 -1606 -6706 END
START -3988 -3156 16224 1678 -2248 -6490 END
START -4144 -3896 17448 1801 -3211 -6448 END
START -3576 -4072 17740 2460 -2235 -5818 END
START -3584 -4788 18728 2343 -2377 -5532 END
START -3484 -5188 19132 2079 -1614 -4856 END
START -3268 -5428 18808 1919 -1093 -4071 END
START -3508 -5364 18956 1635 -917 -3322 END
START -3508 -4992 19232 1652 -659 -2530 END
START -3780 -4784 19276 1119 -411 -1868 END
START -3968 -4212 19188 449 37 -1303 END
START -4300 -3728 18732 207 418 -956 END
START -4436 -3104 18176 -117 888 -754 END
START -4484 -2732 17920 -204 1093 -743 END
START -4380 -2640 17716 -450 1128 -583 END