START -5108 -164 16568 2068 672 1563 END
START -7440 5088 7952 621 -134 1376 END
START -9188 -3528 16740 1725 752 627 END
START -5624 -80 14836 2785 966 534 END
START -4444 316 15256 2712 760 31 END
START -3796 72 15024 2431 497 -207 END
START -3488 -256 14872 1843 -115 -174 END
START -3448 -472 14444 1066 -721 -180 END
START -3312 -808 13684 999 -1041 -281 END
START -3028 -968 13432 1403 -1309 -285 END
START -2528 -1084 13532 1815 -1404 -110 END
START -2176 -1144 13628 2107 -1729 218 END
START -2120 -928 13776 2249 -2120 600 END
START -2404 -544 13972 2656 -2422 978 END
START -2660 -60 13900 2534 -2575 1232 END
START -2648 360 14120 2577 -2802 1302 END
START -2612 852 14708 2562 -3244 1308 END
START -2796 960 14344 2138 -3445 993 END
START -2640 1012 13780 1805 -3857 381 END
START -2508 1008 13604 1446 -3908 -575 END
START -4604 -3768 11716 6510 -2206 -736 END
START -2272 -984 11848 2119 -6371 -804 END
START -2524 -1344 14212 2008 -6871 -1828 END
START -132 -1428 10188 3992 -6831 -552 END
START -3476 -6312 18900 -2169 -1776 1018 END
START -1076 -1044 9728 2450 -8144 1644 END
START -2660 1268 15864 4466 -5734 2267 END
START -3716 1040 15804 3968 -6366 2348 END
START -4456 1368 16644 3872 -7520 1390 END
START -3988 1592 17040 3359 -7942 586 END
START -4244 1176 17440 2789 -8837 98 END
START -4160 996 17948 2569 -9358 -212 END
START -3904 696 18952 2343 -9940 -218 END
START -4048 424 20228 1757 -10240 -8 END
START -4288 596 20896 1170 -10039 233 END
START -4576 784 21300 1108 -9438 312 END
START -4732 896 21444 1896 -8253 290 END
START -4920 796 21552 2798 -6849 357 END
START -4948 872 21800 3534 -5977 501 END
START -5076 1100 22216 3620 -5287 533 END
START -5444 1076 22628 2968 -4821 495 END
START -5788 920 22168 2300 -4724 457 END
START -5704 1000 22052 2299 -4466 621 END
START -5732 1080 21876 2567 -4148 868 END
START -5760 1284 21800 2959 -3682 1062 END
START -5748 1584 22076 3302 -3167 1072 END
START -5912 1516 22048 3291 -2686 928 END
START -5528 1624 22004 2956 -2705 777 END
START -5364 1652 22144 2231 -2868 479 END
START -5276 1508 22280 1436 -3064 375 END
START -4828 1356 22316 905 -2823 449 END
START -4620 1400 22316 565 -2359 608 END
START -4540 1364 21896 712 -1563 700 END
START -4160 1196 21504 1085 -760 876 END
START -3836 1176 21096 1465 -86 1011 END
START -3756 1176 20844 1732 398 1084 END
START -3532 1156 20744 1576 720 1088 END
START -3160 948 20312 1080 706 1035 END
START -2892 668 19732 601 529 987 END
START -2424 636 19344 235 329 1052 END
START -2032 200 19080 114 311 1275 END
START -1732 -76 19072 71 419 1548 END
START -1848 -124 18780 77 583 1812 END
START -1264 -472 18472 87 815 2027 END
START -988 -636 18520 83 861 2282 END
START -740 -900 18484 -138 885 2502 END
START -548 -1232 18444 -502 750 2827 END
START -280 -1468 18376 -786 692 3237 END
START -192 -1848 18176 -1059 555 3736 END
START -20 -2056 18120 -1231 408 4274 END
START -4 -2068 18028 -1247 389 4854 END
START -12 -2060 18476 -1194 378 5456 END
START -436 -1940 18716 -1283 334 6102 END
START -748 -1456 19192 -1527 390 6686 END
START -1416 -940 19532 -1776 501 6961 END
START -1888 -488 19804 -2046 766 7038 END
START -2076 -328 20028 -2301 1062 7077 END
START -2620 -308 20372 -2600 1321 7162 END
START -2972 -12 20108 -2770 1549 7346 END
START -3340 396 20388 -2816 1863 7541 END
START -3844 748 20784 -3053 2184 7656 END
START -4272 1396 20940 -3322 2591 7654 END
START -4736 1940 21024 -3568 2936 7371 END
START -4952 2284 20872 -3780 3274 6907 END
START -5148 2336 20884 -3839 3671 6539 END
START -5256 2404 20916 -3675 4167 6370 END
START -5396 2576 20884 -3533 4730 6371 END
START -5720 3032 21000 -3503 5275 6374 END
START -5836 3616 20800 -3246 5778 6152 END
START -5904 3968 20796 -3626 6106 5700 END
START -5920 4228 20456 -3702 6420 5045 END
START -5756 4340 20136 -3789 6717 4364 END
START -5892 4956 19176 -3560 6945 3438 END
START -5324 4244 19420 -4168 6729 2919 END
START -5280 3952 19472 -4345 6827 2345 END
START -4880 3652 18776 -4428 6889 1841 END
START -4756 3356 18668 -4364 6797 1518 END
START -4924 3176 18424 -4310 6697 1252 END
START -5048 -1580 21236 -4266 6105 702 END
START -3784 4388 18440 -3209 7235 1471 END
START -4352 4260 19100 -5159 6213 1145 END
START -4020 4788 18340 -5561 7535 790 END
START -4464 4860 17704 -4955 7628 66 END
START -4064 4964 17360 -4479 7537 -632 END
START -3888 4508 17112 -4420 7656 -1082 END
START -3716 4564 16620 -5100 7668 -1406 END
START -3620 4692 16532 -5050 7881 -1620 END
START -3652 4680 15764 -3898 6980 -1945 END
START -3268 4524 14808 -2476 6082 -2337 END
START -2816 4644 14560 -2222 5906 -2713 END
START -2768 4692 14812 -1775 5545 -3130 END
START -2608 4548 14540 -1573 5047 -3648 END
START -2356 4472 13896 -1285 4709 -4180 END
START -2260 4460 13696 -1270 4572 -4640 END
START -2364 3932 13272 -1056 4236 -5051 END
START -2088 3532 12960 -763 3846 -5274 END
START -2192 3360 12808 -301 3373 -5292 END
START -2212 3140 12580 361 2972 -5416 END
START -2240 2948 12628 1198 2622 -5539 END
START -2432 2824 12968 2046 2097 -5782 END
START -2584 2508 13228 2495 1501 -6203 END
START -2752 1836 13348 2472 885 -6763 END
START -2688 1116 13536 2332 359 -7154 END
START -2652 364 13672 2243 -90 -7268 END
START -2736 -472 13772 2254 -397 -7154 END
START -2928 -760 14036 2471 -473 -6845 END
START -3104 -1168 14160 2881 -373 -6622 END
START -3464 -1556 13992 3303 -204 -6627 END
START -3540 -2116 13992 3750 135 -6857 END
START -3524 -2760 14088 3909 -71 -6860 END
START -3604 -3568 14040 3775 -707 -6800 END
START -3652 -4208 14440 3179 -1535 -6507 END
START -3672 -4400 14592 2696 -2363 -5960 END
START -3812 -4436 14884 2696 -2792 -5182 END
START -4196 -4812 15444 3070 -3574 -4939 END
START -4204 -4992 16284 3187 -3197 -4471 END
START -4172 -5220 17116 3196 -2631 -3886 END
START -4224 -5152 17436 3609 -2279 -3174 END
START -4272 -4908 17560 3821 -1910 -2402 END
START -4888 -4488 17936 3986 -1784 -1784 END
START -5296 -4040 18260 3679 -1625 -1400 END
START -5684 -3860 18584 2950 -1457 -1246 END
START -6016 -3976 18496 2163 -1322 -1199 END
START -6056 -4080 18640 1597 -1379 -1153 END
START -6048 -4192 18344 1272 -1337 -884 END
START -6252 -3904 18500 1355 -1327 -461 END
START -6164 -3472 19008 1643 -961 -109 END
START -6172 -3136 19328 1597 -440 47 END
START -6168 -2888 19284 1292 134 175 END
START -6172 -2752 19296 895 550 224 END
START -6316 -3012 19160 326 995 347 END
START -6240 -2948 19328 -241 1272 536 END