START -5080 -820 17480 1104 755 1857 END
START -7460 4144 13492 -510 -65 1846 END
START -6792 -2484 19048 332 392 1254 END
START -5664 -328 16524 891 803 1637 END
START -5012 -12 16724 556 766 1298 END
START -4964 -40 16528 569 597 891 END
START -4612 52 16272 513 763 595 END
START -4224 56 15884 489 693 384 END
START -3568 0 15536 509 615 256 END
START -3308 -176 15100 444 558 250 END
START -3124 -308 14776 478 323 326 END
START -2896 -220 14388 474 143 534 END
START -2740 -264 14152 554 55 686 END
START -2492 -212 13888 682 8 800 END
START -2076 -140 13860 795 -7 909 END
START -1816 -156 13696 997 67 967 END
START -1344 -116 13492 1097 86 1012 END
START -960 -140 13076 1323 -45 1085 END
START -692 -252 13104 1069 -171 1237 END
START -620 -220 12772 888 -450 1358 END
START -676 -260 12572 642 -794 1318 END
START -1112 -364 12200 456 -1209 1260 END
START -1308 -540 11912 713 -1770 1181 END
START -1440 -1436 10108 2616 -1889 2575 END
START -836 -136 13056 1721 -3166 2340 END
START -1316 -556 12060 3668 -2766 2273 END
START -2088 -884 11196 5263 -4247 2724 END
START -2300 1264 15416 9503 -2537 4180 END
START -1000 756 14372 7453 -7330 3174 END
START -5436 -816 2476 9455 -7281 2080 END
START -208 2440 9920 -1296 -9627 1746 END
START -2220 1788 16336 5000 -6402 1201 END
START -2216 1784 14524 -2990 -10823 333 END
START -2972 1232 16096 712 -9896 251 END
START -2660 1252 16012 -447 -11952 343 END
START -3100 1760 17828 1368 -11440 821 END
START -3344 2324 18720 1191 -11912 832 END
START -3584 3024 20596 1399 -11212 525 END
START -3768 3432 21468 1054 -10464 -152 END
START -3724 3084 22108 535 -9623 -1247 END
START -3556 2276 21936 291 -8580 -2116 END
START -3392 1228 21512 86 -7958 -2413 END
START -2780 384 21140 777 -7413 -2104 END
START -2640 -20 21124 1474 -7044 -1205 END
START -2924 148 21512 2069 -6942 -155 END
START -3148 620 21964 2342 -6608 721 END
START -3340 1460 22708 2365 -6246 1030 END
START -3432 1984 23120 1858 -5793 985 END
START -3432 2200 23212 1122 -5365 556 END
START -3204 1756 22872 269 -5216 17 END
START -3064 1460 22616 -194 -5043 -367 END
START -2568 692 21988 -599 -5084 -590 END
START -2196 -68 21484 -572 -4929 -407 END
START -1868 -552 21552 -389 -4918 81 END
START -1292 -1156 21524 -302 -4933 932 END
START -3152 -76 22556 297 -4675 631 END
START -1368 -468 22036 185 -3323 2130 END
START -1144 -304 20816 -91 -2675 2942 END
START -1440 -20 20892 388 -2021 3266 END
START -1280 428 20252 232 -1792 3372 END
START -1456 488 20328 391 -1277 3380 END
START -1428 492 19844 13 -1180 3193 END
START -1368 296 19516 -211 -1141 3121 END
START -1332 52 19180 -367 -1275 3256 END
START -1232 156 19096 -374 -1393 3562 END
START -1348 436 19236 -284 -1384 3865 END
START -1436 712 19328 -205 -1182 4114 END
START -1576 1064 19580 -72 -784 4245 END
START -1576 1408 19772 -92 -347 4109 END
START -1440 1452 19888 -260 -13 3788 END
START -1304 1432 19876 -549 75 3485 END
START -1140 1112 19812 -984 -163 3247 END
START -912 688 20004 -1433 -438 3133 END
START -864 424 20308 -1939 -437 3123 END
START -748 108 20204 -2292 -337 3231 END
START -644 -36 20280 -2546 -104 3513 END
START -796 -68 20624 -2781 119 3763 END
START -608 -88 20908 -2698 518 3930 END
START -828 -424 20824 -2166 898 3994 END
START -760 -368 21180 -2542 1273 4205 END
START -728 -504 21164 -2506 1700 4436 END
START -576 -464 21400 -2885 1869 4639 END
START -576 -476 21016 -3077 2180 4949 END
START -784 -504 21068 -3239 2457 5239 END
START -852 -316 20908 -3225 2881 5524 END
START -1188 -256 20852 -3159 3396 5805 END
START -1444 16 20632 -3029 3955 5949 END
START -1680 280 20476 -3065 4373 5963 END
START -1752 432 20436 -3019 4647 5844 END
START -1824 488 20228 -3177 4970 5762 END
START -1952 516 19892 -3169 5274 5704 END
START -2072 540 19596 -3212 5425 5655 END
START -2076 732 19512 -3303 5544 5616 END
START -2064 644 19452 -3171 5724 5651 END
START -2192 932 19232 -3150 5582 5691 END
START -2340 1220 19252 -2908 5743 5733 END
START -2540 1576 19252 -2778 6019 5728 END
START -2920 1856 18952 -2440 6475 5505 END
START -3148 2168 19028 -2417 6703 5245 END
START -3164 2552 18684 -2513 6887 5124 END
START -3452 2932 18376 -2469 6902 4925 END
START -3616 3484 18380 -2238 6981 4625 END
START -3544 3736 18092 -2239 7068 4282 END
START -3816 3992 17768 -2361 6942 3697 END
START -3788 4212 17820 -2374 6602 2950 END
START -3640 4416 17676 -2008 6370 2237 END
START -1716 5860 18176 -2629 7477 2638 END
START -4004 3908 17976 -2033 7448 1016 END
START -3024 4496 17876 -2498 7853 717 END
START -3764 4100 18240 -2955 6383 50 END
START -2608 4136 17236 -4649 6156 -377 END
START -2892 3732 17532 -3053 7428 -815 END
START -2612 3276 16468 -2733 6677 -1105 END
START -2456 3216 16464 -2029 6728 -1309 END
START -2232 3100 16068 -1831 6613 -1443 END
START -2008 2960 16088 -1582 6986 -1454 END
START -2160 2872 16132 -308 7194 -1371 END
START -2196 2780 16176 837 6683 -1369 END
START -2264 2956 15544 1499 6359 -1532 END
START -2308 2948 15228 1642 6316 -1746 END
START -2372 3080 14988 1852 6062 -2002 END
START -2384 2948 14764 1951 5484 -2387 END
START -2460 2924 14528 1872 4976 -2880 END
START -2408 2748 14232 1803 4413 -3350 END
START -2280 2596 14316 1984 3813 -3741 END
START -2200 2312 14172 2281 3456 -4122 END
START -2072 2116 14252 2599 3324 -4409 END
START -2092 1888 14416 2776 3069 -4598 END
START -2128 1836 14416 2813 2843 -4831 END
START -2196 1604 14300 2725 2513 -5133 END
START -2316 1196 13968 2473 2182 -5469 END
START -2324 896 13988 2147 1587 -5905 END
START -2332 300 13708 1752 784 -6249 END
START -2120 -160 13684 1540 41 -6526 END
START -2120 -784 14040 1524 -487 -6721 END
START -1996 -1456 14364 1492 -653 -6696 END
START -2188 -2052 14248 1636 -837 -6351 END
START -2296 -2620 13744 2126 -390 -5445 END
START -2628 -2952 14108 2750 -1780 -5454 END
START -3088 -2988 14416 2844 -1519 -4790 END
START -3480 -3028 14860 3059 -1979 -4659 END
START -3664 -3460 14812 3257 -2481 -4483 END
START -4056 -3716 15416 2936 -2955 -4186 END
START -4088 -3952 16088 2735 -3498 -3959 END
START -4376 -4132 17372 3188 -4469 -3655 END
START -4600 -4032 17276 2968 -3874 -3166 END
START -4900 -4592 17300 5722 -5699 -1532 END
START 396 2060 23112 -242 -5719 -2849 END
START -6472 -3756 21036 4126 -468 -2050 END
START -5196 -3260 18472 2092 -1301 -1537 END
START -5860 -3124 19660 1911 -2275 -1394 END
START -5744 -2948 19704 1399 -1255 -1358 END
START -5824 -2880 19128 878 -744 -1222 END
START -5696 -2864 19132 848 -1034 -950 END
START -5624 -2664 19152 650 -887 -610 END
START -5768 -2464 19232 384 -344 -245 END
START -5692 -2124 18724 251 -9 -19 END
START -5556 -1940 18516 216 170 161 END
START -5564 -1508 18448 218 347 290 END
START -5552 -1408 17988 133 493 374 END
START -5596 -1192 17824 -26 566 360 END
START -5392 -1124 17712 -301 531 310 END
START -5288 -1068 17592 -653 401 330 END
START -5124 -1040 17504 -1043 257 404 END
START -5080 -1064 17600 -1249 188 588 END