START -5116 -788 17336 -364 305 1515 END
START -6980 3916 10552 -1485 -314 1652 END
START -5316 596 18260 -492 125 1534 END
START -6100 -284 16540 254 659 1339 END
START -5880 -112 16812 133 623 854 END
START -5556 -132 16832 118 741 532 END
START -5580 -216 16292 -67 689 329 END
START -5508 -460 15868 52 590 253 END
START -4936 -644 15720 237 510 410 END
START -4996 -688 15828 295 350 783 END
START -5344 -404 15932 151 210 951 END
START -5500 -36 15920 67 110 713 END
START -5540 -16 15800 168 61 451 END
START -5548 -336 15928 337 -1 200 END
START -5672 -424 15800 590 -124 85 END
START -5700 -664 15960 820 -215 90 END
START -5628 -780 16160 812 -240 267 END
START -6108 -656 16568 814 -141 431 END
START -6160 -536 16784 782 -281 429 END
START -6092 -424 17004 663 -290 428 END
START -6208 -460 17252 436 -199 394 END
START -6064 -464 17316 360 -226 285 END
START -6140 -508 17140 293 -126 308 END
START -6000 -388 17404 304 -94 219 END
START -6060 -540 17448 272 -13 106 END
START -6044 -568 17596 224 -10 34 END
START -5928 -760 17336 61 68 -4 END
START -5888 -900 17536 50 79 31 END
START -5788 -808 17500 -57 120 127 END
START -5856 -808 17652 -217 50 258 END
START -5868 -648 17612 -303 103 264 END
START -5960 -444 17496 -400 167 139 END
START -5996 -440 17368 -401 220 47 END
START -5868 -508 16980 -429 249 57 END
START -5820 -632 17124 -509 117 149 END
START -5760 -436 16992 -613 119 337 END
START -5584 -124 16876 -693 191 456 END
START -5644 -160 16904 -726 272 463 END
START -5508 212 16676 -751 302 382 END
START -5480 360 16504 -714 310 271 END
START -5408 488 15936 -538 354 62 END
START -5212 452 15916 -197 326 -93 END
START -4908 284 15844 30 462 -131 END
START -4936 240 15668 191 573 -119 END
START -4712 164 15500 354 565 -101 END
START -4416 172 15312 635 564 7 END
START -4180 116 15044 921 486 82 END
START -3816 252 15208 1174 453 210 END
START -3484 280 14988 1382 496 405 END
START -3420 588 15020 1527 503 550 END
START -3456 648 14920 1580 602 593 END
START -3372 524 14464 1517 595 536 END
START -3348 460 14032 1761 581 429 END
START -3420 128 13548 2166 408 393 END
START -3380 -212 13500 2640 155 470 END
START -3364 -404 13312 3011 -173 728 END
START -3332 -272 13644 3402 -614 1015 END
START -3476 -168 13860 3590 -853 1272 END
START -3392 116 14180 3891 -1057 1458 END
START -3484 328 14348 3823 -1191 1681 END
START -3584 536 14712 3974 -1457 1838 END
START -3696 888 14968 3935 -1664 1997 END
START -3508 1196 15016 3873 -1758 1981 END
START -3820 1188 15444 3822 -1871 1885 END
START -3448 1412 15364 3832 -1892 1637 END
START -3444 1428 14972 3730 -2169 1493 END
START -3264 1620 15244 3797 -2525 1491 END
START -3296 1980 14860 3875 -2693 1430 END
START 420 3900 15992 5094 -3833 5683 END
START -4036 2372 16372 5277 -4116 1914 END
START -4496 1200 15540 7830 -2275 1438 END
START -4260 1364 12124 1354 -9546 -671 END
START -3508 3356 10820 8538 -2927 75 END
START -4268 2020 13332 -1374 -12004 -670 END
START -3828 2544 16588 4899 -3674 -598 END
START -3628 3020 15520 -425 -7265 -513 END
START -3976 2900 16324 2807 -6067 -565 END
START -3596 2780 15908 1065 -7181 -942 END
START -3756 2512 16956 1770 -6798 -1094 END
START -3420 1992 16508 1233 -7397 -1362 END
START -3592 1472 16728 1342 -7548 -1402 END
START -3256 1004 16760 2050 -7612 -1185 END
START -3120 712 17620 2838 -7650 -624 END
START -3024 644 18384 3683 -7353 184 END
START -3040 968 19276 4246 -6967 920 END
START -3012 1448 19928 4606 -6232 1485 END
START -3012 2148 20448 4526 -5616 1643 END
START -3100 2472 20968 4010 -5317 1431 END
START -3532 2296 21032 3146 -5229 1232 END
START -3996 2088 20804 2866 -5104 1362 END
START -4312 2256 21052 3100 -4727 1771 END
START -4728 2612 21324 3332 -4158 2152 END
START -5040 3288 21552 3174 -3608 2331 END
START -5332 4100 21636 2578 -3247 2115 END
START -5304 4612 21476 2020 -2979 1601 END
START -5072 4736 21212 1634 -2917 916 END
START -4820 4368 20816 1445 -2977 322 END
START -4596 4112 20652 1049 -2887 -99 END
START -4316 3736 20628 698 -2918 -347 END
START -3940 3312 20748 382 -2817 -356 END
START -3556 3220 20552 117 -2513 -211 END
START -3232 3128 20520 232 -2128 -132 END
START -2760 3004 20248 428 -1505 -74 END
START -2308 2724 20244 666 -1048 71 END
START -1972 2492 19904 898 -401 304 END
START -1564 2408 19388 1068 108 612 END
START -1236 2360 19236 951 316 880 END
START -1064 2324 18872 729 355 1150 END
START -948 2556 18512 217 203 1226 END
START -724 2604 17804 -301 -2 1091 END
START -400 2256 17556 -650 -255 967 END
START -200 1792 17092 -742 -545 923 END
START 64 1120 16800 -556 -684 1109 END
START 152 672 16788 -475 -825 1397 END
START 360 292 17148 -472 -1027 1817 END
START 500 8 17092 -514 -1094 2413 END
START 488 -184 17104 -467 -1118 2970 END
START 896 -156 17416 -291 -1250 3573 END
START 732 -152 17992 -542 -1138 4058 END
START 456 -16 17984 -841 -1429 4552 END
START 168 256 18388 -735 -1450 4997 END
START -224 516 18648 -693 -1135 5467 END
START -644 948 19080 -741 -815 5798 END
START -1248 1260 19120 -913 -438 5952 END
START -1520 1520 19280 -1199 -239 5903 END
START -1644 1428 19368 -1443 -152 5803 END
START -1660 1360 19760 -1890 -329 5885 END
START -1936 1388 20152 -2299 -298 6154 END
START -2228 1836 20612 -2750 -256 6381 END
START -2400 2408 20932 -3062 59 6541 END
START -2592 2920 21068 -3282 408 6499 END
START -2584 3280 21252 -3460 915 6326 END
START -2712 3372 21368 -3690 1413 6020 END
START -2740 3308 21120 -3931 1920 5675 END
START -2836 3272 20804 -4099 2324 5423 END
START -2660 3232 20440 -4166 2541 5278 END
START -2636 3936 20496 -4181 2824 5943 END
START -3692 3540 18868 -3151 2783 6938 END
START -4884 3516 20508 -1727 4869 3954 END
START -3200 3912 22352 -6408 3847 4172 END
START -2392 3840 17340 -5654 3673 4931 END
START -3764 4268 18936 -3927 3060 4780 END
START -3244 4568 19048 -2542 3928 4647 END
START -3896 4708 20136 -3636 3965 3908 END
START -3876 4336 19596 -3697 4376 3393 END
START -3640 4120 19148 -4064 4262 3193 END
START -3544 3876 18916 -3227 4636 3332 END
START -3520 4176 19252 -3308 4969 3423 END
START -3616 4216 18936 -3226 5233 3224 END
START -3840 4448 18696 -3383 5255 2894 END
START -3932 4548 18336 -3508 5131 2602 END
START -4060 4964 18600 -3451 4912 2146 END
START -4080 5148 18568 -3235 4781 1585 END
START -4208 5148 18952 -2729 5207 1112 END
START -4036 4964 19316 -2277 5751 645 END
START -3856 4664 19308 -2278 6281 388 END
START -3604 4864 19296 -2500 6895 421 END
START -3580 5264 19048 -2483 7290 355 END
START -3452 5680 18560 -2366 7520 -100 END
START -3052 6012 18412 -2871 6994 -824 END
START -2900 5500 17964 -5377 6094 -1644 END
START -2644 5476 18032 -4472 7326 -2012 END
START -2212 4880 16772 -4634 6943 -2535 END
START -1912 4376 16276 -4324 6710 -2674 END
START -1628 4144 15868 -4985 6695 -2837 END
START -1728 3788 15460 -4242 5903 -2911 END
START -1036 3516 14980 -1831 4743 -3133 END
START -1356 2708 14500 49 5440 -2605 END
START -1740 2600 15448 1064 5408 -2113 END
START -1948 2684 15520 1292 5638 -1732 END
START -2088 3136 15436 1102 5490 -1516 END
START -2212 3544 15068 911 5278 -1564 END
START -2456 3968 14332 947 4842 -1827 END
START -2832 4268 14528 813 4299 -2264 END
START -2840 4408 14416 676 3798 -2779 END
START -3296 4152 14272 677 3381 -3540 END
START -3352 3604 14196 624 3004 -4250 END
START -3308 2980 14008 504 2554 -4633 END
START -3204 2696 14016 593 1973 -4766 END
START -3224 2688 14476 832 1525 -4821 END
START -3264 2648 14612 1007 1396 -4989 END
START -3068 2644 15008 1063 1318 -5272 END
START -3020 2280 14740 1136 1331 -5530 END
START -3188 1740 14580 1301 1305 -5791 END
START -3484 1204 14324 1451 1257 -5877 END
START -3680 616 14092 1786 1102 -5828 END
START -3772 292 14184 2094 728 -5680 END
START -3644 240 14376 2255 346 -5503 END
START -3644 -84 14436 2190 33 -5418 END
START -3556 -440 14880 1943 -116 -5377 END
START -3692 -844 14752 1495 -269 -5303 END
START -3780 -1224 14720 1387 -649 -5414 END
START -3720 -1996 14808 1461 -1098 -5482 END
START -3836 -2564 15160 1653 -1564 -5480 END
START -3388 -3472 15544 2162 -1756 -5245 END
START -3124 -4104 16328 2637 -1444 -4542 END
START -3516 -4828 16968 2844 -1410 -3638 END
START -3688 -5044 17320 2660 -1489 -2586 END
START -4076 -4412 17476 2361 -1172 -1706 END
START -4436 -3900 17444 2229 -1082 -1255 END
START -4832 -3596 17872 2022 -1174 -1115 END
START -5148 -3252 17924 1802 -1319 -1031 END
START -5088 -3132 18276 1338 -1376 -764 END
START -5400 -2944 18432 1036 -1270 -438 END
START -5488 -2628 18624 738 -964 -35 END
START -5540 -2340 18672 551 -606 273 END
START -5744 -2016 18520 378 -323 511 END
START -5984 -1580 18520 179 -87 743 END
START -6244 -1064 18460 -33 88 762 END
START -6256 -868 18320 -225 363 547 END
START -6216 -728 18220 -446 573 321 END
START -6160 -724 17696 -645 631 238 END
START -6116 -660 17636 -760 596 342 END
START -6032 -640 17548 -839 618 514 END
START -5852 -592 17868 -947 772 635 END
START -5680 -484 17680 -1052 994 933 END
START -5476 -204 17708 -909 1390 1186 END