START -2964 -1820 18360 2363 1799 1782 END
START -3820 -1932 1656 1873 2863 2032 END
START -3260 -2204 15512 2282 2376 2001 END
START -4460 -2092 17092 2518 708 1921 END
START -3856 -1540 17200 1082 -1523 1541 END
START -4440 -1044 17404 -69 -2563 900 END
START -4248 -1004 17788 -635 -2620 241 END
START -3524 -1224 17732 -559 -1841 -89 END
START -3068 -1636 17176 -263 -1074 152 END
START -2920 -1612 16844 -112 -1111 496 END
START -3260 -1456 16584 -235 -1518 704 END
START -3240 -1380 17124 -450 -1720 695 END
START -3200 -1868 17156 -410 -1146 837 END
START -3184 -2000 17176 166 -444 1269 END
START -3228 -1860 16904 603 -367 1641 END
START -3452 -1356 17216 669 -884 1729 END
START -3652 -772 17560 409 -1124 1504 END
START -4040 -312 17812 54 -1244 984 END
START -4096 40 17632 -245 -1156 279 END
START -4168 12 17348 -514 -1142 -412 END
START -3736 -404 17352 -795 -1582 -847 END
START -3392 -852 17560 -981 -1587 -895 END
START -2944 -1212 17652 -985 -1509 -394 END
START -3084 -1304 17872 -837 -1010 259 END
START -3188 -728 18128 -1070 -861 479 END
START -3532 -116 17572 -1147 -908 240 END
START -3516 172 17184 -942 -981 -155 END
START -3592 236 17156 -750 -1141 -559 END
START -3404 504 17436 -826 -1857 -952 END
START -3160 368 17376 -834 -2351 -1329 END
START -3060 280 17704 -1223 -2744 -1541 END
START -2520 264 17480 -1486 -2849 -1496 END
START -2128 364 17128 -1530 -2316 -1177 END
START -2320 744 16448 -1184 -1990 -996 END
START -2272 1244 16460 -616 -2121 -1147 END
START -2188 1712 16456 -172 -2373 -1497 END
START -2300 2088 16484 390 -2516 -1972 END
START -2304 2272 16668 715 -2816 -2413 END
START -1200 3204 15972 -83 -2379 -2508 END
START -2132 3244 16932 269 -2489 -2663 END
START -2316 3828 17256 658 -2503 -2696 END
START -2344 4292 17420 1621 -1886 -2907 END
START -2476 4204 17036 3091 -1017 -3147 END
START -2656 4696 17100 4449 -705 -3632 END
START -2836 5036 17516 5050 -974 -4483 END
START -2924 5132 17944 5180 -1437 -5513 END
START -2760 5152 18656 5043 -1956 -6729 END
START -2376 4356 19352 4655 -2354 -7652 END
START -2152 3452 20416 4047 -2183 -8063 END
START -1812 2828 20200 3793 -1484 -8309 END
START -1344 2228 19984 3994 -729 -8075 END
START -1560 1840 19568 4472 -612 -7636 END
START -1608 1304 19272 5403 585 -7570 END
START -1988 1144 19184 6042 882 -7817 END
START -2008 928 19256 6117 619 -8390 END
START -2004 168 19500 5611 -12 -9084 END
START -1544 -716 19300 4440 -307 -9435 END
START -1580 -1024 19484 2966 -700 -9550 END
START -916 -2384 20060 1634 -499 -9748 END
START -428 -3544 19468 1013 1709 -9133 END
START 1532 -7732 23200 2219 -6949 -8433 END
START 7992 -1504 7932 -2554 9325 -5342 END
START -1676 -6960 14836 4252 -1487 -6107 END
START -84 -4628 17396 4881 837 -5696 END
START -892 -5048 18908 3375 826 -5426 END
START -968 -5096 19484 2789 -625 -5317 END
START -916 -5408 20420 1564 627 -5009 END
START -1308 -5592 19976 1367 1047 -4585 END
START -888 -5900 22776 61 172 -4162 END
START -1260 -5084 19540 530 1623 -3546 END
START -1548 -4984 19340 729 1396 -2833 END
START -2068 -4116 20852 1579 -150 -2343 END
START -2472 -3704 21008 1529 2069 -1801 END
START -3232 -3204 22076 1426 2213 -1625 END
START -3488 -2764 22604 546 2522 -1698 END
START -3700 -2740 22440 -717 3500 -1725 END
START -3984 -2552 22448 -976 3736 -1691 END
START -4236 -1872 21776 -1839 4292 -1820 END
START -3976 -1716 20484 -1794 4561 -1906 END
START -4220 -1316 20188 -1638 4871 -2134 END
START -4284 -1700 19588 -1412 4761 -2465 END
START -3796 -2108 20140 -1536 4435 -2564 END
START -3456 -2612 19852 -2307 4878 -2094 END
START -3316 -2740 19168 -2706 5547 -1280 END
START -3524 -2844 18664 -3263 5477 -576 END
START -3280 -2220 17736 -3419 4855 35 END
START -3824 -2400 17016 -3175 5114 466 END
START -3220 -1616 15632 -3074 6214 831 END
START -3688 -1368 16428 -2590 5365 669 END
START -3876 -1760 16224 -2118 3914 318 END
START -3076 -2112 16476 -2627 2774 -18 END
START -3456 -2632 16852 -3953 2143 50 END
START -3080 -2844 16740 -4861 1769 277 END
START -2972 -2396 17244 -4971 754 749 END
START -3176 -3120 16500 -4458 1423 1261 END
START -3160 -2784 15692 -4097 2722 1626 END
START -2940 -2932 16044 -4654 2526 1809 END
START -3620 -2468 16776 -5241 1082 1711 END
START -3072 -2220 16320 -6506 1947 1987 END
START -2320 -2560 16044 -6882 1725 2467 END
START -2664 -2752 16204 -6891 1804 3067 END
START -2660 -2704 15580 -6888 2383 3632 END
START -2756 -2612 16112 -7163 2521 3943 END
START -2848 -2712 14312 -7013 1106 3645 END
START -2564 -4048 14784 -6725 610 3839 END
START 340 -292 14080 -7917 1662 3697 END
START -8004 -13352 7664 -6841 3289 2358 END
START -1556 -3128 14100 -6855 14 3740 END
START -2708 -3764 14144 -7313 63 4184 END
START -2316 -3544 13348 -6727 134 4666 END
START -2408 -3400 13100 -6537 55 4904 END
START -2996 -3020 12740 -6192 -311 4736 END
START -2980 -3080 12300 -5663 -409 4320 END
START -2904 -3108 12472 -4936 -514 3920 END
START -2892 -3660 12504 -4333 -395 3582 END
START -2612 -4540 12520 -3756 -317 3552 END
START -2168 -5124 12688 -3449 -261 4195 END
START -2212 -5084 12452 -2851 -798 5041 END
START -2332 -4848 12836 -2230 -1390 5620 END
START -2688 -4436 13400 -1563 -1321 5879 END
START -2888 -4388 14100 -1131 -998 5877 END
START -2764 -4496 14144 -1020 -657 5900 END
START -2488 -4500 14164 -1265 -607 5902 END
START -2596 -4080 14696 -1764 -714 5723 END
START -2772 -3356 14456 -1826 -760 5569 END
START -3296 -2508 14504 -1254 -1008 5536 END
START -3700 -1972 15136 -648 -1373 5161 END
START -4300 -2052 16136 -734 -1310 4503 END
START -3860 -2616 16536 -1931 -1322 3802 END
START -3616 -3240 17280 -3649 -1449 3429 END
START -3456 -4108 17064 -5116 -1431 3537 END
START -3148 -4200 16848 -5475 -783 4470 END
START -3668 -3380 16256 -5186 65 5648 END
START -3960 -2288 15192 -4625 404 6267 END
START -4408 -1336 14548 -4001 92 6361 END
START -4992 -764 14484 -3635 -346 6051 END
START -5244 -408 14768 -3389 -19 5415 END
START -4932 -700 14796 -3464 511 4726 END
START -4124 -1108 13880 -3591 902 4670 END
START -3492 -1008 13084 -2840 525 5216 END
START -3168 -604 12952 -1773 114 5900 END
START -2668 -160 13520 -345 294 6503 END
START -2696 216 14068 905 725 7003 END
START -2528 428 14388 1687 1135 7157 END
START -2476 424 14008 2060 1282 7457 END
START -2424 276 13492 2552 664 7968 END
START -2072 296 13100 3511 479 8660 END
START -1736 488 12280 5092 703 9429 END
START -1456 996 12296 6735 327 9855 END
START -664 1500 12288 8072 -531 10121 END
START -100 1532 13100 8913 -1711 10689 END
START 684 1164 15388 8192 -3273 11581 END
START 444 928 18472 5505 -4717 12593 END
START -1244 1408 19800 1760 -4437 13309 END
START -2716 2140 19308 -912 -3556 13055 END
START -2980 3720 17300 -1289 -2636 12417 END
START -3824 4972 14584 28 -2377 11524 END
START -4240 5744 13052 1730 -3022 10460 END
START -3664 6008 13384 2987 -5462 9262 END
START -3668 5932 13888 4653 -6965 9100 END
START -4260 6484 17200 4424 -10221 8567 END
START -5600 6312 19936 2808 -14799 6982 END
START -5092 5924 19904 4120 -16833 5598 END
START -7248 -488 19956 4520 -18795 4723 END
START -3232 5876 16484 1424 -8710 4085 END
START -4004 6076 18916 2325 -7108 3732 END
START -4448 7004 15632 6390 -4295 3560 END
START -4544 7736 14916 6950 -8242 2313 END
START -4332 8460 17828 6712 -9023 343 END
START -160 1612 19888 2055 -9924 -828 END
START -4184 5528 21632 978 -10428 -3319 END
START -2852 4008 23592 -1089 -9620 -4714 END
START -2808 3028 23248 -2603 -8473 -5563 END
START -3496 3720 22348 -1696 -6014 -6504 END
START -2508 3044 20200 -1204 -6245 -7849 END
START -1976 2452 19644 202 -7348 -8636 END
START -1292 1344 21232 2368 -7026 -8545 END
START -828 708 23232 3515 -6174 -8072 END
START -1076 596 24384 3580 -5490 -7684 END
START -1920 1372 25456 2819 -4665 -8032 END
START -2580 1724 25832 1243 -4527 -8920 END
START -2180 1264 25724 -33 -3927 -10042 END
START -1464 496 24488 -1205 -2917 -10303 END
START -1360 140 23056 -565 -2088 -9880 END
START -1100 408 21108 508 -1473 -9426 END
START -1464 1036 20608 1780 -1034 -9126 END
START -2132 1808 20372 3061 -367 -9331 END
START -2344 1656 20908 3070 -1281 -10017 END
START -2392 1588 21032 2802 -4007 -10647 END
START -1280 640 22308 1310 -3455 -10902 END
START -688 -920 22840 557 -1367 -10598 END
START -980 -4 22012 -653 -195 -10043 END
START -1176 -204 20196 -287 -131 -9741 END
START -1368 -80 19100 826 327 -9365 END
START -1544 -112 18848 1758 874 -9285 END
START -2088 324 20708 1644 2326 -9613 END
START -724 -2828 17824 169 1619 -8799 END
START -1172 -2884 20232 2268 745 -8445 END
START -164 -3672 18704 1071 1175 -7696 END
START -88 -4624 18980 -460 451 -6937 END
START 88 -4848 19020 -1664 817 -5944 END
START -40 -5120 17728 -2173 849 -5191 END
START 476 -5184 17704 -1995 891 -4554 END
START 292 -5396 17532 -1593 1518 -3627 END
START 44 -5484 17640 -1239 1787 -2830 END
START 632 -5720 17856 -1614 2081 -1979 END
START -100 -6024 16276 -1776 2477 -738 END
START -120 -4936 15436 -623 1537 382 END
START -16 -3680 15852 627 1167 1312 END
START -540 -2812 16448 1857 1558 1895 END
START -916 -1716 16628 3476 2764 2138 END
START -1536 -992 16536 4171 3363 1857 END
START -2000 -400 17444 3686 2301 1234 END
START -1160 -284 18544 1962 2182 603 END
START -816 -404 18532 -81 2388 239 END
START -1008 -228 18172 -1708 2589 191 END
START -1344 -16 17208 -2890 2461 20 END