START -1996 -200 16796 -230 -1818 -351 END
START -2048 40 6448 -470 -1421 -244 END
START -2356 -1656 12016 -221 -1851 -386 END
START -1796 32 17476 -613 -1793 -468 END
START -1216 -892 17136 -751 -2483 -351 END
START -1704 -1104 17380 -824 -1501 271 END
START -2484 -884 17472 -952 -634 659 END
START -2144 -844 17268 -1056 469 761 END
START -2228 -644 16780 -1116 1025 861 END
START -3408 -316 15872 -650 803 563 END
START -3288 -116 15676 -43 -375 91 END
START -3552 -44 15664 621 -1480 -401 END
START -3552 -88 16024 1301 -2110 -945 END
START -3160 -124 16220 1789 -2194 -1399 END
START -2824 -352 17208 1800 -2168 -1624 END
START -2568 -576 17848 1283 -2021 -1497 END
START -2444 -768 18068 677 -1767 -1126 END
START -2920 -572 17812 199 -969 -720 END
START -2744 -384 17500 -34 -677 -687 END
START -2672 -364 16788 -94 -453 -629 END
START -3396 -192 16340 202 -579 -678 END
START -3504 96 16412 748 -1143 -1120 END
START -3296 228 16420 1219 -1523 -1551 END
START -3096 40 16948 1408 -1820 -1780 END
START -3548 16 18036 1202 -2381 -1973 END
START -3084 368 18004 1196 -2311 -2171 END
START -2832 844 18576 974 -1889 -2341 END
START -2372 1000 18584 578 -1486 -2329 END
START -2500 1688 18280 463 -1289 -2344 END
START -2368 2316 17908 662 -1084 -2483 END
START -2184 2788 17664 669 -1342 -2812 END
START -2048 3044 17124 599 -1877 -3256 END
START -2152 3128 16988 791 -2266 -3666 END
START -2396 3132 17388 953 -2625 -4167 END
START -2552 3252 17608 1046 -3079 -4844 END
START -2284 3384 17972 1333 -3128 -5451 END
START -2136 3368 18116 1994 -2582 -5914 END
START -1760 3400 17836 3032 -2064 -6414 END
START -2152 3464 17988 3946 -1920 -6831 END
START -1820 3664 18408 4367 -2108 -7303 END
START -2240 3692 19120 4542 -2385 -7883 END
START -1964 3436 20032 4337 -2466 -8468 END
START -2388 3056 20628 3743 -2117 -8930 END
START -2488 2760 20992 3033 -1974 -9385 END
START -2488 3336 20480 2913 -998 -10260 END
START -10620 -8152 32767 6574 3735 -13424 END
START -1260 1880 18996 3486 -1597 -11521 END
START -3104 1748 21816 4272 -2796 -12090 END
START -2248 -76 22016 3925 -987 -11852 END
START -1752 -784 20652 2906 461 -11855 END
START -1560 -2052 20636 2575 901 -11568 END
START -1700 -2900 20668 2224 530 -11357 END
START -3444 -5920 17484 7775 -8296 -12599 END
START -3844 -9464 20560 2170 -170 -11257 END
START -1892 -6136 20404 2043 -1116 -9940 END
START -1100 -7068 20552 266 1060 -8805 END
START -1828 -7020 20820 829 1441 -7473 END
START -2136 -6744 22088 1180 1164 -7138 END
START -1812 -6964 22836 155 1764 -6934 END
START -2788 -7332 21692 889 -2565 -7142 END
START -1024 -8304 23928 -2896 3932 -6538 END
START -1384 -8668 21640 -3342 3802 -5442 END
START -1348 -8728 21612 -2886 3477 -4765 END
START -1744 -8500 20092 -1898 4313 -3637 END
START -1880 -8468 19864 -1804 5484 -2713 END
START -1788 -8136 20100 -1838 5410 -1974 END
START -1184 -8272 19796 -2583 5222 -1228 END
START -1264 -8256 19196 -3300 4997 -234 END
START -1112 -7788 18268 -3688 5632 722 END
START -1484 -7616 17924 -3203 3374 1233 END
START -1708 -8700 17828 -2409 3092 2002 END
START -1024 -7392 16032 -1356 4764 3064 END
START -1596 -7228 16960 -1455 4798 3904 END
START -1900 -6356 17088 -1797 4378 4351 END
START -1620 -5568 16924 -2870 4072 4472 END
START -2092 -5464 16292 -3768 3730 4533 END
START -1604 -4952 16344 -4528 3893 4557 END
START -1604 -4872 15756 -5302 3703 4483 END
START -1024 -4664 14656 -6009 3390 4795 END
START -1164 -4532 13736 -5657 2824 5371 END
START -1388 -4328 13508 -4732 2656 5724 END
START -1640 -4160 14604 -4510 2881 6115 END
START -1264 -4952 13820 -5152 2922 6276 END
START -856 -4432 14176 -5393 4429 7204 END
START -4064 -10620 10788 -4981 6932 5562 END
START -1836 -4472 12940 -7102 1395 5402 END
START -1612 -3684 15120 -7467 1534 5857 END
START -1576 -3472 14504 -7756 1015 6221 END
START -1856 -2812 13976 -7492 1081 6406 END
START -1752 -2472 13652 -7356 331 6351 END
START -1988 -2276 13492 -6514 283 6450 END
START -2488 -2328 13980 -5891 572 6467 END
START -2204 -1972 14116 -6116 762 6126 END
START -2164 -1868 13784 -6741 852 5901 END
START -2048 -1964 12832 -6950 831 5779 END
START -1716 -2232 11968 -6332 922 5647 END
START -2052 -2508 11160 -5536 923 5493 END
START -1424 -3184 9844 -3804 550 5346 END
START -1296 -3812 9628 -1845 -271 5567 END
START -1116 -4072 10348 -170 -1034 6198 END
START -1524 -3780 11384 1528 -855 7129 END
START -1684 -3132 12476 2184 -422 7643 END
START -1892 -2716 12828 2121 -576 7692 END
START -1956 -2272 13796 1484 -875 7282 END
START -2128 -2516 14088 1160 -548 6777 END
START -1700 -2724 14028 1591 221 6400 END
START -1592 -2760 13716 2744 375 6404 END
START -1512 -3096 14400 3129 -6 6832 END
START -1760 -3704 14284 3115 -380 7354 END
START -1508 -3808 14836 2592 -351 7928 END
START -1768 -3944 14932 1561 -501 8592 END
START -1620 -3664 14860 939 -825 9315 END
START -2120 -2572 16056 530 -864 10027 END
START -2584 -1248 16644 112 43 10540 END
START -2140 196 15512 281 1389 10862 END
START -2908 1500 13992 590 1130 10977 END
START -3584 2760 12512 1231 37 10345 END
START -3776 3272 12764 1916 -1033 9375 END
START -3636 3396 13776 2088 -1204 8321 END
START -3236 2792 13604 2338 -221 7477 END
START -2492 2376 13480 2283 239 7004 END
START -1664 2236 13552 1832 -247 7329 END
START -1804 2860 13684 1404 -638 7991 END
START -2104 4000 14256 960 -1486 8647 END
START -2256 4964 12768 1164 -1771 9122 END
START -2988 6332 11400 3381 -2370 8780 END
START -3844 7276 12236 4763 -4223 7197 END
START -3488 7720 14056 4007 -5563 5226 END
START -3488 7152 15792 1717 -5793 3564 END
START -2848 6312 16084 -883 -7208 2121 END
START -2812 5564 15496 -1529 -8542 1261 END
START -1468 3880 14680 -752 -9307 1023 END
START -500 2552 12296 1559 -9957 2256 END
START -1820 3484 24040 -1215 -13756 4033 END
START -368 3580 9716 4580 -10675 5173 END
START -1716 5400 16156 6307 -12805 5025 END
START -2524 7024 19228 6953 -10817 4522 END
START -3268 7292 19252 5613 -10428 3376 END
START -5232 7680 26832 4183 -9001 2090 END
START -3608 9856 23628 3707 -9072 -310 END
START -4036 11072 23344 2164 -8913 -2984 END
START -3560 10648 23468 1226 -9317 -5426 END
START -2212 9420 22908 330 -9521 -6499 END
START -2880 9072 23228 -344 -10371 -6836 END
START -2696 8032 23300 2316 -10292 -7634 END
START -3456 7708 25044 3480 -9697 -8513 END
START -3576 7716 26628 3124 -9029 -9879 END
START -3260 7288 27028 1878 -7755 -11587 END
START -2544 5704 25652 1612 -6417 -12815 END
START -1996 4480 25136 2406 -4309 -13173 END
START -1428 3368 24580 3101 -2570 -12916 END
START -1328 6264 28828 2029 -736 -12567 END
START 476 3884 23096 3635 -1908 -12019 END
START -2952 2052 25484 5098 -3470 -12010 END
START -2832 2508 26396 4811 -2441 -12357 END
START -2700 2000 25968 2751 -2740 -12979 END
START -1764 924 25108 890 -2827 -13312 END
START -1144 -552 24624 623 -1765 -13171 END
START -620 -1852 24000 783 -877 -12497 END
START -344 -2580 23640 1287 575 -11705 END
START -464 -3220 23316 1620 1994 -10803 END
START -240 -3980 22472 1468 3026 -9916 END
START 96 -4940 21356 1102 3216 -8656 END
START 552 -5520 20164 911 3233 -7262 END
START 280 -6096 18740 998 3243 -5940 END
START 396 -5948 18492 1223 2385 -4850 END
START 292 -5368 18588 1328 2507 -4181 END
START 188 -5600 18356 1089 2714 -4014 END
START 480 -6208 18208 224 2622 -3582 END
START 1452 -6660 17412 -331 2696 -2555 END
START 1360 -6584 16616 -548 2541 -1019 END
START 1484 -6220 16272 -618 2396 482 END
START 1488 -5464 16144 -639 2212 2010 END
START 1080 -4332 16216 -890 1602 3477 END
START 96 -2728 17120 -859 1323 4292 END
START -1652 -1572 15704 605 2146 4218 END
START -1896 -384 16088 3215 2352 3227 END
START -1376 408 16704 2775 2678 2553 END
START -1732 568 16660 1457 1120 1662 END
START -1504 712 17124 -116 525 791 END
START -1084 408 17752 -1477 598 233 END
START -456 208 17364 -2412 1433 33 END
START -728 96 16696 -2864 1643 205 END
START -824 160 16744 -3244 1352 372 END
START -812 -24 17032 -3954 1148 445 END
START -568 -128 17672 -5006 952 501 END
START -308 -392 17940 -6681 514 679 END
START -228 -700 17560 -7993 340 1089 END