START -4684 484 16092 -2252 2013 609 END
START -6972 388 4280 -1809 2627 300 END
START -4256 -1132 10540 130 2302 -356 END
START -4016 -36 15424 1500 2838 -901 END
START -3668 -1036 15152 2602 1550 -1007 END
START -3676 -1260 15408 3496 198 -825 END
START -3624 -1120 15840 4069 -963 -663 END
START -3588 -996 16096 4695 -1143 -635 END
START -3704 -1056 16220 5625 -913 -755 END
START -3000 -1020 16156 6555 -300 -776 END
START -3032 -608 17408 6968 198 -611 END
START -3456 -260 17908 6443 1324 -701 END
START -3212 192 18216 4620 1792 -1114 END
START -3160 48 18100 1872 812 -1566 END
START -2524 -372 17660 -590 -626 -1909 END
START -1880 -1328 16804 -2045 -1419 -1608 END
START -2552 -2036 16020 -1790 -1355 -856 END
START -3084 -2532 14992 301 -379 -355 END
START -2880 -2528 14792 2315 -18 32 END
START -2288 -2816 14164 3799 158 669 END
START -2484 -2456 14496 4610 -489 1512 END
START -2848 -1660 15532 4729 -1455 1814 END
START -3536 -952 16292 4134 -1782 1166 END
START -3664 -536 16528 2907 -2148 211 END
START -3316 -652 15992 1720 -2658 -368 END
START -3004 -576 15928 1147 -3347 -591 END
START -2828 -92 15868 1299 -3666 -370 END
START -2868 1232 15888 2618 -3039 -21 END
START -2744 2856 15916 4356 -2423 43 END
START -2576 4768 16568 5413 -1355 89 END
START -3040 6820 17288 6122 -1662 -331 END
START -4388 7772 19508 6694 -1400 -935 END
START -4596 9708 18284 7749 -2569 -2887 END
START -5724 9860 19904 8188 -4752 -4493 END
START -3260 10608 17900 9313 -4415 -6161 END
START -4468 9364 22692 7195 -5281 -8391 END
START -3312 7980 22960 5532 -4877 -9806 END
START -3152 6428 24152 3866 -4772 -10516 END
START -3064 5116 25180 1979 -3947 -10920 END
START -3092 3616 25296 -9 -2881 -11076 END
START -3364 2464 24916 -1629 -1391 -11334 END
START -4956 1376 25808 -3007 -2180 -11457 END
START -2868 60 22496 -2990 -721 -12072 END
START -2716 -1368 21348 -2828 -679 -11984 END
START -2912 -3076 21156 -1398 259 -11433 END
START -5768 -7028 19468 2283 -4088 -13085 END
START -1876 -11760 20228 -2432 3752 -11926 END
START -3692 -13880 18836 -2007 5099 -11395 END
START -460 -5072 22600 -3157 1314 -10850 END
START -1024 -6892 23104 -4079 -734 -10017 END
START -676 -7608 23216 -4543 433 -9044 END
START -748 -8728 22500 -4879 2356 -8051 END
START -1452 -8540 22272 -5273 4596 -6912 END
START -1524 -9140 21272 -5342 3639 -6087 END
START -1380 -9648 19952 -5781 4012 -5317 END
START -1564 -9772 19232 -6153 4178 -4677 END
START -1584 -9764 18668 -6997 3527 -4193 END
START -1028 -9828 18136 -7747 2783 -3672 END
START -996 -10368 17968 -8013 2960 -2860 END
START -304 -11160 17520 -7394 4248 -1497 END
START 200 -9996 17372 -6293 5607 44 END
START -4108 10340 30468 -7239 9712 69 END
START 144 -10680 18612 -4917 6539 2406 END
START -408 -10292 16232 -7065 3907 2415 END
START -752 -10008 15976 -8567 4493 2696 END
START -308 -9688 14868 -9936 4461 3196 END
START -752 -9432 13444 -10306 3930 4138 END
START -156 -9204 11904 -10170 3509 5226 END
START -124 -8740 10092 -9754 1947 6363 END
START -416 -7572 9316 -8813 873 6737 END
START -644 -6604 10004 -8547 -439 6558 END
START -836 -6356 9972 -8699 -674 5915 END
START -676 -6912 9316 -8415 -863 5445 END
START -412 -7400 8996 -7278 -1068 5643 END
START -180 -7788 8744 -5742 -661 6381 END
START 180 -7780 8604 -3847 31 7700 END
START -44 -7012 8532 -2470 302 8589 END
START -600 -5952 9076 -1691 -166 8792 END
START -1300 -5276 10040 -1532 -696 8207 END
START -1284 -4656 11152 -1739 -714 7348 END
START -1352 -4644 11700 -1745 93 6579 END
START -1092 -5028 11524 -1394 1272 5913 END
START 380 -5760 10424 -500 1760 6336 END
START 748 -6268 9704 914 1052 7679 END
START 548 -5820 10236 2222 -31 8938 END
START -496 -4688 12108 3062 -487 9797 END
START -1580 -3904 13304 3126 -150 9997 END
START -1996 -3088 13808 2605 158 9721 END
START -2276 -2532 14548 1913 -23 9000 END
START -2548 -2188 15268 1327 245 8208 END
START -2444 -2040 15844 1413 1536 7463 END
START -2004 -1884 15408 1584 2664 6960 END
START -1488 -2252 13368 2380 2759 7098 END
START -1584 -2160 12876 3465 1474 7994 END
START -2048 -1948 13768 3831 113 8760 END
START -2648 -1192 15164 3711 -9 9181 END
START -3616 212 16356 3167 333 9052 END
START -4208 1216 16576 2144 810 8157 END
START -4060 1652 15744 1332 1128 6999 END
START -3452 1760 15020 1461 760 6460 END
START -3044 2004 14900 2456 450 6244 END
START -2952 1996 15400 3362 592 6274 END
START -3116 2520 14956 3897 700 6611 END
START -3912 2340 15372 3991 -523 6372 END
START -4236 2064 16260 3664 -1255 5826 END
START -4496 1612 17052 3565 -761 5166 END
START -3768 768 17752 2915 -502 4821 END
START -3292 1100 18088 2114 -355 5124 END
START -3632 1844 17732 1927 239 5664 END
START -3396 2872 16772 2244 134 6033 END
START -3632 4136 16564 2500 -521 6107 END
START -3892 5512 16020 2848 -1134 5458 END
START -4792 5696 16148 3217 -1677 4198 END
START -5616 4956 16096 3287 -1827 2979 END
START -4988 3768 16160 3456 -1835 2173 END
START -4236 2664 16196 2888 -1547 2192 END
START -3920 2436 15988 2185 -2494 2674 END
START -3628 2708 16068 1786 -3482 2929 END
START -3884 3076 16156 1932 -3999 3146 END
START -3576 3984 14844 3133 -4076 3132 END
START -4300 4348 15236 3839 -5471 2586 END
START -4560 5252 16520 5032 -7363 1877 END
START -4844 6036 13096 4638 -7569 976 END
START -4556 2972 19976 4485 -7381 517 END
START -4280 4376 18988 656 -9271 499 END
START -3576 2392 19416 1152 -4358 495 END
START -3588 4060 15604 1143 -3313 930 END
START -3784 4676 13036 3673 -3026 1167 END
START -4128 6280 13036 5362 -5892 448 END
START -3876 6592 15056 5661 -8558 -645 END
START -4620 6200 17560 4438 -12273 -1960 END
START -3352 5708 18800 5349 -6283 -2385 END
START -5540 6884 21788 3538 -8309 -4121 END
START -3964 4624 19924 6470 -4901 -3783 END
START -3256 4612 17320 5014 -7602 -4244 END
START -3296 5092 18896 5016 -7705 -4213 END
START -3608 5360 19500 5660 -7794 -4626 END
START -3440 5584 21088 5743 -8678 -5378 END
START -3416 5020 23044 4926 -8593 -6076 END
START -3316 4140 23336 4835 -6800 -6482 END
START -3356 4124 23188 5661 -3778 -6490 END
START -3660 4180 23304 5471 -2636 -6707 END
START -4168 4428 23424 4243 -3462 -7265 END
START -4396 4392 23160 2979 -4494 -8324 END
START -4240 3036 22428 2994 -4265 -9239 END
START -4288 1408 22988 3276 -5390 -9503 END
START -2112 1556 23760 2235 -3829 -9174 END
START -3312 840 24800 2882 -2797 -9144 END
START -3468 820 24372 2638 -1353 -9313 END
START -3276 1036 23080 2035 -1106 -9413 END
START -3708 1360 22332 1544 -1701 -9977 END
START -3264 -784 20736 661 -2408 -10274 END
START -1792 -292 20904 29 -1081 -10228 END
START -1156 -1116 20920 -160 -1425 -9459 END
START -1184 -1256 20872 -447 -750 -8610 END
START -1208 -1796 20228 -771 -94 -7963 END
START -680 -2804 19572 -1314 -100 -7298 END
START -1036 -3564 18736 -555 151 -6441 END
START -632 -3652 18432 1039 1068 -5665 END
START -504 -3448 18420 2054 1534 -4769 END
START -976 -2972 18164 2505 1758 -3978 END
START -776 -2576 18340 2473 1475 -3522 END
START -560 -2736 18496 1575 1349 -3036 END
START -816 -2700 17832 711 906 -2501 END
START -720 -2276 17712 390 591 -2015 END
START -664 -2204 18124 -217 467 -1753 END
START -696 -2556 18720 -1176 661 -1599 END
START -324 -3340 18332 -2334 874 -1424 END
START 132 -3992 17628 -3260 866 -709 END
START 512 -4132 16988 -3856 389 331 END
START 716 -3924 17288 -4254 -303 1582 END
START 308 -3152 16592 -3662 19 2934 END
START -1100 -1916 16608 -1335 1343 3636 END
START -1288 -600 17104 452 2752 3725 END
START -2104 -124 16784 214 2887 3408 END
START -2696 528 16868 -138 1577 2879 END
START -2296 1008 17080 -1275 629 2331 END
START -2544 1092 17644 -2442 -228 1569 END
START -2140 1044 18372 -3787 -214 900 END
START -1856 548 18336 -5265 37 508 END
START -1660 440 18288 -6774 -23 383 END
START -1196 400 17676 -7989 10 403 END