START -1772 -308 15332 994 -1042 -929 END
START -3492 -72 4768 786 -333 -928 END
START -3228 -576 10996 1926 -406 -1033 END
START -3556 264 15872 2530 -1054 -1244 END
START -3300 -184 15548 2388 -2440 -1780 END
START -3324 -336 16604 1832 -1975 -1997 END
START -2924 -304 17064 909 -1967 -2287 END
START -3312 -908 17852 -156 -2037 -2950 END
START -2696 -1556 18064 -1361 -1762 -3079 END
START -2916 -2260 17676 -2273 -1370 -2470 END
START -2840 -2592 17112 -2461 -1665 -1813 END
START -2816 -2816 16960 -2566 -2378 -1138 END
START -2924 -2600 16860 -1973 -2680 -525 END
START -3356 -2416 17164 -746 -2797 -19 END
START -3592 -2260 17736 727 -2204 141 END
START -3744 -2088 18300 1714 -1325 51 END
START -3720 -2036 19184 1466 -1763 -77 END
START -3980 -1968 19708 448 -1430 -168 END
START -4140 -2020 19460 -822 -1568 -194 END
START -4376 -1812 19028 -1583 -999 -329 END
START -3932 -1800 18824 -1830 -480 -456 END
START -3312 -2236 18308 -1716 533 -259 END
START -3568 -2276 18000 -1429 1069 341 END
START -3804 -1664 17476 -1191 683 669 END
START -3736 -1352 17236 -814 198 698 END
START -3692 -1376 16840 -497 146 619 END
START -3684 -1584 16760 -320 71 678 END
START -3676 -1456 17052 -169 -150 650 END
START -3620 -1368 17452 -434 -246 526 END
START -3080 -1348 17540 -896 -233 500 END
START -3120 -1196 16992 -1348 -436 546 END
START -2824 -1252 16500 -1351 -455 606 END
START -3060 -1056 16600 -947 -90 839 END
START -3268 -512 16500 -485 -71 852 END
START -3268 24 16476 -149 -563 466 END
START -2804 224 16176 -342 -1087 102 END
START -3080 52 16120 -510 -1773 -304 END
START -2612 228 16868 -813 -2288 -506 END
START -2384 128 17084 -1047 -2404 -634 END
START -1992 -144 17048 -1050 -1983 -621 END
START -1512 -164 16924 -898 -1565 -253 END
START -1768 720 17388 -840 -1365 104 END
START -1992 1756 16480 -378 -1003 246 END
START -2292 3452 16452 632 -305 29 END
START -2464 4288 16948 1661 -478 -450 END
START -2760 5244 17628 2082 -859 -1363 END
START -2688 5060 18128 1421 -1442 -2027 END
START -2752 5728 17452 463 -2042 -3391 END
START -2292 5404 17408 -561 -2228 -4634 END
START -1612 4856 17056 -553 -1302 -5410 END
START -940 4376 17096 62 251 -5451 END
START -1552 2764 13564 1029 -1893 -5560 END
START -1236 4408 17520 2401 -320 -5791 END
START -1696 4704 18000 3017 -716 -6427 END
START -1756 4528 18548 3012 -1185 -7081 END
START -1700 4472 19020 2499 -1765 -7814 END
START -2096 4092 19116 2319 -2711 -8597 END
START -1940 3292 19204 2176 -2969 -9147 END
START -1404 2720 21468 2114 -589 -9826 END
START -1556 2024 20256 1369 607 -9960 END
START -6028 -8988 24832 5386 2367 -12600 END
START -712 -192 15520 1355 -1552 -11367 END
START -1504 -332 19348 55 -2243 -11777 END
START -1072 -1964 18424 810 -810 -12259 END
START -480 -4368 17760 1766 -319 -12140 END
START -340 -19160 11364 -503 13537 -10666 END
START 1068 -8444 21912 -285 2866 -9898 END
START -2240 -6720 20208 327 -368 -9329 END
START 128 -5188 16464 -382 936 -8565 END
START -164 -10532 17728 -52 -2693 -7494 END
START -76 -10000 16736 1053 -1386 -6012 END
START -948 -9568 18100 2281 -1019 -4278 END
START -1616 -8764 19444 2522 -1290 -3598 END
START -2248 -8188 20904 1746 -1499 -3531 END
START -2468 -8080 22008 503 -1402 -3722 END
START -2608 -8068 23524 -976 -562 -3940 END
START -2564 -7728 23532 -2458 784 -4028 END
START -2996 -7560 23424 -3363 863 -4057 END
START -3308 -7412 23132 -4139 1648 -3947 END
START -3964 -6976 23288 -5004 2589 -3750 END
START -4300 -6560 23316 -6301 3073 -3985 END
START -4528 -6852 22300 -7291 3643 -4087 END
START -4676 -6652 21064 -7676 3680 -4291 END
START -4256 -6996 21268 -7587 4441 -4279 END
START -3708 -7448 21092 -7484 5326 -4067 END
START -3752 -7644 20248 -7617 6491 -3614 END
START -3292 -7772 20164 -8120 6300 -3225 END
START -3280 -8288 19612 -8855 6705 -2741 END
START -2880 -8552 18564 -9368 6698 -2067 END
START -2672 -8652 17992 -9591 6264 -1446 END
START -2604 -8936 16584 -9373 5849 -876 END
START -2648 -9280 15824 -9152 5491 -423 END
START -2120 -9420 15436 -8904 5274 89 END
START -1752 -9856 15372 -8665 5428 603 END
START -1368 -10540 14884 -8104 6615 1407 END
START -1512 -11140 12796 -7611 4060 1937 END
START -588 -10680 13892 -7691 4529 3372 END
START -656 -10584 12880 -7278 4441 4329 END
START -308 -10352 12560 -6898 3749 5372 END
START -836 -9756 11760 -6765 2715 6220 END
START -696 -9032 10912 -6178 1451 6955 END
START -1108 -8464 10920 -5039 855 7677 END
START -2280 -7220 12552 -4235 926 7877 END
START -1264 -7012 9688 -3498 1174 7394 END
START -1452 -6820 12108 -4590 680 7313 END
START -1096 -7000 12304 -5359 496 7338 END
START -1504 -6376 11008 -5412 -1470 7054 END
START -1028 -6380 10372 -4829 -2316 7000 END
START -988 -6180 10964 -4064 -2563 7271 END
START -1064 -6388 11316 -3900 -2405 7485 END
START -1124 -6300 11580 -3682 -2551 7711 END
START -1340 -5892 11848 -3182 -2321 8007 END
START -1392 -5076 11236 -2564 -1636 8108 END
START -1408 -4240 10908 -1554 -1683 7875 END
START -1116 -4124 10420 -812 -2274 7372 END
START -1152 -4416 10312 -334 -2688 6894 END
START -728 -4892 10156 821 -2873 6813 END
START -640 -5344 10364 2435 -2770 7552 END
START -956 -4936 10868 3484 -3123 8513 END
START -1244 -3880 11972 3638 -3654 8901 END
START -1636 -2800 13088 3390 -3388 8612 END
START -2000 -2312 13532 3328 -3059 8033 END
START -1704 -2184 13616 3366 -2729 7233 END
START -1536 -2420 13712 4105 -2375 6587 END
START -1008 -3064 13552 5258 -1676 6651 END
START -980 -3164 13720 6383 -1215 7116 END
START -1776 -3200 14268 6274 -1021 7368 END
START -2216 -3380 13352 6084 -760 7677 END
START -2080 -3548 12632 5990 -1306 8124 END
START -2324 -3544 12648 5977 -2058 8724 END
START -2196 -3384 13156 6238 -2319 9481 END
START -2276 -2488 12904 6665 -2533 10284 END
START -2624 -668 13816 7832 -3422 10643 END
START -2828 1448 15720 8188 -3727 10097 END
START -2788 2776 16740 7069 -2850 9095 END
START -3244 2948 17136 5666 -2781 7614 END
START -3604 1956 16472 4069 -2788 6022 END
START -3672 480 16052 2759 -2609 5052 END
START -1944 -996 14640 2164 -2353 5030 END
START -1040 -1020 13252 3282 -2472 6586 END
START -1448 -108 13892 5160 -3877 8465 END
START -1884 1692 14640 6513 -3929 9080 END
START -2092 3644 15668 6829 -4005 8944 END
START -2408 5268 16680 6032 -5168 7883 END
START -2836 5816 18140 4226 -5175 6002 END
START -3184 4924 18276 1416 -5029 4273 END
START -3192 3740 16688 -913 -4562 2975 END
START -2792 2940 15248 -1932 -5081 2242 END
START -2132 2540 13704 -1502 -7004 2265 END
START -1852 2680 13576 937 -8637 2785 END
START -1528 2928 12948 3459 -9669 3370 END
START -1096 4516 15296 6482 -10836 3771 END
START -2364 5760 17988 6490 -9619 3559 END
START -1348 8372 23472 4355 -12721 2254 END
START -2756 6904 21692 3163 -9699 909 END
START -3936 9508 22608 709 -8745 -1002 END
START -3020 6656 20084 -806 -6732 -2539 END
START -2220 6172 17980 -390 -5883 -3490 END
START -1968 6048 16844 1375 -6255 -3626 END
START -128 1500 23284 4710 -7663 -3632 END
START -1796 6160 18088 4730 -6853 -4534 END
START -2060 6204 22988 2671 -8513 -5971 END
START -2276 5612 23772 855 -8164 -7189 END
START -1480 5020 22788 499 -7567 -7942 END
START -1280 4784 23472 1457 -6707 -8214 END
START -1684 4900 23940 2505 -3993 -8701 END
START -1468 4856 22260 3443 -2471 -9090 END
START -1708 4596 21532 4559 -3191 -9666 END
START -1240 4448 22184 5196 -3997 -10049 END
START -1280 4060 22472 4856 -4151 -10584 END
START -864 2864 22632 3589 -4182 -11205 END
START -556 2328 22288 2035 -4644 -11303 END
START -452 2184 22228 984 -4644 -11544 END
START -560 1932 22068 1633 -5153 -11963 END
START -580 1952 23452 2030 -4374 -12490 END
START -744 916 23852 1823 -2722 -12861 END
START -296 -220 23164 1666 -2082 -12837 END
START 348 -1432 23020 876 -2937 -12127 END
START 668 -3220 23200 -431 -3493 -11432 END
START 796 -5004 24112 -2074 -3786 -10448 END
START 1264 -6740 23972 -3365 -2818 -9285 END
START 1628 -8236 22840 -2452 -1096 -7432 END
START 1844 -8948 21832 -815 280 -5031 END
START 2120 -7484 21588 1158 1396 -2587 END
START -604 -5816 21264 3879 2945 -1313 END
START -588 -3940 21252 4909 4038 -1098 END
START -1104 -2960 20504 4173 3673 -1202 END
START -760 -2136 19972 3064 2964 -1648 END
START -424 -1764 19384 2004 2444 -1831 END
START 20 -2124 19376 941 2183 -1821 END
START 316 -2680 19680 -540 2509 -1692 END
START 772 -3744 18932 -2491 3239 -1424 END
START 1668 -4608 16900 -4286 3586 -452 END
START 1928 -4948 15520 -5657 2555 1335 END
START 2616 -4376 15156 -7029 874 3094 END
START 3396 -2920 15056 -6318 -298 4744 END