START -3116 -2568 17604 722 -1134 797 END
START -1852 -244 12212 761 -434 990 END
START -3420 -2876 16788 -80 -1571 1125 END
START -4412 -1668 16856 1316 225 963 END
START -3812 -1072 17088 1475 93 540 END
START -3704 -1132 17344 1180 252 212 END
START -4280 -1176 16716 886 213 -32 END
START -4268 -1044 16852 651 -110 -484 END
START -3832 -1272 16596 160 -266 -971 END
START -3060 -1712 16588 -254 -687 -968 END
START -3188 -1992 16640 -590 -673 -544 END
START -3096 -1952 16376 -901 -714 -62 END
START -3076 -1716 16156 -978 -901 429 END
START -3124 -1384 15984 -940 -966 648 END
START -3384 -812 16080 -857 -1071 647 END
START -3648 -448 16248 -821 -1184 344 END
START -3708 -280 16332 -774 -1331 -143 END
START -3456 -52 16240 -833 -1047 -456 END
START -3520 32 16208 -858 -921 -644 END
START -3376 16 16332 -556 -1238 -818 END
START -3244 48 16288 110 -1592 -809 END
START -3172 212 16728 876 -1356 -790 END
START -3264 148 16860 1566 -884 -819 END
START -3484 436 17576 2252 -867 -856 END
START -3248 852 18736 1580 -620 -980 END
START -3828 1428 19376 332 -1537 -1482 END
START -2956 4120 9900 295 -1895 -2118 END
START -1848 6960 13348 213 -3059 -2709 END
START -3904 2532 14408 -1426 -3466 -4371 END
START -956 5016 10676 1438 -2759 -4496 END
START -1988 1736 16464 -1581 -535 -5052 END
START -2412 1304 16388 1067 -342 -4929 END
START -2200 1692 16552 2321 -2095 -5068 END
START -2088 1844 17404 2035 -3732 -5679 END
START 112 -4464 20268 -2785 -2496 -5554 END
START -856 -1512 19960 -27 -2497 -5863 END
START -344 1044 14980 16 -2377 -6147 END
START -1252 404 18224 330 -2382 -6412 END
START -1816 1244 17720 1022 -1274 -6458 END
START -2096 1164 18104 2363 -1371 -6951 END
START -2272 940 18492 2844 -1606 -7403 END
START -2376 320 19152 3284 -2155 -7639 END
START -2372 -204 20208 3496 -1959 -7659 END
START -2232 -992 21336 3375 -930 -7512 END
START -2556 -1544 21944 2948 468 -7076 END
START -2724 -1896 22672 2677 1167 -6862 END
START -3460 -2200 23152 2147 1691 -6691 END
START -3908 -2408 23432 914 2985 -6849 END
START -5576 -2964 23868 2596 -2415 -7425 END
START -4440 -3104 22980 958 3960 -7247 END
START -4380 -3836 23384 1188 2203 -7530 END
START -4216 -4456 23716 1094 3104 -7549 END
START 4628 11936 14756 -5787 22618 -7881 END
START -5224 -8484 13232 907 4845 -6328 END
START -2740 -6228 26348 -2203 4978 -6300 END
START -3420 -7380 23356 -3361 5280 -5655 END
START -2700 -6956 22196 -4686 5929 -4818 END
START -3088 -7492 21136 -4368 5762 -4093 END
START -2972 -7416 18956 -3605 6712 -3107 END
START -3156 -7224 17304 -2669 6428 -2378 END
START -3184 -6932 16648 -1986 6147 -1813 END
START -3440 -6620 16672 -1645 4857 -1717 END
START -3076 -6452 16812 -2153 4517 -1809 END
START -2772 -6536 17320 -3309 3910 -1923 END
START -2792 -6560 16760 -4513 3628 -1893 END
START -2544 -6776 16268 -5723 2324 -1887 END
START -1992 -7128 15596 -5738 3511 -1400 END
START -1872 -7116 15304 -5554 2890 -1026 END
START -1520 -8788 14692 -5245 1823 -398 END
START 792 2504 23744 -3993 11149 487 END
START -1040 -9072 14636 -5097 3371 1725 END
START -1568 -8660 16684 -5171 3308 2215 END
START -1336 -8012 14860 -5566 3150 2768 END
START -1568 -7532 14160 -6393 2533 2855 END
START -1436 -7480 13456 -7126 1887 2852 END
START -1268 -7632 12652 -6981 1541 2904 END
START -1372 -7624 11484 -6030 1071 3323 END
START -1728 -7652 11528 -5234 196 3786 END
START -1448 -7144 11796 -3929 175 4082 END
START -1672 -6936 12704 -4368 -511 4294 END
START -732 -6988 12676 -4891 -571 4542 END
START -940 -7124 12380 -4778 -533 5253 END
START -1184 -6672 12652 -4085 -862 6037 END
START -1476 -5884 13092 -3315 -399 6459 END
START -1628 -5116 13312 -2888 195 6460 END
START -1848 -4812 12980 -2606 598 6207 END
START -2116 -4776 12888 -2557 668 5922 END
START -2144 -4572 12700 -2814 788 5534 END
START -2072 -4244 12504 -2939 781 4913 END
START -2048 -4276 13040 -2901 594 4521 END
START -1456 -4976 12476 -2470 506 4756 END
START -1108 -5332 11548 -1318 216 5574 END
START -1380 -5028 11936 140 -347 6363 END
START -1664 -4760 12932 922 -724 6780 END
START -1896 -4324 13776 1126 -608 7049 END
START -2432 -3772 14292 1252 -499 7208 END
START -2852 -3276 14748 1660 -373 6862 END
START -2720 -3196 15780 1215 61 6148 END
START -2208 -3468 15924 -150 571 5379 END
START -1668 -4220 14892 -998 861 4997 END
START -1208 -4980 13560 -371 891 5669 END
START -916 -5396 12468 1294 732 6895 END
START -768 -4828 12976 2606 273 8191 END
START -792 -4228 13752 2918 -115 9087 END
START -712 -3660 13904 2635 -86 9569 END
START -1356 -2584 13884 2047 -583 10074 END
START -1700 -1888 14080 1157 -1034 10011 END
START -1880 -1316 14592 213 -944 9609 END
START -1928 -1012 14676 -453 -782 9433 END
START -1504 -808 13488 -661 95 9610 END
START -1512 460 11856 596 17 10088 END
START -2256 1696 11840 2037 -1340 10084 END
START -2620 3044 12400 3636 -1839 9644 END
START -3080 4224 12772 5216 -2033 9158 END
START -3264 4856 13892 6209 -2534 8590 END
START -3432 5220 14740 6481 -2128 7922 END
START -4208 5200 15552 5092 -1739 6777 END
START -4356 4472 16004 2669 -1652 5436 END
START -3748 3892 14924 1634 -1898 4750 END
START -3040 3488 13212 1461 -2127 4832 END
START -2900 3788 12772 2193 -3511 4859 END
START -3632 4140 13624 2777 -5788 4830 END
START -4240 3804 15436 2514 -6423 4850 END
START -4576 3436 16948 1726 -7529 4578 END
START -4184 3192 17844 1639 -8323 4829 END
START -3948 7880 13704 4110 -6316 5097 END
START -4100 5504 14708 3830 -5456 5441 END
START -4292 5280 11788 5478 -4441 4755 END
START -5892 6052 19792 -671 -4625 3675 END
START -4748 3956 13112 3231 -5975 3487 END
START -4352 4372 15504 6023 -6426 3721 END
START -4544 4428 17448 6646 -7518 4231 END
START -4100 5988 19516 3868 -10398 4048 END
START -4932 6212 22048 1519 -11215 2741 END
START -3988 4832 23556 -129 -8771 1553 END
START -4332 5456 25800 -1058 -6061 536 END
START -5248 5596 22736 -2557 -6120 -678 END
START -5660 6108 20712 -1309 -6240 -2295 END
START -5836 6688 20948 1685 -7068 -3883 END
START -4876 7020 16472 3991 -7744 -4744 END
START -5580 6340 22188 3973 -8476 -6131 END
START -5244 5532 24208 4478 -8999 -7653 END
START -4116 4396 23960 4375 -7968 -8608 END
START -3864 3644 24388 3655 -7342 -8971 END
START -3296 3564 24812 2985 -6177 -9436 END
START -3228 2748 25368 1967 -5067 -9811 END
START -3268 2220 24508 1770 -2986 -9658 END
START -2368 1556 23952 3227 -5210 -9751 END
START -2028 2812 22352 3313 -3384 -9316 END
START -3428 2052 23940 3866 -2292 -9291 END
START -3052 1856 24420 3085 -1559 -9645 END
START -2956 764 23860 1517 -1166 -9734 END
START -2744 212 22984 770 -1613 -9660 END
START -2324 -376 22440 586 -1503 -9345 END
START -1832 -836 22200 936 -1116 -8777 END
START -2036 -920 21636 1325 -913 -8295 END
START -1816 -820 21380 1527 -508 -8317 END
START -1688 -1100 20840 2108 -274 -8622 END
START -1496 -1712 21296 2606 997 -8985 END
START -608 -2876 21568 2022 2093 -9106 END
START 36 -4396 20196 857 2801 -8378 END
START 376 -5296 18752 313 2605 -7348 END
START 1196 -6136 17960 -55 2141 -6215 END
START 1712 -7292 17448 -1253 1592 -4684 END
START 1796 -8204 16928 -3954 367 -2815 END
START 1948 -8864 16220 -7118 -1414 -1068 END
START 2540 -8304 15264 -7492 -2878 1008 END
START 1832 -7404 14868 -4264 -1938 2944 END
START 832 -6508 15804 -212 202 4216 END
START 464 -5820 17100 1644 1708 4993 END
START -952 -4948 17356 2325 2682 5346 END