START -1700 -3196 18164 -713 2663 1980 END
START -1680 -3052 5096 -1196 3182 2403 END
START -3116 -2824 18236 -1479 2386 2827 END
START -4440 -3172 16144 -66 760 3042 END
START -3932 -2124 16472 244 -388 2597 END
START -3836 -1704 16796 130 -549 2178 END
START -4368 -1420 17140 105 -600 1482 END
START -3984 -1312 16976 428 -454 671 END
START -3824 -1584 16684 709 -179 303 END
START -3540 -1784 16772 761 -577 169 END
START -3400 -1740 16932 522 -1291 186 END
START -2836 -2148 17160 -18 -1785 354 END
START -2904 -2540 17660 -371 -1697 916 END
START -2872 -2508 17576 -406 -1148 1587 END
START -3120 -2052 17460 -11 -360 2048 END
START -3416 -1520 17424 382 -100 2066 END
START -3936 -988 17532 275 -258 1727 END
START -3824 -784 17608 -244 -596 1009 END
START -3976 -936 17520 -837 -684 387 END
START -3788 -820 17380 -1037 -737 -32 END
START -3652 -964 16700 -547 -547 -204 END
START -3380 -1040 16772 -17 -912 -212 END
START -3036 -1372 17104 96 -897 -37 END
START -3100 -1384 17520 -120 -564 242 END
START -3100 -1400 16912 -242 -292 510 END
START -3148 -1064 17168 -75 -360 544 END
START -3292 -808 17356 -210 -390 446 END
START -3552 -772 17968 -462 -106 151 END
START -3560 -776 17680 -723 118 -203 END
START -3620 -824 17124 -704 -41 -475 END
START -3232 -576 17044 -478 -461 -534 END
START -3276 -360 17052 -248 -753 -568 END
START -2856 -340 17156 -247 -795 -493 END
START -2772 -548 16988 -344 -914 -238 END
START -2400 -528 16896 -369 -859 105 END
START -2400 -352 16900 -468 -1037 516 END
START -2508 316 17024 -675 -1426 664 END
START -2868 968 17056 -643 -1385 448 END
START -2724 1420 17032 -653 -914 -157 END
START -2460 1616 17052 -697 -857 -674 END
START -2480 1796 16388 -445 -692 -935 END
START -2340 1852 16312 117 -663 -1065 END
START -2248 2120 15892 456 -1023 -1082 END
START -2512 2932 16028 849 -1650 -1181 END
START -2204 3232 15676 1460 -2573 -1356 END
START -2784 4456 15852 2706 -3181 -1605 END
START -3276 5392 15968 4114 -2617 -2199 END
START -3588 6112 16564 5069 -2068 -3217 END
START -3756 6504 16496 5193 -2228 -4497 END
START -3420 6756 17212 4698 -2930 -6053 END
START -3432 6464 18184 2275 -3161 -7494 END
START -7652 -1696 16132 1634 -2329 -10948 END
START -2252 3840 20180 539 -3450 -8146 END
START -3032 3644 20632 1416 -2695 -8508 END
START -1988 3168 19644 2413 -1882 -8520 END
START -2472 2508 19204 3106 -1624 -8916 END
START -2308 2248 19928 3544 -1498 -9422 END
START -2704 1496 20668 3153 -1429 -10122 END
START -2304 792 20580 2371 -1097 -10772 END
START -1732 152 20508 2187 -670 -10993 END
START -1484 -676 20392 2048 -180 -11204 END
START -528 -316 19940 1417 2877 -10605 END
START -420 -1988 18164 1653 2937 -10148 END
START -1532 -7304 17444 2234 1154 -9605 END
START 4492 2228 17456 -3051 3622 -8469 END
START -2916 -3540 24380 -272 7605 -9034 END
START -412 -8124 18652 1118 -4122 -9061 END
START -124 -7252 17516 602 148 -8229 END
START 120 -7160 17640 1475 -228 -7448 END
START 44 -7140 17456 1541 -203 -6637 END
START -112 -7312 17140 1759 -632 -5928 END
START -236 -7544 17680 1978 -568 -5413 END
START -16 -7788 17976 2153 -894 -4642 END
START -8 -7720 18384 2402 -1218 -3721 END
START -340 -7152 19416 2498 -245 -2929 END
START -1008 -6568 20184 2603 324 -2243 END
START -1452 -5988 20360 2361 643 -1901 END
START -2172 -5172 20920 2236 761 -1644 END
START -2712 -4436 22112 2213 1193 -1497 END
START -3204 -3488 23072 1457 1825 -1453 END
START -3952 -2904 22724 680 2020 -1897 END
START -3680 -2528 23060 169 2580 -2346 END
START -3496 -2920 22820 -13 3476 -2704 END
START -3632 -3176 22856 -195 3411 -2819 END
START -2820 -2644 22588 -897 4518 -2626 END
START -2640 -2912 22220 -1027 5157 -2413 END
START -2624 -3312 21600 -999 4035 -2043 END
START -2936 -3040 20448 -94 4652 -1547 END
START -2900 -2800 20228 226 5073 -1296 END
START -2812 -2588 21256 -677 4381 -1194 END
START -2684 -2528 20864 -2473 3920 -1235 END
START -2892 -2768 20080 -4620 3788 -1355 END
START -2660 -3060 18708 -5839 2741 -1181 END
START -2468 -3456 17608 -5836 2571 -697 END
START -2296 -4136 16780 -5193 2931 -76 END
START -2080 -4292 16780 -4607 3430 912 END
START -1744 -4100 16640 -4546 3694 1947 END
START -2956 -3376 17220 -4898 3334 2420 END
START -2736 -3420 17592 -5922 2249 1940 END
START -2452 -4148 16088 -7010 2930 1893 END
START -1708 -4580 15028 -7396 2045 2368 END
START -1792 -4928 14324 -6586 1268 3254 END
START -2156 -5004 14908 -6678 716 3812 END
START -2264 -5012 14440 -7725 306 4136 END
START -1720 -4312 12920 -8751 -548 4399 END
START -1868 -5092 13664 -9039 -1677 4461 END
START -1536 -5388 13152 -8743 -928 5021 END
START -2132 -5112 14456 -8351 -1332 5404 END
START -1152 -5304 11376 -7733 -1569 5719 END
START -1480 -5216 11760 -7712 -2209 6111 END
START -1208 -5024 11240 -7246 -1386 6740 END
START -1420 -4364 10372 -6089 -1111 7095 END
START -2088 -3844 10236 -5161 -1368 6471 END
START -1816 -3736 10832 -4922 -1298 5876 END
START -972 -4272 10096 -4367 -1331 5878 END
START -1040 -4576 10148 -3015 -1742 6295 END
START -1140 -4640 11256 -1569 -1749 6566 END
START -1184 -4532 11368 -358 -1697 6714 END
START -1336 -4220 12208 497 -2218 6649 END
START -1280 -4284 13628 1295 -1620 6555 END
START -1280 -4544 14632 1430 -660 6517 END
START -1364 -4560 15308 972 -89 6307 END
START -1044 -4968 15296 350 376 6034 END
START -424 -5308 14876 -16 371 6570 END
START -172 -5196 14364 161 351 7567 END
START -344 -4808 14008 441 60 8551 END
START -980 -4204 14844 31 -908 9167 END
START -788 -3732 14992 -520 -1098 9489 END
START 10892 -2456 18488 7905 5637 12822 END
START -3212 -1476 14364 1543 -2155 9254 END
START -1552 -2228 16204 -1564 -1385 8220 END
START -2300 -976 16364 -1472 -1220 8049 END
START -1932 -748 15372 -1655 -742 8357 END
START -2612 88 14836 -1257 -1257 8690 END
START -2720 1432 15444 -1773 -2000 8642 END
START -3460 2176 15936 -1824 -1771 8055 END
START -3068 2928 15632 -1241 -870 7702 END
START -3572 3212 15536 -439 -306 7044 END
START -3208 3372 14816 113 769 6079 END
START -2792 2796 13792 1261 998 5807 END
START -2076 2124 13984 2231 680 5956 END
START -1816 1740 14456 2940 904 6428 END
START -1872 1972 14656 3323 1319 6857 END
START -1928 1928 14484 4378 1529 7204 END
START -1944 1748 15444 4798 1216 7242 END
START -2044 1692 16780 3821 1461 7092 END
START -1764 1172 16244 2913 1732 6903 END
START -1148 960 14996 3098 1576 7526 END
START -1556 1072 15452 3922 905 8250 END
START -1628 1496 16296 3657 818 8676 END
START -1364 1804 15468 3300 886 9051 END
START -1492 2348 15376 3000 141 9329 END
START -1912 2848 15392 3161 -599 9160 END
START -2080 3116 17080 2744 -1017 8747 END
START -2300 3076 17252 1728 -2047 8105 END
START -1992 2632 15592 1042 -1741 8290 END
START -2596 2516 13712 2169 -3211 8767 END
START -3024 3000 13804 3916 -5978 9123 END
START -3448 4600 15992 4748 -6361 9157 END
START -4492 5488 17176 4919 -7680 8066 END
START -4508 5784 18636 4999 -8392 6539 END
START -4248 6028 18636 5433 -9797 5286 END
START -3888 6116 20276 1531 -7719 4464 END
START -5732 3156 19800 -350 -10673 3737 END
START -4604 5412 22524 2624 -6947 3390 END
START -3128 5088 17428 3180 -7288 3351 END
START -3028 5696 17176 4020 -7500 3386 END
START -2868 5836 17972 4527 -6288 3235 END
START -2692 8576 16804 1433 -6554 2311 END
START -3160 7568 21756 -3 -6123 386 END
START -4100 6948 24004 -1671 -6772 -1850 END
START -3380 5888 22756 -2810 -5447 -3408 END
START -2920 5176 19372 -1978 -4379 -3992 END
START -2716 5180 17328 400 -4859 -4277 END
START -2724 5232 18172 1880 -5997 -4930 END
START -2360 5080 19644 2347 -6568 -5679 END
START -1836 4572 20544 2487 -6138 -6469 END
START -1352 4296 20912 3243 -5051 -6806 END
START -1152 4400 21412 3465 -4021 -7080 END
START -888 4620 21164 3066 -3639 -7578 END
START -1280 4384 20060 2741 -4094 -8161 END
START -1160 4352 20400 2598 -4268 -8810 END
START -1096 3748 21568 2266 -4177 -9528 END
START -708 2832 22740 1240 -3626 -10111 END
START -176 1376 22224 398 -3018 -10066 END
START -308 1224 22028 861 -2682 -9445 END
START -360 964 22272 1632 -1224 -8775 END
START -196 944 22732 1346 -582 -8202 END
START -772 2424 26044 185 1260 -7487 END
START -2480 960 21176 2095 -2756 -7860 END
START -1740 1024 20612 2615 -640 -8178 END
START -2156 96 21536 3338 -591 -8309 END
START -1616 348 20848 3376 -27 -8442 END
START -2052 272 21956 3189 47 -8537 END
START -1896 100 21664 2474 137 -8677 END
START -1552 -1000 21500 1177 36 -8355 END
START -1800 -800 20456 850 603 -7604 END
START -1688 -1544 19908 1241 446 -6998 END
START -1812 -1028 19972 1531 1368 -6548 END
START -1696 944 19176 1507 2628 -6721 END
START -1384 -1012 16380 1577 357 -6364 END
START -1620 -1264 18308 1174 1544 -6341 END
START -1000 -2240 17860 -127 1096 -5966 END
START -768 -3056 18260 -1539 445 -5555 END
START 4 -3896 17412 -2077 695 -4690 END
START 332 -4604 16904 -2365 398 -3664 END
START -140 -4808 16748 -2149 -20 -2539 END
START 16 -4512 17148 -1972 -340 -1384 END
START 164 -4300 17188 -1272 133 -283 END
START 104 -4052 17964 -544 917 821 END
START 288 -3652 17872 -384 1672 1843 END