START -2152 3940 24356 3969 -8336 -8995 END
START -2100 5404 23692 3484 -7985 -9143 END
START -2208 4696 23680 3901 -6805 -9364 END
START -2268 4640 24348 4029 -6108 -10049 END
START -1888 4176 24176 3131 -5514 -10184 END
START -2100 4552 22908 2388 -5031 -10217 END
START -2544 5436 21900 1808 -5025 -11040 END
START -2572 5256 21112 1215 -4859 -12080 END
START -2336 5032 20312 750 -4135 -13023 END
START -2728 4020 20640 1326 -5987 -13800 END
START -1904 4816 20144 1930 -4783 -14186 END
START -868 4272 21632 1420 -4854 -14613 END
START -396 3244 23096 79 -3004 -14241 END
START 464 2428 21996 -1064 -226 -13754 END
START -1528 1556 21324 -233 771 -13201 END
START -1312 1384 19284 256 456 -13426 END
START -492 -264 18900 -497 -17 -13525 END
START -240 -2088 19068 -1403 -1122 -13294 END
START -372 -4180 19240 -1802 -1200 -12890 END
START 660 -6476 19500 -2305 -1312 -11945 END
START 1376 -8524 19260 -2820 -987 -10153 END
START 1712 -9804 18424 -2282 52 -7647 END
START 1520 -10108 17300 -841 873 -4871 END
START 1152 -9660 16856 576 1477 -2341 END
START 688 -9036 16180 1426 1625 -525 END
START 312 -7944 16216 2109 1279 939 END
START -56 -6616 16608 2484 1148 2025 END
START -92 -5132 17548 2406 1026 2729 END
START -208 -4048 18632 1220 1123 3236 END
START -440 -2656 18812 -505 1291 3717 END
START -192 -1276 18144 -2170 1177 4074 END
START -740 -372 17728 -3627 446 4308 END
START -1476 164 17624 -4535 -127 4216 END
START -1512 952 17712 -4681 -270 3917 END