START -3608 -3712 17240 2273 1070 911 END
START -2408 -2480 11232 2111 1194 976 END
START -3356 -5280 12796 2786 850 891 END
START -3552 -3448 17400 1938 140 1284 END
START -3172 -3968 17104 995 -1826 1638 END
START -2776 -3824 17320 226 -2262 2010 END
START -3124 -3500 17684 85 -2207 2495 END
START -3464 -2560 17876 531 -1468 2617 END
START -3848 -1880 17960 979 -995 2074 END
START -4104 -1656 18032 1098 -576 1130 END
START -3676 -1988 17920 831 -120 326 END
START -3524 -2332 17388 758 -77 51 END
START -3704 -2368 17920 660 -348 -37 END
START -3576 -2256 17624 374 -842 -153 END
START -3632 -1876 17700 125 -1250 -440 END
START -3296 -1724 17896 -395 -1686 -705 END
START -3108 -1112 18224 -709 -1968 -946 END
START -3496 -828 18720 -1012 -1242 -1320 END
START -3544 -356 18936 -1524 -793 -1878 END
START -2888 -192 18224 -1906 -433 -2251 END
START -2880 4 18348 -1869 -426 -2487 END
START -2532 -44 18212 -1586 -120 -2556 END
START -2356 92 18356 -1192 149 -2585 END
START -2140 360 17864 -871 143 -2625 END
START -1980 560 17604 -674 -196 -2662 END
START -1916 676 17656 -501 -720 -2752 END
START -1716 1040 17620 -444 -590 -2888 END
START -1828 1280 17472 -362 -750 -3176 END
START -1748 1712 17164 -515 -758 -3503 END
START -2200 2104 16656 -737 -1108 -3927 END
START -2348 2308 16504 -704 -1444 -4681 END
START -2604 2408 16004 -52 -1523 -5499 END
START -2248 2608 15996 698 -2070 -6364 END
START -1936 2396 16240 1542 -2388 -7272 END
START -1200 1332 17152 1934 -2382 -7783 END
START -1552 564 18004 1991 -2337 -7734 END
START -1392 332 18388 2233 -1668 -7695 END
START -2624 -3048 18704 2386 593 -8128 END
START -1296 -332 18796 2549 -1628 -8292 END
START -1660 -732 19252 1888 -741 -8454 END
START -1264 -660 19820 1539 -1200 -8615 END
START -1608 -1092 20588 992 -1460 -8790 END
START -1380 -2124 19696 510 -582 -8769 END
START -1004 -2064 20412 -7 230 -8484 END
START -1296 -3696 14568 2127 -5955 -9027 END
START 276 244 21576 -1795 13365 -7996 END
START -1028 -5268 20020 2361 -2247 -8747 END
START -1236 -5280 20676 1339 3053 -8144 END
START -1504 -5380 20252 1449 3156 -7797 END
START -1616 -5268 19708 669 2953 -7847 END
START -1456 -6092 18800 -346 3531 -7690 END
START -1048 -6908 17668 -467 3251 -7131 END
START 172 -7516 17840 -852 -4578 -6928 END
START -172 -8204 16340 209 3566 -5742 END
START -944 -8996 15532 -525 41 -5145 END
START -740 -8452 15464 -575 -446 -4669 END
START -824 -8216 16336 -338 102 -4091 END
START -1012 -7980 17108 257 165 -3557 END
START -916 -7784 17672 797 745 -3442 END
START -868 -7908 18180 836 1222 -3341 END
START -888 -8060 18196 121 1392 -3165 END
START -1028 -8292 18588 -1021 863 -3143 END
START -1136 -8884 19540 -2595 422 -2891 END
START -1428 -9344 19444 -3965 703 -2430 END
START -2204 -9764 19212 -4526 753 -2303 END
START -2020 -10328 19296 -4550 1019 -2067 END
START -2336 -10768 19768 -4412 1206 -1381 END
START -2428 -10868 20312 -4489 1843 -878 END
START -3052 -11264 20736 -5028 2825 -454 END
START -3252 -11204 21064 -5968 3325 -417 END
START -3056 -11132 20720 -6760 3794 -510 END
START -2240 -11404 20008 -7110 4523 -217 END
START -2160 -11700 18980 -7035 4498 503 END
START -1888 -11376 18260 -6524 4543 1432 END
START -1440 -11020 17612 -5660 4549 2285 END
START -1176 -10728 17148 -5255 4439 3041 END
START -644 -10180 17000 -5127 4640 3913 END
START -676 -9712 16068 -5129 4900 4774 END
START -744 -9244 15724 -5118 4702 5313 END
START -312 -9012 15268 -5040 4813 5783 END
START -540 -8684 14720 -4967 5100 6465 END
START -840 -7900 14516 -5006 4471 6910 END
START -796 -5344 14468 -5803 3956 6791 END
START -400 -6524 13148 -5808 3174 6922 END
START -628 -6412 12792 -5571 2011 7237 END
START -160 -6160 13120 -5310 1499 7691 END
START -288 -5596 13292 -5398 1735 8315 END
START -632 -4900 12784 -5451 1955 8476 END
START -804 -4612 11692 -5160 845 8188 END
START -588 -4648 11244 -4732 406 8277 END
START -876 -4716 11696 -4107 -84 8457 END
START -1436 -3892 12528 -3497 -142 8478 END
START -1384 -3424 13460 -3512 737 8359 END
START -1804 -2964 12740 -3617 1182 8154 END
START -1360 -2524 11784 -3996 579 7551 END
START -1028 -2664 11032 -4269 -258 7180 END
START -988 -3152 10076 -3830 -1409 7026 END
START -1172 -3504 9980 -2486 -1773 7227 END
START -1268 -3780 10572 -719 -2271 7263 END
START -1024 -3648 11812 1028 -2295 7508 END
START -1828 -3188 12944 2175 -1936 8038 END
START -2160 -2060 13628 2823 -1403 7665 END
START -2176 -1364 14276 2562 -1920 6769 END
START -2436 -1856 14452 1844 -1563 5773 END
START -2276 -2936 14168 1600 -1304 5306 END
START -1684 -3956 13212 2347 -1018 5529 END
START -996 -5116 12536 3433 -1216 6443 END
START -892 -5972 11604 4486 -1606 7971 END
START -1220 -5832 11860 5765 -2298 9821 END
START -1696 -4320 13384 6170 -3169 11312 END
START -2200 -2104 13976 6545 -2837 11680 END
START -2624 -500 14308 7008 -2264 10929 END
START -2684 -76 14200 7328 -2169 9612 END
START -2220 -268 14408 7066 -2308 8601 END
START -1564 -1032 14028 6400 -1967 8301 END
START -2088 -1528 13500 5912 -2354 8547 END
START -1088 -1424 12184 6087 -3071 9019 END
START -1404 -728 11612 7264 -3958 10245 END
START -1368 664 12492 8522 -5712 10933 END
START -1572 2356 14972 8608 -5840 10893 END
START -2288 3940 16360 7242 -5724 10113 END
START -2740 4652 17372 4979 -5891 8303 END
START -3088 4804 16888 2714 -5351 6621 END
START -2540 4364 14892 1606 -4678 5339 END
START -2628 3672 13640 1836 -5535 4421 END
START -1864 3224 12840 2191 -6972 3632 END
START -1216 2556 12676 3514 -7261 3495 END
START -600 2564 13252 5697 -8308 4169 END
START -1108 3192 14412 7454 -9810 4696 END
START -1604 4444 15816 8850 -12062 4777 END
START -1596 5756 22924 8639 -10966 3979 END
START -2688 5884 15020 8265 -12623 2124 END
START -1248 7812 17904 8338 -6780 1168 END
START -2456 8200 17884 6236 -9347 -659 END
START -2276 7620 16628 5337 -12400 -2193 END
START -1764 4896 10104 4162 -10206 -3401 END
START -1548 8148 20136 3037 -13108 -4731 END
START -1932 7664 25292 2014 -10515 -6073 END
START -1356 7196 26212 875 -8930 -6949 END
START -896 6568 25880 -372 -6803 -7369 END
START -1488 6612 23828 -314 -4676 -7647 END
START -1592 6900 22376 596 -3991 -8331 END
START -1620 6384 21404 1537 -4116 -9141 END
START -1260 6068 20972 2130 -4951 -9829 END
START -1508 5660 21872 2121 -6130 -10891 END
START -1352 4452 24356 1082 -5488 -12330 END
START -848 2484 25180 -909 -3903 -13012 END
START -600 1068 25292 -2292 -2573 -12882 END
START -152 1208 22104 -3651 -1058 -12316 END
START 188 1280 21956 -452 -2124 -11509 END
START -988 -204 23796 1966 -2201 -10911 END
START -1168 1008 23752 2687 -1846 -10532 END
START -2172 2020 24552 2249 -1112 -11332 END
START -896 1856 24424 1194 7 -12485 END
START -1304 220 24484 -32 -173 -13165 END
START -84 -876 23908 -1397 -202 -13300 END
START 292 -2288 22552 -2348 53 -12754 END
START 476 -3784 21408 -2386 840 -11639 END
START 672 -5124 19480 -2039 1184 -10196 END
START 1080 -6312 17692 -1789 382 -8707 END
START 1800 -7448 17168 -1294 -312 -6996 END
START 2020 -7204 17520 225 -480 -5220 END
START 1688 -6472 18320 1811 761 -4067 END
START 868 -5668 18456 2569 2143 -3189 END
START 428 -5096 17972 2403 1917 -2741 END
START 392 -4532 18180 1690 1458 -2353 END
START 412 -4464 17836 942 1568 -2183 END
START 532 -4580 17456 230 1847 -1971 END
START 528 -4640 17876 -699 1414 -1716 END
START 908 -5088 17876 -2105 1119 -1562 END
START 1564 -5916 17676 -3249 1086 -950 END
START 2372 -6492 17156 -4079 697 554 END
START 2940 -6480 16552 -4148 150 2604 END
START 2768 -5492 16744 -3235 -415 4607 END
START 1824 -4280 18208 -1738 7 6138 END
START 1216 -2964 19336 -816 1830 6908 END