START -3140 -2508 18476 840 553 718 END
START -2228 -1744 8568 850 792 828 END
START -3140 -3036 15792 626 1534 817 END
START -3356 -3424 18080 632 1294 838 END
START -3304 -2988 17624 650 995 1054 END
START -3496 -2868 17372 707 739 1226 END
START -3716 -2516 17260 974 108 1166 END
START -3456 -2188 17304 1268 -296 914 END
START -3328 -2216 17516 1634 -169 672 END
START -3316 -2412 17860 1879 -169 596 END
START -3476 -2248 17700 1884 -122 618 END
START -3332 -1972 17980 2007 -747 446 END
START -2908 -2088 18812 1646 -580 307 END
START -2804 -2012 18832 974 125 251 END
START -2884 -2004 18612 348 409 -25 END
START -2640 -2080 18176 -307 386 -169 END
START -2168 -2296 17780 -846 545 -165 END
START -1980 -2508 17208 -1076 869 -10 END
START -1912 -2524 16360 -913 1095 389 END
START -1820 -2548 15512 -241 1088 724 END
START -1912 -2212 15072 443 477 904 END
START -2296 -1844 15080 673 -55 902 END
START -2284 -1592 15452 688 -467 675 END
START -2240 -1420 15496 678 -587 444 END
START -2104 -1408 15780 543 -477 199 END
START -1948 -1288 15868 316 -832 84 END
START -1868 -1240 16160 121 -837 188 END
START -2152 -620 16228 9 -862 99 END
START -2272 -436 16332 -25 -924 -211 END
START -2212 -376 16548 24 -1001 -608 END
START -2484 -176 16800 68 -1407 -889 END
START -2412 92 17172 183 -2027 -1051 END
START -2632 140 17788 446 -1888 -1173 END
START -2744 488 18552 381 -1603 -1232 END
START -2952 1032 19468 173 -937 -1434 END
START -2956 1464 19500 -246 86 -1797 END
START -3216 1616 19252 -833 334 -2262 END
START -2984 1944 18952 -1616 232 -2934 END
START -3028 1696 18300 -2337 261 -3622 END
START -2824 1452 17384 -2435 260 -4122 END
START -2656 976 16736 -1601 -35 -4381 END
START -2320 512 16760 -534 -369 -4298 END
START -2368 392 16948 159 -754 -4120 END
START -2540 432 17544 342 -1195 -4138 END
START -2404 472 17844 270 -1535 -4424 END
START -2456 464 18084 231 -1099 -4825 END
START -2384 488 18212 167 -752 -5110 END
START -2552 444 18412 402 -293 -5490 END
START -2224 148 18364 510 511 -5873 END
START -2100 -300 18276 208 518 -6133 END
START -2288 -476 18048 132 182 -6172 END
START -2392 -460 18184 153 -199 -6522 END
START -2456 -800 17916 121 -266 -6897 END
START -2508 -1004 17712 455 -202 -6998 END
START -2248 -1460 17928 1231 -173 -7106 END
START -1532 -2272 18036 1791 -99 -6777 END
START -1496 -2076 18932 1699 202 -5966 END
START -2008 -2440 19224 1310 -880 -5389 END
START -2476 -1864 19240 764 -421 -5403 END
START -2804 -1612 19580 389 475 -5869 END
START -2604 -1704 19212 -21 543 -6431 END
START -2044 -1964 18456 -86 697 -6932 END
START -2144 -2544 17984 405 783 -7136 END
START -1556 -3140 17804 949 900 -7157 END
START -1460 -4200 17520 1274 985 -6814 END
START -1256 -4816 17020 1449 558 -6256 END
START -724 -5664 16716 1543 432 -5578 END
START -556 -6312 16568 1227 110 -4812 END
START -568 -6732 16364 493 -675 -4065 END
START -876 -7116 16336 538 -1191 -3546 END
START -1040 -7312 16692 1074 -1232 -2960 END
START -1184 -7144 17252 1747 -802 -2513 END
START -1368 -7080 17568 2125 -70 -2343 END
START -1356 -7120 17908 1642 -358 -2196 END
START -1904 -6796 18748 570 -782 -2177 END
START -1880 -6820 19436 -394 -620 -2356 END
START -2000 -6780 19588 -1223 -393 -2521 END
START -2080 -7160 20080 -2007 -286 -2509 END
START -2356 -7996 19800 -2280 -465 -2264 END
START -2488 -8284 20080 -2140 -1224 -1797 END
START -2572 -8352 21116 -1672 -919 -1144 END
START -2960 -7832 22496 -970 -103 -414 END
START -3376 -7328 23740 -516 1402 21 END
START -3484 -6952 24368 -678 2973 305 END
START -3800 -6544 24456 -1626 3960 564 END
START -3996 -5784 24384 -3275 4512 353 END
START -3616 -5356 24060 -5270 5321 -378 END
START -3208 -5876 22764 -7408 5772 -1062 END
START -2700 -6536 21072 -8663 5815 -1134 END
START -2128 -7372 19364 -8731 5570 -549 END
START -1828 -7748 18212 -8030 5477 556 END
START -1812 -7668 17484 -7485 5141 1586 END
START -1308 -7332 16764 -7093 4598 2318 END
START -1308 -7172 16212 -6849 4444 2889 END
START -1312 -7236 15868 -6796 4013 3139 END
START -1076 -7528 15184 -6927 3866 3370 END
START -788 -7560 14404 -7029 3307 3573 END
START -396 -7776 13768 -7016 2812 3903 END
START -100 -8264 12888 -6670 2488 4543 END
START 352 -8540 12092 -6083 1994 5330 END
START 256 -8364 11620 -5667 1439 6021 END
START -32 -8292 11408 -5521 883 6307 END
START 148 -8400 11496 -5541 254 6373 END
START 756 -9168 11132 -5220 468 6720 END
START 932 -9688 10988 -4342 730 7858 END
START 2300 -1936 13568 -4386 2275 8717 END
START 172 -8052 10236 -3401 -1119 9983 END
START 248 -6768 12036 -3431 -165 10739 END
START -208 -5380 11616 -3371 -134 11034 END
START -600 -4608 11672 -3628 -361 10555 END
START -732 -4316 11588 -4427 -105 9673 END
START -476 -4172 10656 -5035 -259 8983 END
START -92 -3700 9716 -4645 -1198 9201 END
START -56 -3088 9308 -3472 -1625 9713 END
START -956 -2252 10004 -2396 -2353 9881 END
START -808 -1428 10624 -1770 -2802 9490 END
START -1052 -948 10800 -1385 -2475 8838 END
START -1080 -840 10372 -909 -2337 8115 END
START -1284 -992 9768 211 -2317 7719 END
START -1160 -1112 10108 1810 -2166 7632 END
START -1124 -1376 10228 3668 -1777 8007 END
START -1008 -932 10888 5031 -1436 8447 END
START -1296 -552 11568 5245 -1884 8005 END
START -1456 -660 12540 4601 -2766 7106 END
START -828 -1044 13400 3948 -3157 6889 END
START -516 -1580 13456 4108 -3312 7698 END
START -892 -1108 14332 4889 -3714 8758 END
START -1444 -332 15744 4781 -3720 8988 END
START -1812 112 16300 3795 -4092 8318 END
START -1764 152 16032 2704 -4105 7497 END
START -1360 -28 14928 2492 -4144 7132 END
START -1620 8 14860 2875 -5278 7168 END
START -1552 512 15568 3780 -6084 7372 END
START -1776 1608 16500 4590 -5590 7483 END
START -1744 2352 16120 5123 -4497 7266 END
START -2344 3044 16220 5369 -5344 6796 END
START -3052 3724 16576 4774 -6859 5742 END
START -3468 4272 17332 4243 -8151 4138 END
START -2880 4492 17224 4459 -8762 2920 END
START -2416 4408 16900 5476 -8777 2409 END
START -1628 4476 17496 6385 -9713 1991 END
START -1644 4248 13272 6037 -9904 1801 END
START -1884 5328 22748 4373 -11714 808 END
START -1152 5924 21116 2664 -8820 -154 END
START -1288 5828 21548 2334 -6393 -1118 END
START -1824 5424 20396 3275 -4729 -1415 END
START -2420 5048 19480 4417 -4912 -1922 END
START -2524 5776 19904 4623 -6241 -2467 END
START -3104 6052 21412 3698 -7379 -3739 END
START -2644 5732 22792 2988 -6751 -4650 END
START -912 4776 17816 2213 -3764 -5634 END
START -2348 5836 20952 3427 -2964 -6191 END
START -3248 6440 22804 3610 -3700 -7180 END
START -3152 6548 23148 3412 -4189 -8758 END
START -3236 6012 23584 3234 -3813 -9874 END
START -2808 4940 24440 3353 -2751 -10884 END
START -3388 3512 25400 3034 -1745 -11600 END
START -2008 2404 24080 1780 -1573 -12002 END
START -2596 1388 24904 1034 -1853 -12044 END
START -2552 572 24156 988 -1445 -11847 END
START -2496 -136 22580 2229 -1295 -11439 END
START -2468 -496 21908 4448 -1080 -11015 END
START -2412 -364 22956 5893 -1178 -10888 END
START -2020 -716 23976 5738 -1165 -11381 END
START -1552 -1864 24568 4553 -854 -11470 END
START -1096 -2856 24500 3282 -540 -10963 END
START -424 -4000 24112 2386 -238 -10286 END
START -160 -5336 24184 1657 187 -9074 END
START -120 -5532 23340 1202 694 -7798 END
START -620 -5532 22108 1815 1576 -6750 END
START -532 -5252 20788 3069 2576 -5782 END
START -1476 -5420 20732 3383 2672 -5103 END
START 848 -5456 18612 4154 2233 -4169 END
START -112 -5956 22552 4489 1901 -3833 END
START 140 -5020 20048 2652 4149 -3760 END
START 768 -5836 18940 1114 3753 -3331 END
START 1408 -6456 17708 -446 3500 -2589 END
START 2536 -7228 16324 -1537 2994 -1334 END
START -736 -27500 15352 -2014 9683 -82 END
START 1764 -16620 12128 -3770 1188 1381 END
START 2256 -7700 13852 -1534 3764 2647 END
START 1224 -6608 13288 395 4655 3281 END
START 932 -5496 13044 2165 3029 3923 END
START 380 -4276 13304 2175 1590 4252 END
START 404 -2936 12984 1458 288 4329 END
START 140 -2040 13392 1138 -90 4007 END
START 120 -1432 13844 817 -771 3266 END
START 896 -1500 15360 -63 -1117 2624 END