START 84 -1452 18980 1695 -1109 -668 END
START 1312 528 22320 1008 -1552 -173 END
START 2540 -108 23828 1962 -1613 -259 END
START -892 -2004 19236 2410 -1954 -469 END
START 184 -1280 20996 2081 -1998 168 END
START 172 -1220 21780 2099 -1764 247 END
START 108 -1320 22908 1471 -1601 292 END
START 20 -1240 23568 371 -849 346 END
START -140 -1172 23632 -413 108 204 END
START -340 -1208 23152 -786 968 86 END
START -644 -1360 22784 -887 1368 -12 END
START -696 -1468 22272 -873 1690 187 END
START -512 -1436 22172 200 1903 445 END
START -396 -1356 22748 530 1994 918 END
START -708 -1372 23220 530 2189 1281 END
START -804 -1124 23620 -626 2185 1683 END
START -724 -528 23716 -800 2654 1624 END
START -844 -868 23856 -1434 3415 1515 END
START -544 -252 23492 -1796 4297 1276 END
START -440 -692 22608 -1815 5329 1182 END
START -228 -552 21776 -1494 6763 1223 END
START -552 -824 20840 -300 7875 1249 END
START 64 -616 20244 252 8608 1536 END
START -296 -412 19844 1029 8931 1793 END
START -304 -172 20264 735 8323 1927 END
START -956 -452 20500 -508 7274 2038 END
START -1224 -756 19608 -2591 6361 2413 END
START -1288 100 18340 -3313 6665 2514 END
START -1568 -196 18592 -3570 6783 2536 END
START -1464 484 18188 -2671 7197 2160 END
START -1596 564 18136 -1877 7873 1946 END
START -1868 1332 18012 -2005 9084 1586 END
START -2004 836 18480 -1763 9763 1046 END
START -2636 1284 17716 -1689 9556 -336 END
START -3000 -136 12756 -2061 11605 -361 END
START -2760 -144 17592 -5250 12313 0 END
START -2452 188 15492 -3193 11390 -645 END
START -2848 -612 13708 -2098 11128 -943 END
START -3384 792 13576 -2225 10741 -1058 END
START -3204 168 14404 -2130 10160 -1154 END
START -3608 920 14668 -2000 8737 -1465 END
START -4000 1188 14812 -2151 8434 -1688 END
START -3964 1744 14196 -2392 7546 -2352 END
START -4372 2032 14200 -2699 6808 -3301 END
START -3920 1952 13364 -3097 7476 -4216 END
START -4332 1408 12412 -3284 7138 -4825 END
START -4528 1216 12544 -3425 6718 -5277 END
START -4256 968 11312 -2605 6690 -5584 END
START -4072 648 11084 -2426 5259 -5764 END
START -4416 780 11296 -2094 4951 -5549 END
START -4596 1164 12028 -1693 2911 -5953 END
START -4260 860 12256 -2199 2972 -6425 END
START -3724 724 10852 -2391 2909 -7444 END
START -3732 -72 11920 -1939 4759 -7236 END
START -3272 -856 11232 -1035 4521 -6926 END
START -4120 -776 11496 -680 4013 -6560 END
START -3868 -976 11028 -327 2334 -6441 END
START -4264 -1224 10944 -146 1441 -6207 END
START -4196 -1572 10976 168 900 -6260 END
START -4476 -2088 11412 413 360 -6243 END
START -3852 -2592 11028 612 276 -6038 END
START -3728 -3324 10568 1387 365 -5845 END
START -2984 -3648 10364 2039 147 -5498 END
START -2568 -4108 10488 2211 -582 -5097 END
START -2176 -4832 10564 2366 -1235 -4533 END
START -2168 -5280 10676 2650 -1456 -3626 END
START -2000 -5244 9484 3499 -1128 -2665 END
START -2300 -5244 9784 4450 -1792 -1928 END
START -2664 -4928 10240 4714 -3165 -1548 END
START -2572 -4284 10860 4275 -4971 -1488 END
START -2764 -4184 11388 3620 -6398 -1689 END
START -2784 -4084 11752 3601 -7338 -1783 END
START -3844 -4520 12980 3779 -8011 -1942 END
START -3984 -4940 13852 4525 -10231 -2076 END
START -3968 -4840 14824 6108 -10226 -1785 END
START -4552 -5216 15768 7765 -10009 -1623 END
START -4620 -4264 19420 8481 -10864 -1204 END
START -4360 -3884 21672 8598 -11848 -1303 END
START -4576 -3968 23896 9514 -13597 -1947 END
START -3988 -3436 27068 9156 -12103 -2054 END
START -3244 -2636 29268 7505 -11601 -2484 END
START -1636 -2404 30700 6481 -10730 -3223 END
START -328 -3272 29276 5472 -7968 -2991 END
START 232 -4328 30764 -3898 -2651 -1114 END
START 1512 -5796 28320 -1209 -652 -783 END
START 1904 -6096 28836 -3348 -658 982 END
START 1884 -6672 27196 -3936 681 2740 END
START 1572 -6732 25532 -4527 1784 4510 END
START 736 -6296 23208 -4559 3096 5999 END
START -168 -5308 21868 -4507 4186 7097 END
START -980 -4372 20484 -4423 4870 7521 END
START -1252 -4112 18680 -4340 5268 7433 END
START -1472 -3780 18728 -4927 5387 7212 END
START -880 -4488 17336 -5010 6088 7113 END
START -768 -6592 14664 -5872 5906 7610 END
START -1284 -8696 12400 -4668 5726 7786 END
START -1240 -6160 15300 -6211 3440 9571 END
START -1796 -4640 16508 -5626 2227 10432 END
START -2740 -4444 15000 -4974 1025 10700 END
START -2964 -3680 14844 -4153 641 10683 END
START -3316 -3284 14852 -3807 478 10079 END
START -3492 -3660 14756 -3738 668 9416 END
START -3084 -4096 14128 -3247 728 9344 END
START -2812 -4324 13808 -2722 985 9880 END
START -3312 -3952 14360 -2567 884 10701 END
START -3572 -3220 15372 -2677 -243 11171 END
START -3520 -2540 15600 -3012 -1025 11023 END
START -3876 -1908 15572 -3337 -1519 10929 END
START -3932 -1264 15976 -2905 -1507 10387 END
START -3848 -964 15960 -2649 -831 10151 END
START -4112 -344 15956 -1990 -435 9747 END
START -3584 -52 16376 -1718 -502 9333 END
START -3288 380 16468 -1438 -368 9360 END
START -3400 1084 16748 -1340 -425 9548 END
START -3828 1768 16488 -1423 -260 9687 END
START -4524 2984 16640 -1571 -216 9501 END
START -4896 4140 16540 -1397 -508 8765 END
START -5116 4860 16940 -1385 -740 8151 END
START -5272 5880 16648 -1107 -727 7441 END
START -5568 7112 16696 -792 -748 6517 END
START -6040 7780 16544 -438 -417 5460 END
START -6456 8612 16400 90 19 4133 END
START -6784 9276 15948 440 375 2803 END
START -6936 9748 15536 744 465 1378 END
START -6932 9732 15436 1244 535 -176 END
START -7464 9684 15632 1638 327 -1714 END
START -7484 9960 15984 1593 -402 -3312 END
START -7564 10304 16064 1422 -651 -4851 END
START -7252 10764 16356 1841 -980 -6648 END
START -7432 13560 21240 2185 -2685 -8829 END
START -6852 9716 15768 4630 -3612 -11031 END
START -7000 9644 16124 4693 -5382 -12749 END
START -6272 9276 17372 6589 -5292 -14823 END
START -5928 8376 17224 5998 -5053 -16202 END
START -5204 7340 18096 4809 -4824 -17343 END
START -4076 5932 19040 3754 -3659 -18678 END
START -2864 4368 19236 2448 -958 -19171 END
START -2416 2448 19232 2141 -729 -19464 END
START -1348 220 17768 1775 -453 -19248 END
START -872 -1568 18036 2329 434 -18685 END
START -436 -3048 17964 996 254 -17288 END
START 132 -4836 17920 542 -359 -16530 END
START 336 -7168 14672 1268 -673 -16236 END
START 2224 -5472 22016 -54 -2856 -15271 END
START 3964 -6404 23900 3150 507 -15672 END
START 3940 -8704 19724 843 1931 -13652 END
START 2948 -10736 19460 3057 3483 -12786 END
START 3864 -11956 17388 3458 5091 -10915 END
START 3732 -11700 18856 2476 3293 -9104 END
START 3940 -11596 19592 1109 71 -7535 END
START 4224 -12120 19072 820 -1775 -6085 END
START 4256 -12164 18912 720 -1697 -4288 END
START 3564 -11752 19332 818 -970 -2392 END
START 2584 -11060 19312 989 -10 -807 END
START 2008 -9852 18624 1230 1019 490 END
START 1468 -8564 18552 1344 1450 1378 END
START 1044 -7292 18360 860 1320 1786 END
START 444 -6328 18432 8 1073 2111 END
START -192 -5820 17724 -648 1094 2412 END
START -1004 -5188 17860 -907 1035 2678 END
START -1652 -4484 17488 -1516 1013 2927 END
START -2288 -4032 17364 -1861 701 2897 END
START -2104 -3744 16920 -1752 800 2911 END
START -2248 -3688 16840 -1080 861 3027 END
START -2440 -3104 16900 -658 1203 3280 END
START -2768 -2472 17252 -995 1033 3481 END
START -3260 -1952 17016 -1333 658 3501 END
START -3400 -1612 16716 -1264 257 3246 END
START -3552 -1372 17172 -1484 0 3083 END
START -3176 -672 18096 -2052 -969 2778 END
START -3224 -1432 17720 -1804 -1549 2318 END
START -3228 -1348 18008 -3020 -2020 2391 END
START -3884 -2676 16636 -2419 -412 2118 END
START -3084 -2356 17076 -1553 -81 2067 END
START -2628 -2356 16704 -745 760 2874 END
START -3304 -1912 17152 -348 616 3646 END
START -3588 -1264 17068 -4 710 3792 END
START -3860 -656 17080 174 443 3449 END
START -3732 -308 16884 357 97 2840 END
START -3348 -784 15968 -57 -1199 2291 END
START -3648 -764 17224 -212 -804 1886 END
START -3108 -920 16816 -620 -979 1433 END
START -2692 -1372 16448 64 489 1036 END
START -2308 -1640 16924 315 433 1061 END
START -1632 -1760 17244 460 337 1539 END