START 560 956 17972 284 -7 787 END
START 3904 800 19340 -657 -2416 1258 END
START 604 780 14120 -338 625 141 END
START -92 -752 17620 766 -1833 271 END
START 676 840 16736 797 -1660 200 END
START 952 288 17728 1463 -1958 -55 END
START 1076 148 18164 1446 -1636 118 END
START 1024 112 18976 2082 -1310 297 END
START 812 212 19536 1624 -1497 665 END
START 452 804 20068 1698 -1798 596 END
START 184 576 20736 769 -2536 551 END
START -196 772 21184 192 -3071 313 END
START -280 424 21696 251 -3131 -55 END
START 284 140 22392 809 -2762 -185 END
START 532 864 23752 1033 -2599 -76 END
START 456 -244 24524 1850 -1650 -173 END
START 880 -176 25780 1749 -870 -22 END
START 676 -372 26168 1536 71 372 END
START 648 -344 26648 1272 987 815 END
START 844 -44 27000 734 2167 1411 END
START 504 548 26636 238 3503 1941 END
START 24 1080 26308 -225 4436 2018 END
START -264 1812 25524 -674 5150 1715 END
START -348 2172 24672 -989 5987 1167 END
START -112 2136 23436 -691 6869 709 END
START -40 2016 23068 -38 7702 344 END
START 328 1796 22976 -99 8681 329 END
START 144 1740 22636 -442 9191 468 END
START 20 1496 21824 -760 9678 641 END
START -124 1804 21224 -853 9768 832 END
START -264 1820 21072 -516 10018 886 END
START -476 1936 20928 -520 10766 896 END
START -532 1784 20040 -412 11701 921 END
START -708 2644 19772 -24 11904 612 END
START -688 2656 19320 15 11961 165 END
START -560 3052 19336 -184 12008 -396 END
START -380 2644 19104 -790 12366 -758 END
START -504 2568 17636 -1230 12985 -805 END
START -668 2668 17120 -1285 14387 -812 END
START -1152 2872 17036 -2110 14239 -767 END
START -1516 2768 17148 -1866 12793 -1618 END
START -1236 2836 16560 -4363 11940 -1853 END
START -1168 3120 14984 -6334 13144 -1822 END
START -2208 1712 12712 -4118 14748 -2727 END
START -2500 -644 13544 -5556 13705 -2554 END
START -2536 2252 14632 -3051 11579 -3049 END
START -2000 3400 18200 -3405 10497 -3073 END
START -2572 2872 15128 -3443 10221 -3127 END
START -3056 2616 13668 -3698 10629 -3583 END
START -3588 3376 14060 -4865 10058 -4443 END
START -3344 2824 12072 -4132 11708 -5292 END
START -3420 2836 13988 -3900 12141 -6027 END
START -2148 2288 12640 -4279 8776 -6420 END
START -3140 1720 11128 -4039 7928 -6248 END
START -3248 1568 10988 -4046 6633 -6178 END
START -3112 844 10268 -3879 5950 -5911 END
START -3108 300 9704 -3811 5866 -5557 END
START -4132 1244 9612 -3843 5869 -5582 END
START -5132 2504 10680 -4731 4660 -5641 END
START -4560 1904 8300 -4926 2550 -6363 END
START -5000 1376 7616 -4078 1303 -7484 END
START -4856 484 7684 -2242 1459 -8310 END
START -4552 -656 8500 -676 1601 -8487 END
START -3912 -1704 8540 180 1548 -7922 END
START -3608 -2804 8036 1078 1932 -6972 END
START -3148 -3412 7836 1786 1451 -5723 END
START -3720 -3436 7876 1832 219 -4572 END
START -4044 -3104 8624 1512 -2122 -4014 END
START -4168 -2924 9344 1246 -3740 -4150 END
START -4020 -2876 9512 1850 -4455 -4428 END
START -3992 -3316 10440 2421 -4729 -4707 END
START -3420 -3940 11200 2332 -5234 -4710 END
START -3148 -4784 11936 2620 -4749 -4220 END
START -3172 -5132 12300 2999 -4619 -3322 END
START -3420 -5020 12984 3135 -4716 -2149 END
START -4340 -4572 13144 3146 -5383 -1256 END
START -5252 -3548 14376 3057 -6877 -900 END
START -5836 -2828 15040 3242 -10861 -1443 END
START -6076 -2652 15812 3773 -12484 -2232 END
START -6388 -3000 18148 3378 -12264 -2957 END
START -5984 -4688 17848 3324 -11299 -3347 END
START -5492 -4996 19408 3472 -8672 -2953 END
START -5244 -5392 19660 3594 -7453 -2092 END
START -5280 -4600 21680 3737 -6317 -1255 END
START -5972 -3588 24188 3460 -7462 -900 END
START -5852 -3180 25584 3662 -8932 -1330 END
START -5516 -2628 27876 3805 -8310 -1683 END
START -5424 -2304 29284 4242 -6905 -2536 END
START -4072 -2520 31076 2991 -6103 -3222 END
START -2376 -3252 29892 2317 -3900 -2836 END
START -1392 -3996 28564 745 -527 -1444 END
START -988 -3944 28340 -1342 2080 243 END
START -1396 -3608 27652 -3776 3009 1556 END
START -1836 -3472 25796 -4322 3824 2244 END
START -1868 -3152 23856 -4629 4399 2768 END
START -1808 -2996 22140 -5147 5199 3166 END
START -1948 -2892 20996 -5634 5755 3553 END
START -1916 -2928 19392 -6429 6061 3787 END
START -1260 -2812 18468 -6011 7707 4199 END
START -1880 -3772 16888 -5773 7862 4467 END
START -1884 -3860 16216 -5097 7108 4800 END
START -1836 -4576 14716 -5278 6868 5484 END
START -1748 -4916 14048 -5632 6511 6038 END
START -2028 -4456 14936 -6007 5802 6452 END
START -2320 -4312 14748 -5574 5050 6817 END
START -2356 -5124 12808 -5335 5161 7024 END
START -2628 -4428 13300 -5130 4367 7406 END
START -3516 -4600 13040 -4699 4263 7462 END
START -3796 -4764 12632 -4498 3437 7844 END
START -4332 -4648 12428 -4719 2672 8250 END
START -4504 -4756 11124 -4735 2260 8668 END
START -5028 -4176 11192 -4641 1596 8912 END
START -5188 -3688 11844 -4550 -376 9065 END
START -5980 -3200 12284 -4710 -1517 9108 END
START -6332 -3008 12524 -5160 -2387 8789 END
START -6572 -2916 12620 -5741 -3030 8543 END
START -6896 -3008 12380 -5728 -3883 8136 END
START -6724 -3052 12032 -4742 -3736 8068 END
START -7248 -3012 12716 -3259 -3301 8006 END
START -7000 -3148 13160 -1698 -2512 7942 END
START -6680 -3364 13564 -486 -1849 8460 END
START -6820 -2560 13952 27 -1723 9113 END
START -7704 -1796 14400 -484 -2802 9044 END
START -7972 -1068 14768 -1640 -3879 8419 END
START -7796 -756 13836 -2262 -4901 7726 END
START -7652 -644 13308 -1336 -5039 6943 END
START -7148 -528 13648 96 -5053 6359 END
START -7048 -396 14796 1088 -4957 5965 END
START -6636 -148 15892 1651 -4572 5609 END
START -5876 16 16464 1930 -3809 5526 END
START -6072 324 17052 1968 -3170 5556 END
START -6132 804 17004 1963 -3295 5234 END
START -5624 2144 19104 682 -5520 4679 END
START -5480 1444 17668 1601 -6331 4613 END
START -4692 1560 15960 2663 -6193 4388 END
START -4572 1456 15444 4112 -6778 3958 END
START -4440 3124 16220 3597 -6164 3484 END
START -4176 3428 16748 5711 -7338 2614 END
START -4012 4244 17180 6859 -9498 1753 END
START -4036 5432 18392 7996 -9556 1178 END
START -4236 6292 18060 7855 -8930 853 END
START -5060 7836 18344 9382 -7920 295 END
START -4192 9052 18192 -458 -4668 546 END
START -7396 9876 19552 579 -1668 -665 END
START -6808 12844 17116 2327 -1646 -3061 END
START -2272 10596 19456 4678 40 -3933 END
START -6768 13424 17732 2471 -2043 -7354 END
START -6764 12932 17644 919 -1785 -9534 END
START -6844 12672 17664 1625 -2014 -12006 END
START -6300 11400 18000 1101 -2894 -14125 END
START -5916 9856 17552 547 -3125 -15459 END
START -5524 8712 17588 728 -3096 -16782 END
START -4652 7776 18044 1302 -2655 -18298 END
START -2836 6296 18552 1325 -2665 -19257 END
START -1504 4836 18032 1122 -3088 -19939 END
START -468 2416 18848 945 -3578 -20423 END
START 452 -528 18188 682 -4089 -20258 END
START 1144 -596 17600 2896 -2818 -19951 END
START 1232 -4212 19516 4526 -539 -20421 END
START 2968 -4692 20464 2388 -1453 -18423 END
START 3684 -5796 20968 275 -2621 -18191 END
START 5464 -8036 20480 -3168 -1843 -17081 END
START 7108 -11088 20896 -6497 705 -14879 END
START 7684 -11040 20016 -3435 3801 -12849 END
START 5096 -24648 5660 -2169 4336 -9995 END
START 9764 -14640 25552 -4898 4158 -6655 END
START 7032 -14244 20976 132 5812 -4963 END
START 5312 -13672 22464 -565 884 -2838 END
START 4844 -13184 21128 -572 582 -1498 END
START 4200 -12232 20376 -780 2353 -187 END
START 3280 -11516 19868 -748 3170 1068 END
START 2504 -10484 19116 -1285 3076 2305 END
START 1676 -9352 17676 -1572 3014 3397 END
START 672 -8160 17140 -1528 2359 4363 END
START -132 -6784 16584 -1502 2039 4889 END
START -1012 -5404 16196 -1203 2017 5193 END
START -1740 -4248 16056 -847 1878 5188 END
START -2448 -3476 16236 -668 1811 5086 END
START -2636 -2864 16048 -650 1397 4785 END
START -2808 -2096 16380 -1558 662 4464 END
START -1852 -740 16576 -1858 343 3962 END
START -3080 -2704 13840 -1269 -1414 3273 END