START -424 628 17388 1038 343 748 END
START 1064 2696 22124 207 -648 1027 END
START -208 -592 12872 1491 198 55 END
START -760 -500 16984 1477 100 369 END
START -556 540 16288 1518 -434 494 END
START -404 196 16720 1481 -919 600 END
START -640 400 16856 1665 -1098 437 END
START -388 656 17408 1877 -1257 423 END
START -172 656 17720 1716 -1345 375 END
START -332 508 18112 1764 -1105 262 END
START -288 428 18344 1664 -1129 244 END
START -464 344 18708 1548 -1687 92 END
START -140 124 18872 1342 -2236 58 END
START -236 4 19316 1172 -2681 202 END
START -360 -68 19872 1195 -3193 315 END
START -648 -100 21112 1520 -3375 279 END
START -1012 -288 22276 1797 -3274 145 END
START -480 -164 23648 1910 -3006 185 END
START -400 108 24972 1503 -2760 463 END
START -400 -904 25656 1298 -1865 699 END
START -548 -164 25696 573 -1097 948 END
START -724 -348 25016 -234 -514 1056 END
START -536 12 24560 -880 -38 1095 END
START -732 -16 24096 -859 519 1094 END
START -624 -96 23380 -504 993 1089 END
START -140 204 22856 478 1880 1080 END
START -428 416 22828 1568 2914 1015 END
START -676 804 23272 2040 3583 885 END
START -788 1264 24028 1340 3436 658 END
START -344 1304 23992 -19 3271 630 END
START -328 856 23168 -859 3831 1034 END
START -536 952 22664 -1391 4412 1481 END
START -768 1012 22588 -1609 5239 1652 END
START -848 1448 21920 -1225 6642 1574 END
START -684 1436 20996 -88 8392 1290 END
START -668 1484 20204 646 10336 1331 END
START -772 1992 19612 2284 10961 1016 END
START -700 2024 19664 2745 11218 774 END
START -760 2224 19696 2347 11406 623 END
START -644 2236 19804 1197 11463 614 END
START -1000 2368 19144 -558 11336 875 END
START -1136 2032 17340 -1429 11078 989 END
START -1044 2952 17300 -2787 11362 1181 END
START -1580 1868 16532 -3346 10991 1203 END
START -3464 -64 8868 -1702 11106 769 END
START -1712 4312 20804 -4494 10732 1269 END
START -1904 3552 21200 -4303 12267 610 END
START -2536 2416 16084 -2178 13192 -633 END
START -2136 3012 17480 -4097 12355 -397 END
START -2788 3040 17436 -3764 13203 -915 END
START -3184 2728 15612 -2061 12817 -1889 END
START -3064 2296 16212 -2573 12680 -2364 END
START -2424 1436 14232 -1863 12749 -2343 END
START -3000 1696 14944 -1740 12113 -2040 END
START -3444 2216 14988 -2907 9191 -2145 END
START -3836 2884 14656 -4479 6607 -2546 END
START -4200 3196 13800 -5284 5325 -3246 END
START -4824 3168 12748 -5333 6161 -4043 END
START -5484 3932 12976 -4928 7262 -5061 END
START -5392 3500 12084 -4415 6334 -6621 END
START -5136 2964 11928 -3897 7614 -7482 END
START -4768 2392 11856 -3449 8307 -7755 END
START -5460 2612 12984 -3094 7062 -7708 END
START -5092 2024 12132 -3127 5826 -7453 END
START -5504 2448 11640 -3672 4665 -7303 END
START -5544 2412 10740 -4129 3264 -7637 END
START -6168 2644 10764 -4005 2606 -8165 END
START -6300 2300 11368 -3625 1527 -9332 END
START -5356 1536 11492 -3362 1724 -10045 END
START -5292 680 11280 -3058 1542 -10107 END
START -4692 -276 10744 -2416 1928 -9927 END
START -4456 -1636 10676 -1562 2293 -8906 END
START -4528 -2180 10204 -856 1511 -7799 END
START -3912 -2772 9216 455 1275 -6866 END
START -3824 -3376 9240 2004 1183 -5957 END
START -4100 -3324 10068 2474 521 -5550 END
START -4008 -3344 10436 1814 -746 -5855 END
START -3572 -4212 9860 1387 -1574 -6173 END
START -2540 -4924 9560 1815 -2165 -5591 END
START -2128 -5356 9296 2469 -2143 -4437 END
START -2128 -5624 9508 3318 -2678 -3157 END
START -2424 -5404 9568 4090 -3433 -1980 END
START -3468 -5380 9884 4317 -4336 -1218 END
START -4312 -5360 10488 4086 -5583 -949 END
START -4616 -5480 11088 3579 -6659 -1151 END
START -4892 -5848 11724 3547 -7510 -1265 END
START -5060 -5664 13232 4041 -8058 -1037 END
START -5152 -4980 15152 4287 -9004 -673 END
START -5624 -4644 16192 5220 -10874 -449 END
START -6136 -3892 18772 5667 -11607 -308 END
START -6444 -3816 19952 6710 -11469 -197 END
START -7612 -2708 22540 7175 -11406 -581 END
START -7104 -2160 24616 6016 -11178 -1328 END
START -6908 -2248 26352 5676 -11049 -2069 END
START -6096 -2144 28432 4526 -8671 -2300 END
START -5408 -2192 29168 1731 -7102 -2232 END
START -4504 -2224 29368 451 -4136 -1937 END
START -3704 -2524 29524 -257 -1533 -1456 END
START -3440 -2920 30132 -1464 -65 -862 END
START -2948 -3224 28732 -2267 2029 105 END
START -3052 -3040 27124 -2756 3675 892 END
START -3396 -3096 25176 -2944 4844 1536 END
START -3688 -2784 23480 -2629 6147 2116 END
START -3680 -2712 21220 -2717 6830 2545 END
START -4344 -2252 19256 -2757 7325 2743 END
START -3880 -2484 18340 -2425 7058 2738 END
START -3936 -2432 17164 -2278 6235 2442 END
START -3740 -2904 15884 -3335 5687 2332 END
START -3256 -2456 16360 -4810 6094 2539 END
START -2612 -2932 15484 -4732 5483 2539 END
START -2604 -3856 14312 -4605 6384 3004 END
START -3092 -3808 14292 -3693 5952 3451 END
START -2856 -4084 13308 -3334 4471 3799 END
START -3024 -4100 13240 -3155 3915 4221 END
START -3880 -4048 13188 -3121 2538 4330 END
START -3596 -4012 13172 -3233 2146 4326 END
START -3704 -4076 12944 -3401 1589 4495 END
START -3584 -3780 13128 -3484 1069 4741 END
START -3724 -3804 13224 -4000 9 4892 END
START -3920 -3868 13448 -4213 -860 5137 END
START -4204 -4248 14308 -4782 -1788 5404 END
START -4516 -4604 14652 -5155 -2137 5589 END
START -3968 -4708 15084 -5329 -2629 5782 END
START -3836 -4880 15408 -5344 -2606 6040 END
START -3892 -4772 15844 -5191 -2272 6378 END
START -4120 -4972 15472 -4615 -1564 6978 END
START -4532 -4436 16360 -4219 -1052 7704 END
START -5068 -4144 16576 -4646 -794 8046 END
START -5372 -4064 15836 -5020 -296 8543 END
START -5788 -3696 15072 -4810 -186 8901 END
START -5828 -3316 14384 -4410 -491 8730 END
START -5788 -3300 13716 -3588 -562 8995 END
START -6620 -2964 14124 -2650 -1030 9473 END
START -6908 -2444 14148 -2398 -1221 9773 END
START -7680 -1868 14080 -2370 -1927 9744 END
START -7672 -964 13632 -2317 -2278 9266 END
START -8340 -768 13684 -2540 -2876 8562 END
START -8080 -652 14040 -2613 -4288 7828 END
START -7628 -656 14196 -2827 -4490 7308 END
START -7364 -1176 13748 -2643 -4388 7429 END
START -7416 -952 13236 -1720 -4289 7701 END
START -7712 -256 13332 -1034 -4529 7638 END
START -7876 312 13276 -648 -5296 6867 END
START -7600 436 13364 -174 -5817 6138 END
START -7572 476 13992 453 -5726 5695 END
START -7196 584 14512 683 -5347 5289 END
START -6952 1024 14284 874 -5164 4910 END
START -6512 2056 14876 1365 -5882 4389 END
START -6448 608 12452 3220 -11270 3342 END
START -6244 2940 15764 2071 -9208 2463 END
START -6192 2108 16504 3494 -8417 1874 END
START -6160 3048 17476 5070 -7762 1476 END
START -6396 4148 17860 7593 -8260 791 END
START -6700 5548 18208 9782 -8867 -121 END
START -6856 7708 18168 11220 -9361 -1405 END
START -2708 7276 32164 9601 -7056 -1736 END
START -4616 14940 22380 1201 -3060 -3491 END
START -8200 9856 21192 3112 -4210 -6093 END
START -5612 8848 20348 1509 -3178 -5668 END
START -6352 8904 21288 2089 -2853 -8350 END
START -4312 8816 19656 877 -3246 -9144 END
START -4484 8364 19768 1258 -2284 -9967 END
START -4244 8788 19572 1257 -1835 -11082 END
START -4372 8840 19208 1671 -1075 -12812 END
START -3432 8196 18976 2332 -375 -14648 END
START -2840 6896 18216 2431 -20 -15593 END
START -1992 5592 18360 2514 -519 -16389 END
START -1224 4196 17672 1555 -1397 -16478 END
START -648 3204 18056 1036 -2376 -16467 END
START -36 1992 18000 1051 -2525 -16412 END
START 1112 48 17580 1927 -1840 -15944 END
START 1368 -124 17960 3254 -741 -14954 END
START 672 132 19012 3173 -392 -14910 END
START 332 -612 19496 2063 -775 -15362 END
START 468 -1688 18688 -353 -2346 -15662 END
START 816 -2560 17320 -1394 -2013 -15838 END
START 1620 -4100 18844 -1539 -1200 -16197 END
START 3296 -6968 18428 -903 974 -15562 END
START 3252 -8704 16140 -34 2910 -13723 END
START 4332 -8104 24056 956 3287 -11491 END
START 3460 -8000 20704 252 1526 -9744 END
START 3312 -10848 18492 686 -228 -9091 END
START 3084 -9948 19536 -634 -1024 -8226 END
START 3804 -10732 20332 -552 -820 -7725 END
START 4144 -12096 19668 -778 667 -6400 END
START 4312 -13096 19300 -268 1743 -4603 END
START 3668 -13656 18992 74 1564 -2771 END
START 3532 -12736 19388 -23 1296 -1116 END
START 3248 -11036 18728 583 1019 564 END
START 2672 -11044 18448 679 444 2086 END
START 1908 -9852 18596 248 70 3448 END
START 892 -8268 18648 -409 -152 4498 END
START -64 -7024 18848 -780 179 5098 END
START -940 -5924 18412 -1182 876 5404 END
START -1488 -4568 17552 -647 1236 5329 END
START -1540 -3912 17672 -381 870 5098 END
START -2052 -3036 17432 -383 222 4952 END
START -2288 -2472 17536 -342 -457 4845 END
START -1684 -1612 17092 234 -720 4748 END
START -2032 -1096 17468 668 -1081 4784 END
START -2552 -604 17824 -135 -2643 4767 END
START -2120 516 18344 1442 -2550 4695 END