START 184 1980 21736 -158 -1901 469 END
START 292 3124 23596 -863 -1848 838 END
START -932 664 19528 807 -1250 -427 END
START -308 1084 22604 835 -656 225 END
START -124 1848 23024 888 -419 87 END
START 228 1696 23472 1280 -109 -215 END
START 776 1076 23792 611 482 -267 END
START 1344 1080 24080 908 1012 -267 END
START 1316 304 24408 733 1341 58 END
START 1432 516 24884 262 1366 617 END
START 828 656 25600 -110 1666 1144 END
START 472 932 25388 -784 2291 1633 END
START -72 1264 25504 -559 2994 1679 END
START -224 1456 25844 -290 4342 1768 END
START -360 1776 25456 -7 6127 1905 END
START -68 2188 25324 251 7594 1829 END
START -100 2660 24756 363 8929 1741 END
START -236 2548 23428 442 10153 1642 END
START -100 2776 22472 891 10759 1381 END
START -320 2528 21964 959 10594 1143 END
START -76 3388 21160 449 10586 938 END
START -472 3308 20788 183 10118 461 END
START -520 3108 20676 -696 9676 99 END
START -412 2876 20600 -1385 9825 -112 END
START -628 2524 20088 -2514 10141 80 END
START -436 3188 19260 -2354 10604 250 END
START -672 3052 19388 -2010 11493 192 END
START -712 3732 18736 -2539 12531 302 END
START -892 4012 17956 -2495 13220 71 END
START -1080 4280 17100 -2906 13973 -280 END
START -1688 3668 16848 -3120 13942 -895 END
START -1920 4184 16016 -3960 13612 -1346 END
START -1644 3976 17628 -6307 13351 -1533 END
START -2220 3628 15728 -5472 12844 -2518 END
START -2364 5516 19580 -6222 12447 -2791 END
START -1668 4244 16392 -6526 12644 -3119 END
START -2956 4836 14276 -6462 10535 -3871 END
START -3028 4012 14396 -6142 10809 -4963 END
START -3028 3636 12804 -6731 10663 -5586 END
START -2440 2260 10824 -4929 12009 -6087 END
START -3280 2744 10816 -4715 11827 -6024 END
START -4972 3728 13256 -6435 11303 -6047 END
START -3736 2520 9892 -5692 5365 -6934 END
START -3388 1532 9116 -6098 3645 -6927 END
START -3340 980 8520 -6406 3391 -6737 END
START -4788 2072 8968 -7126 3233 -7573 END
START -4720 2388 8436 -7331 4487 -8679 END
START -3940 732 7100 -5176 3861 -8692 END
START -3908 104 6900 -2746 922 -8901 END
START -3176 -704 7464 -1450 288 -8773 END
START -3172 -1248 7496 -777 -709 -8359 END
START -2672 -1964 7972 -105 -521 -7587 END
START -2564 -2728 8208 435 -648 -6696 END
START -2516 -3096 8460 793 -932 -5887 END
START -2796 -2888 8748 879 -1257 -5285 END
START -2992 -3036 8604 1372 -2128 -5025 END
START -2664 -3588 8328 2816 -2324 -4702 END
START -2748 -3596 9000 4089 -2696 -4201 END
START -3004 -3388 10076 4625 -3514 -3978 END
START -2932 -3104 10872 4269 -4470 -3809 END
START -3372 -3784 11588 3781 -5434 -3718 END
START -2704 -4308 11808 3988 -5679 -3232 END
START -3264 -4464 13128 4615 -5548 -2044 END
START -4488 -4000 14972 4592 -7144 -1239 END
START -4640 -2900 15604 4739 -9794 -1392 END
START -5052 -2628 16216 6286 -9724 -1560 END
START -5660 -2116 19508 6917 -9883 -2111 END
START -4728 -2368 21360 7588 -9823 -3199 END
START -4564 -3264 24204 7148 -9913 -3764 END
START -3748 -4064 25620 6371 -9368 -4080 END
START -1904 -4640 27072 4586 -8415 -3790 END
START -472 -5752 28776 1603 -6930 -2643 END
START 468 -6956 29588 -1223 -5626 -951 END
START 1076 -8144 29976 -2400 -3553 718 END
START 1052 -8308 29820 -3539 -1651 2557 END
START 872 -8484 28860 -4362 346 4186 END
START 744 -8504 27064 -4938 2222 5518 END
START 392 -8252 24820 -4817 3451 6771 END
START -96 -7744 22900 -4179 4042 7700 END
START -472 -7408 21784 -4346 4494 8742 END
START -1580 -7636 20044 -4557 5291 9963 END
START -2176 -6808 18572 -4620 5911 11201 END
START -2852 -5860 16892 -4298 6117 12129 END
START -3348 -5068 15380 -3515 6077 12842 END
START -4200 -3840 14548 -1899 6853 12917 END
START -4828 -2940 13120 -2972 4701 13095 END
START -5560 -2428 13152 -2586 2806 12659 END
START -5932 -1416 12872 -3067 2011 12073 END
START -6100 -864 13136 -4004 939 11599 END
START -6476 -408 12344 -4558 -212 11139 END
START -6656 -360 12608 -4694 -1780 10611 END
START -6376 236 13184 -4337 -2541 10122 END
START -7104 416 13792 -4735 -3259 9337 END
START -6628 120 13828 -4804 -3226 8652 END
START -6440 -392 13596 -3951 -2490 8472 END
START -6156 -356 13612 -2274 -1831 8579 END
START -5848 48 14348 -1314 -1575 8577 END
START -6016 640 14620 -1221 -1868 8547 END
START -5908 1352 14888 -1023 -2922 8053 END
START -5712 1564 15288 -896 -3213 7591 END
START -5732 1948 16128 -908 -3534 7154 END
START -5188 2192 16612 -1169 -3950 6177 END
START -4316 1992 16976 -1320 -3732 5506 END
START -3752 1716 17312 -591 -3435 5106 END
START -3260 1788 17660 153 -2883 4998 END
START -3096 2160 18572 398 -2028 5199 END
START -3088 2992 18820 442 -1473 5365 END
START -3568 4040 18664 444 -963 5258 END
START -3436 5412 18116 605 -530 5011 END
START -4008 6416 17768 845 -402 4510 END
START -4696 7480 18044 966 -766 3554 END
START -5476 7896 17728 2469 -1373 1948 END
START -5472 8820 17684 3432 -2027 515 END
START -5848 7764 15248 3460 -3836 -666 END
START -6064 9904 18024 4537 -2843 -1900 END
START -5432 9844 15036 6065 -2837 -3202 END
START -5984 10456 15668 7917 -2786 -4931 END
START -2280 12112 15652 3894 983 -5634 END
START -6540 10584 16376 2608 -484 -7005 END
START -6156 11892 16688 4093 74 -8987 END
START -7608 7524 4972 -1214 1218 -9192 END
START -6748 10024 14824 1949 -2731 -11758 END
START -6892 10808 14556 -32 -2334 -13520 END
START -6672 9076 14632 1198 -2576 -15847 END
START -5932 8728 15228 1657 -3194 -17678 END
START -4824 7032 15648 1570 -4175 -19416 END
START -3932 5184 15184 1725 -4854 -20609 END
START -2616 2552 15724 2867 -4702 -20886 END
START -1640 532 17048 3789 -4159 -20431 END
START -3744 -2684 12636 5479 -2698 -20383 END
START 376 -2652 19308 6560 -2244 -18791 END
START 912 -3632 18728 4639 -3008 -17779 END
START 2420 -5496 18968 4432 -4015 -16912 END
START 3452 -6764 20160 3519 -4738 -15574 END
START 4212 -8748 21648 1636 -4608 -14041 END
START 5256 -9432 21980 678 -3651 -12357 END
START 5804 -10972 23816 254 -2798 -10676 END
START 6472 -11184 22804 -708 -1060 -8606 END
START 5736 -11468 22232 -21 163 -6546 END
START 4512 -11932 22480 2212 1759 -5501 END
START 4004 -11592 21816 370 581 -3523 END
START 3648 -10256 21900 639 430 -2179 END
START 3192 -8984 21340 41 1218 -636 END
START 2240 -7832 20572 -270 1781 382 END
START 1332 -6592 19844 -274 1838 772 END
START 256 -5852 19700 -753 1844 1083 END
START -16 -5288 18692 -1612 1692 1400 END
START -500 -4668 17896 -1520 1757 1684 END
START -972 -4368 17596 -1408 1742 2077 END
START -948 -3508 17512 -1365 1752 2352 END
START -1040 -2876 17056 -1209 1643 2562 END
START -1472 -2316 17112 -987 1636 2782 END
START -1776 -2032 17572 -1197 1676 3034 END
START -1692 -1884 17332 -1474 1536 3324 END
START -2008 -724 17612 -909 1068 3358 END
START -2980 -780 16868 -1679 855 2995 END
START -2736 -376 16576 -2113 367 2380 END