START 1512 1908 20552 2370 -1442 944 END
START 3000 3156 21528 1607 -1597 1288 END
START 2304 3052 23752 2372 -1643 1045 END
START 520 1212 22604 2377 -1893 628 END
START 912 1920 22604 1818 -1633 894 END
START 828 1540 23620 1061 -1451 996 END
START 932 1696 24220 454 -1343 924 END
START 1224 1540 24500 250 -1196 742 END
START 1328 900 25248 54 -612 691 END
START 1428 680 25372 84 295 966 END
START 1476 1896 25848 -222 1253 1366 END
START 1016 256 26360 75 2947 1678 END
START 1204 1428 25628 23 4137 1980 END
START 1104 1672 25036 898 5050 1951 END
START 824 1888 24880 535 5816 1988 END
START 300 2644 24124 1046 6512 1568 END
START -92 2436 23716 1221 6751 861 END
START 404 2680 23152 978 7006 402 END
START 432 1952 22728 783 7416 300 END
START 652 2104 22548 303 7691 484 END
START 792 2008 21640 -55 8157 1009 END
START 476 2356 21560 -305 8443 1329 END
START 252 2620 20692 -454 8671 1380 END
START 104 2872 19816 -12 9276 1249 END
START -112 3004 19852 424 9784 1089 END
START -388 3372 19812 411 10363 754 END
START -848 3732 19832 -511 10584 219 END
START -620 3696 19060 -2126 10526 -304 END
START -600 3816 17320 -2225 10463 -777 END
START -644 3584 16960 -1575 9705 -1236 END
START -836 3572 17980 -1640 9580 -1424 END
START -1052 3500 17944 -1709 10133 -1531 END
START -1140 3880 17608 -1751 11641 -1593 END
START -1792 3372 17676 -1624 12622 -1802 END
START -2200 3880 17188 -2179 12995 -2121 END
START -2172 4200 15948 -3380 13891 -2545 END
START -2520 4896 14892 -5442 13474 -2939 END
START -2752 2532 14240 -4120 12731 -3925 END
START -2896 5932 18460 -4612 12033 -4448 END
START -2464 3388 16272 -4743 12423 -4285 END
START -2216 4776 15036 -4218 11106 -4370 END
START -3172 2780 14416 -4182 9103 -4627 END
START -3100 3620 13048 -4042 7936 -5049 END
START -3364 3572 12144 -4643 6037 -5487 END
START -3880 3392 12360 -5736 5330 -5986 END
START -3744 3536 11572 -6247 5079 -6801 END
START -4092 2312 11656 -5626 5588 -7481 END
START -3664 2560 10888 -5513 6309 -7806 END
START -2968 1452 10228 -4676 7186 -7925 END
START -1660 1532 9144 -3766 6582 -7262 END
START -2868 -132 10136 -2028 4601 -6679 END
START -3312 1172 9380 -1974 2351 -6553 END
START -3128 196 9120 -2125 2698 -6181 END
START -3648 500 8292 -2042 2025 -6351 END
START -3908 -40 8784 -1960 835 -6631 END
START -3624 -740 8284 -1530 -845 -7063 END
START -3180 -1548 8412 -397 -1442 -7328 END
START -2912 -1956 8660 627 -1160 -7166 END
START -2576 -2576 9660 912 -1253 -6705 END
START -2092 -3008 9296 1108 -1295 -5836 END
START -2248 -3256 9060 1821 -1055 -4889 END
START -2376 -3592 8904 2780 -1519 -3996 END
START -2932 -3644 9688 3298 -2958 -3451 END
START -3476 -3500 10624 3296 -4811 -3347 END
START -3488 -3280 11588 2972 -6274 -3282 END
START -3760 -3168 12696 2692 -7409 -3335 END
START -3248 -3180 13992 2507 -7987 -3267 END
START -3444 -3884 13944 2491 -9617 -3143 END
START -4112 -2992 16600 2113 -9555 -3079 END
START -3724 -2844 16604 3220 -9707 -3101 END
START -4100 -3192 17504 5196 -9343 -2689 END
START -4992 -3528 19920 5825 -9999 -2784 END
START -4936 -3740 21596 6602 -11149 -3384 END
START -3636 -3804 24556 6284 -11349 -3425 END
START -2836 -3432 27928 5959 -10734 -3057 END
START -1984 -3692 30232 5378 -11481 -2889 END
START -488 -4072 30488 3951 -10571 -2480 END
START -1936 -5388 32767 -1850 -4725 -1533 END
START 624 -5864 30260 -4549 -3047 -41 END
START 1984 -6164 29640 -3496 271 975 END
START 1868 -7272 27096 -4135 1695 2567 END
START 1728 -7352 25588 -3544 3489 4218 END
START 904 -6716 23788 -3845 4495 5793 END
START -68 -6040 21880 -4493 4918 6704 END
START -344 -5156 20320 -4926 5636 7195 END
START -588 -4480 19280 -5555 6079 7510 END
START -540 -4664 17696 -5987 6529 7832 END
START -1136 -5288 16304 -5830 7213 8307 END
START -1552 -6448 12876 -5677 6532 9077 END
START -1872 -5420 14576 -3550 5642 9466 END
START -1804 -4576 14660 -4445 4490 10818 END
START -2732 -3956 14688 -4107 1962 11679 END
START -3000 -3084 14108 -3990 1038 11962 END
START -3732 -2600 13768 -4112 873 11890 END
START -4472 -2088 13360 -3446 1003 11402 END
START -4668 -1672 13548 -2881 771 10947 END
START -5112 -1164 13848 -2742 460 10746 END
START -5592 -1208 13944 -2880 -90 10435 END
START -5724 -884 14076 -3097 -740 10131 END
START -5808 -616 14192 -3804 -1642 9836 END
START -5708 -888 14140 -4296 -2437 9272 END
START -5544 -956 14036 -4018 -2717 9071 END
START -5960 -724 14224 -3155 -2740 9005 END
START -6304 -584 15052 -2341 -2496 8647 END
START -5600 -96 15344 -1643 -2086 8725 END
START -5424 72 15012 -645 -1405 8782 END
START -5484 972 15068 454 -1143 8686 END
START -5460 1720 15644 1086 -1272 8197 END
START -5328 2176 15916 1005 -1709 7503 END
START -4912 2596 16052 950 -2445 6475 END
START -4216 2604 16808 966 -2710 5587 END
START -3632 2124 17612 859 -2798 5191 END
START -2804 2200 17888 735 -2776 5174 END
START -1988 2312 18012 995 -2111 5680 END
START -2340 3116 18600 1504 -1494 6506 END
START -2736 4508 18928 2065 -1028 6851 END
START -3480 6196 18780 2590 -575 6561 END
START -3824 8184 18320 3401 -300 5773 END
START -5256 10580 19912 3691 -556 4343 END
START -5560 9912 15136 5543 -1319 1968 END
START -5920 11240 17728 6034 -977 5 END
START -5880 10952 15860 7040 -764 -1633 END
START -6504 11580 16948 8115 -1449 -3195 END
START -6112 14308 17968 602 2121 -3420 END
START -2564 13668 22836 2712 -3985 -3951 END
START -6020 14320 15772 -1095 -1720 -6866 END
START -5996 12868 15000 -2301 -3111 -9144 END
START -6156 12080 15828 -1580 -2705 -11944 END
START -5648 11256 15436 -1237 -1785 -14375 END
START -5260 9400 15316 -227 -1790 -16120 END
START -4644 8324 15460 157 -2146 -17437 END
START -3468 6992 16024 26 -2769 -18316 END
START -2432 5892 15016 57 -3265 -18853 END
START -1632 4680 15360 395 -3335 -19230 END
START -2164 3204 15724 786 -3266 -19563 END
START -2392 1084 15156 1295 -3513 -20049 END
START -1408 -452 15808 2774 -3712 -20421 END
START -148 -3172 16044 3698 -2181 -20143 END
START 896 -5036 18060 4672 -3124 -19402 END
START 1976 -6160 19104 3413 -3743 -18045 END
START 3712 -7944 19156 1905 -4209 -16357 END
START 4936 -9232 20464 293 -3408 -14137 END
START 4876 -11236 20848 -758 -2336 -11967 END
START 5348 -12344 21400 -440 -1086 -10201 END
START 5852 -10884 21264 2011 1076 -8951 END
START 5356 -14180 22056 -738 -871 -6807 END
START 5196 -11020 22408 809 -1984 -6301 END
START 5232 -12692 22416 10 -972 -4559 END
START 4844 -11584 21728 -212 24 -2639 END
START 4336 -11060 21808 -155 1131 -768 END
START 3420 -9644 20664 -937 1978 775 END
START 2628 -8780 19984 -1030 2268 1933 END
START 1388 -7292 18792 -1565 2163 2852 END
START 236 -5976 18440 -1427 1921 3037 END
START -292 -4804 17944 -1924 1568 2849 END
START -648 -3832 17652 -1803 1427 2474 END
START -572 -3648 16896 -1199 1246 2442 END
START -744 -3532 16336 -742 1345 3045 END