START -932 536 19160 -3176 7946 957 END
START -848 628 18924 -3277 8117 1018 END
START -728 752 18640 -3340 8360 1067 END
START -892 1260 17040 -3106 8620 1124 END
START -1252 1560 16304 -2052 8428 984 END
START -2064 1396 15996 -844 7751 99 END
START -1864 1780 16152 -689 7232 -569 END
START -2052 1152 16412 -477 6641 -1191 END
START -1364 1036 17240 -1327 6858 -1311 END
START -1248 584 16936 -2734 8242 -801 END
START -1384 700 16620 -3600 9544 -266 END
START -1720 984 16256 -4009 10214 23 END
START -2052 536 14444 -3677 10336 190 END
START -664 6256 27172 -3065 10611 254 END
START -2984 2572 18160 -2769 8589 -663 END
START -3016 4684 19796 -3876 7087 -1561 END
START -3872 2592 16000 -3935 6215 -3091 END
START -3168 1956 16200 -6166 6892 -3618 END
START -2856 600 14208 -6533 8245 -3796 END
START -4496 816 17216 -5132 11885 -3847 END
START -3164 852 14908 -3072 10519 -3321 END
START -3580 1336 14688 -2908 10497 -3298 END
START -3832 2120 13792 -3110 8081 -3669 END
START -4212 2124 12628 -3382 7346 -4194 END
START -4924 2268 12228 -4058 5986 -5301 END
START -4772 2168 11596 -4480 5823 -6553 END
START -4124 1224 10664 -3968 6615 -7233 END
START -3232 296 8988 -3056 4756 -7154 END
START -3968 684 10780 -2594 2957 -6760 END
START -5584 788 9772 -3298 1692 -7490 END
START -3644 392 9616 -3358 2011 -7252 END
START -4380 260 10548 -3147 2127 -6830 END
START -4808 212 11056 -2767 -1018 -7014 END
START -4432 104 10396 -1989 -1077 -6980 END
START -4292 -208 10644 -842 -1004 -7082 END
START -4052 -616 11132 160 -40 -7133 END
START -3896 -1236 11892 519 -87 -6845 END
START -4008 -1820 12248 459 512 -6339 END
START -3604 -2100 11624 432 597 -5681 END
START -3448 -2380 11056 871 397 -4943 END
START -3484 -2540 10932 1413 -395 -4409 END
START -3340 -2536 11048 1848 -993 -4094 END
START -3404 -3012 11148 2329 -1562 -4158 END
START -3672 -3252 11748 2739 -1826 -4156 END
START -3624 -3284 12652 2667 -2238 -4309 END
START -3552 -3832 12624 2365 -2443 -4449 END
START -3040 -4476 11940 2715 -2241 -4218 END
START -2572 -5024 11512 3810 -1912 -3286 END
START -2728 -5312 11876 4720 -2165 -2093 END
START -2952 -5352 13228 4784 -4398 -1306 END
START -2860 -4724 13608 4863 -4954 -499 END
START -2808 -3832 14380 5121 -8488 -316 END
START -2948 -4044 14428 5141 -9491 -497 END
START -3684 -4296 14904 4267 -10192 -833 END
START -3956 -4396 13816 5545 -10307 -1415 END
START -4596 -4992 15840 5627 -9640 -1452 END
START -4848 -5624 18324 7056 -9421 -1442 END
START -4624 -4528 20656 6623 -9800 -1116 END
START -4476 -4172 22360 7658 -9711 -1048 END
START -3648 -3220 25572 7406 -9941 -932 END
START -3128 -3152 26888 6227 -10785 -897 END
START -2904 -2896 28652 5514 -10608 -589 END
START -3356 -3708 23988 3762 -9076 -293 END
START -2712 -3428 29480 -1558 -3510 1199 END
START -1816 -2908 28840 -219 -803 1178 END
START -2208 -2508 28540 -1473 -97 1597 END
START -2012 -2264 26884 -1133 1568 1703 END
START -2556 -2168 25384 -1402 2810 1929 END
START -2652 -2032 24464 -1925 3741 2068 END
START -2668 -2088 22076 -2483 4621 2422 END
START -2584 -1936 20692 -2494 5003 2841 END
START -2732 -2008 18852 -2534 5181 3018 END
START -2736 -1972 17684 -3118 4409 3059 END
START -2616 -2472 16628 -4036 3828 3149 END
START -2404 -2728 16508 -4717 3587 3417 END
START -2976 -4832 14316 -3976 4626 3245 END
START -2444 -4592 13812 -4478 4073 3893 END
START -2620 -3916 15596 -3408 4473 4087 END
START -2312 -3800 15744 -3959 2779 4454 END
START -2300 -3540 15940 -3323 2431 4607 END
START -3264 -4688 14536 -4389 1123 4722 END
START -3180 -4532 13988 -3278 825 4414 END
START -3244 -4752 14352 -2871 -483 4207 END
START -2728 -5132 14392 -2340 -510 4201 END
START -2456 -5380 14692 -2114 -598 4607 END
START -2196 -5672 15124 -2310 -775 5153 END
START -2316 -5668 15168 -3296 -1558 5827 END
START -1976 -6016 14596 -3726 -2585 6286 END
START -1884 -6692 14956 -3190 -3064 6822 END
START -1000 -6816 15496 -2741 -3013 7423 END
START -904 -6936 16200 -2163 -3000 8479 END
START 48 -6660 16960 -1437 -2375 9666 END
START -284 -5796 17396 -1320 -1760 10974 END
START -796 -4760 17636 -693 -1402 11826 END
START -572 -3368 17744 -496 -767 12567 END
START -1208 -2060 17888 -587 -767 13071 END
START -2100 -368 17724 -790 -797 13080 END
START -3548 1284 18196 -1426 -1121 12508 END
START -3984 2420 17492 -1633 -1366 11444 END
START -4460 3012 17508 -1548 -1002 10900 END
START -4400 3360 17272 -1014 -1129 10211 END
START -4156 3928 17144 -572 -701 9736 END
START -4368 4344 17508 -168 -785 9532 END
START -4180 5204 17672 -170 -481 9578 END
START -5048 6120 17612 -317 -206 9302 END
START -5812 6920 17044 -336 459 8215 END
START -5996 7576 16852 -725 854 6953 END
START -6236 7316 16396 -1321 177 5374 END
START -6588 6484 15924 -950 -725 3748 END
START -6036 5552 16064 -198 -1110 2229 END
START -5256 4888 16500 471 -565 1717 END
START -4484 4872 16924 1046 -141 2007 END
START -4888 5516 16840 1251 -6 2321 END
START -5260 6888 16928 1192 65 2201 END
START -5992 8460 16148 1744 -71 1144 END
START -6472 8736 14804 4002 -583 -951 END
START -6924 9916 14604 6801 -791 -3349 END
START -7996 8544 12112 5535 -5840 -5749 END
START -6444 10236 16772 9224 -2791 -8016 END
START -6120 8860 17020 6785 -2966 -10047 END
START -6668 10348 16204 1611 -1160 -9808 END
START -5472 7804 18916 643 -3926 -11339 END
START -5856 9140 17296 -256 -2906 -11567 END
START -5184 9692 18868 -1104 -3299 -12667 END
START -5404 9620 19140 -1323 -3309 -14784 END
START -5772 8068 19416 -1463 -2743 -16627 END
START -5128 6608 19440 -482 -1434 -18102 END
START -4564 5008 19512 50 -207 -19147 END
START -3700 3428 18028 280 549 -19772 END
START -2332 1356 16300 809 203 -20075 END
START -768 -1080 15276 1430 -235 -19828 END
START 520 -3044 15664 1434 -680 -18735 END
START 1616 -4764 16076 902 -851 -17808 END
START 3016 -6144 17324 265 -469 -16831 END
START 3208 -7136 18196 238 -1693 -16284 END
START 4624 -8556 19052 -963 -2204 -15596 END
START 5916 -10424 19640 -1144 -1783 -14242 END
START 6252 -12464 17072 -62 -56 -12315 END
START 6568 -15820 18664 13 833 -9772 END
START 7136 -11796 20896 671 2065 -7095 END
START 6052 -14572 20108 1078 2352 -4415 END
START 5544 -11044 19124 1612 2136 -1898 END
START 4336 -10784 19776 2294 1048 -763 END
START 3184 -9352 19792 259 866 32 END
START 2204 -8696 19256 -590 846 516 END
START 1568 -8520 18688 -850 1071 1097 END
START 1004 -7632 18184 -778 1574 1879 END
START -76 -6480 17712 -522 1820 2732 END
START -1016 -5124 17360 -278 1703 3193 END
START -1944 -3772 17348 -182 1326 3210 END
START -2660 -3048 17144 -421 678 2793 END
START -2772 -2472 17552 -548 426 2416 END
START -2736 -1860 16748 -314 227 2120 END
START -3204 -1784 17184 -6 560 1791 END
START -3040 -1260 16220 -185 413 1866 END
START -3464 -1184 16108 -353 436 1688 END
START -3616 -1072 15928 -631 52 1601 END
START -3444 -1324 15936 -1186 -559 1574 END
START -3184 -964 16492 -615 -960 1230 END
START -3072 -1216 16956 -486 -1363 1163 END
START -2940 -820 17384 -159 -1668 1225 END
START -3040 -788 17752 -16 -1898 1085 END
START -2848 -516 18612 321 -2429 732 END
START -2952 -872 17376 11 -1353 909 END
START -2780 -392 17712 248 -1053 726 END
START -2532 -1056 16992 -300 -389 788 END
START -2588 -316 16836 490 -45 797 END