START 892 1332 19952 1176 -1055 1423 END
START -3288 236 18712 1685 -3581 471 END
START 1136 2112 22992 1865 -2079 1417 END
START 512 1472 18900 2277 -1448 1636 END
START 460 1568 19556 2876 -2235 1729 END
START 192 2052 20360 3014 -1908 1548 END
START -152 2132 21176 3235 -1443 1225 END
START -76 2372 21876 3288 -1288 836 END
START 312 2908 22556 2991 -1415 532 END
START 116 2664 23768 2243 -2118 173 END
START 488 2540 24588 1071 -2659 120 END
START 1064 1868 25140 523 -2503 255 END
START 1476 1316 25440 521 -1906 392 END
START 1356 936 25868 720 -1091 581 END
START 1900 496 27184 965 266 860 END
START 1672 1172 27412 1193 1651 962 END
START 1636 1852 27808 684 3447 882 END
START 1540 2008 27188 258 5005 705 END
START 1748 2052 25992 77 6627 705 END
START 1828 2312 25124 157 7815 886 END
START 1480 2452 24248 122 8645 903 END
START 1084 2652 23432 318 9439 732 END
START 676 2732 22696 375 9955 518 END
START 1040 3160 22052 530 10115 370 END
START 808 2904 21544 93 10252 413 END
START 188 3180 21496 -1338 10312 683 END
START 444 3544 21200 -2638 11043 710 END
START 52 1584 19396 -1887 11353 518 END
START 392 3196 19276 -2161 11619 848 END
START 184 2628 18328 -1674 12089 674 END
START -144 3564 18024 -481 12714 37 END
START -364 2604 17680 -118 12589 -544 END
START 216 3092 17448 -583 12632 -895 END
START -204 2484 17004 -1424 12857 -945 END
START -364 2728 16692 -3344 12725 -574 END
START -620 2568 16648 -3150 12304 -549 END
START -560 1704 15924 -3477 12323 -54 END
START -2572 1372 9832 -1299 12974 -296 END
START -1536 1804 15132 -4028 12946 384 END
START -2596 2044 12004 -3393 12893 -456 END
START -2764 4864 15348 -4547 11971 -1568 END
START -3296 3836 15264 -3223 10947 -2839 END
START -3476 4076 14196 -2812 10587 -3810 END
START -3480 2648 13184 -1724 10615 -4539 END
START -3104 2812 13232 -2407 10503 -4833 END
START -3108 2364 13084 -3480 9913 -4963 END
START -3184 2328 13896 -4266 8527 -4984 END
START -2260 3152 13092 -5378 7891 -4837 END
START -3232 2756 12752 -4792 7243 -4802 END
START -3504 2576 12152 -4426 6811 -5049 END
START -4124 2740 12400 -4415 6709 -5424 END
START -4108 2980 11436 -4381 6065 -5989 END
START -4404 2920 11304 -4674 5675 -6463 END
START -4148 2500 10492 -4504 4695 -6895 END
START -4120 1968 10612 -4335 3302 -7152 END
START -3672 1024 9884 -4223 3406 -7264 END
START -3236 -84 9872 -4227 2887 -7151 END
START -4404 1000 11216 -4726 2557 -7261 END
START -3796 280 10424 -3756 2216 -6839 END
START -3924 -1060 8856 -2805 1318 -6937 END
START -3404 -1728 8360 -1291 642 -6516 END
START -3636 -2232 8220 92 1020 -6207 END
START -3300 -2476 8248 975 561 -6090 END
START -2748 -3060 8176 1261 -263 -5919 END
START -2688 -3916 8188 1506 -1367 -5262 END
START -2620 -4536 8460 1776 -2290 -4105 END
START -3416 -4732 9236 1644 -2959 -3009 END
START -3808 -4488 9544 1299 -4514 -2253 END
START -4660 -3536 9776 1315 -5696 -1931 END
START -5436 -2868 10920 1571 -7483 -2444 END
START -5344 -2952 11900 1928 -8256 -3139 END
START -5344 -3144 13068 2576 -7977 -3540 END
START -5212 -3772 14424 3312 -7639 -3562 END
START -5480 -3676 16928 3473 -7702 -2846 END
START -6436 -3416 18636 3252 -10151 -2491 END
START -6036 -2616 18932 3696 -11576 -2643 END
START -5588 -2564 20100 4009 -10247 -2321 END
START -5964 -2704 22840 4637 -10413 -2816 END
START -5604 -3812 24612 4233 -10096 -3307 END
START -4956 -3512 26980 2775 -8906 -3320 END
START -3928 -3780 28740 2131 -7374 -3250 END
START -2692 -4392 29544 1280 -7405 -2882 END
START -1160 -4612 30372 -425 -6008 -1782 END
START -808 -4936 30672 -1566 -4071 -472 END
START -756 -5392 30256 -3456 -1641 768 END
START -768 -5508 29428 -4573 1148 2002 END
START -992 -5392 27020 -4577 3282 3045 END
START -1068 -4776 24700 -3451 4817 3834 END
START -1584 -4248 23276 -3210 5407 4284 END
START -1680 -3640 21704 -3422 5463 4467 END
START -1256 -3472 20100 -3805 5683 4865 END
START -804 -3392 18408 -4367 5923 5526 END
START -948 -3116 17580 -4295 6718 5859 END
START -1456 -3172 16720 -6494 4995 6394 END
START -1468 -3640 15032 -6131 6030 6575 END
START -1988 -4592 13616 -5956 6632 7186 END
START -2216 -4048 13836 -5316 6605 7984 END
START -2696 -3276 14276 -5720 5302 8486 END
START -2756 -3552 11904 -5563 4427 8491 END
START -3204 -3160 11848 -5661 2404 8325 END
START -3832 -2892 11860 -5496 1648 7956 END
START -4296 -3284 11508 -5503 816 7564 END
START -4512 -3452 11284 -4817 836 7798 END
START -4884 -3476 11556 -4279 541 8398 END
START -5736 -3464 12020 -3990 -49 8737 END
START -5636 -3112 12040 -3865 -814 9093 END
START -6136 -2408 12560 -3804 -1287 9250 END
START -6988 -2028 12672 -4222 -2012 8519 END
START -7088 -2176 12708 -4472 -2916 7473 END
START -7096 -2644 12724 -4228 -3723 6778 END
START -6144 -3048 12852 -3392 -3816 6686 END
START -6616 -3276 13636 -2366 -3703 7184 END
START -6456 -3044 14264 -1573 -3608 7785 END
START -6864 -2492 14644 -1011 -3367 8426 END
START -7104 -1412 14892 -268 -2781 8824 END
START -7944 -328 14912 218 -2225 8530 END
START -8412 652 14812 365 -2470 7715 END
START -8336 1344 14840 453 -2948 6606 END
START -8220 1864 14820 882 -3397 5424 END
START -7444 2060 15140 1460 -3632 4454 END
START -7084 2124 15812 2160 -3872 3771 END
START -6468 2792 16828 3191 -5909 3431 END
START -6476 2736 15904 3614 -6679 3366 END
START -6140 3884 16372 4872 -6945 3090 END
START -6332 4456 17068 4712 -6068 2411 END
START -6256 5460 17080 6595 -6643 1309 END
START -6136 6564 16684 8895 -8240 51 END
START -5660 7436 16100 11036 -8466 -1153 END
START -5884 8960 15112 13346 -6986 -2225 END
START -5860 12936 19744 1339 -1309 -1335 END
START -8172 11172 20164 6530 -4671 -4215 END
START -8284 14156 17360 2231 -1981 -4400 END
START -7864 14192 16620 3017 -3243 -6240 END
START -8944 15636 17412 2534 -2614 -9277 END
START -8724 16148 16860 3031 -2919 -13043 END
START -7328 14744 16328 2870 -3600 -16621 END
START -6140 12680 16316 3060 -4161 -19766 END
START -4132 10068 16056 2743 -4858 -21241 END
START -2388 7900 16224 3967 -5553 -22575 END
START 244 5260 17232 5119 -5634 -23352 END
START 1320 2964 18532 5128 -6374 -23031 END
START 2776 2244 19488 4458 -5026 -22901 END
START 4200 -1108 20480 3160 -5349 -22564 END
START 5496 -3192 19356 248 -6811 -21220 END
START 9964 -4960 20236 3664 -3300 -20740 END
START 7540 -8332 21052 1272 -1979 -18170 END
START 7988 -8804 22612 10 -542 -15406 END
START 7188 -10088 22708 -949 -373 -13088 END
START 7440 -9200 20416 -84 1122 -11384 END
START 6088 -13088 21896 -1846 -1027 -9444 END
START 5572 -8688 22652 -744 -1886 -8842 END
START 5812 -12220 22432 -1149 -1143 -7953 END
START 5684 -11288 22164 -716 873 -6435 END
START 5124 -12080 22184 -473 1245 -4679 END
START 4548 -11544 21152 -172 804 -3077 END
START 4520 -11088 21332 -915 630 -1576 END
START 4056 -10740 20844 -2006 852 -152 END
START 3488 -10508 19856 -2176 1054 1297 END
START 2912 -9252 18928 -2226 1324 2612 END
START 2436 -8776 18472 -1890 1563 3571 END
START 1780 -7980 18228 -1603 1560 4414 END
START 1528 -6936 18500 -2066 1333 5164 END
START 1132 -6092 17480 -2693 1009 5731 END
START 868 -5524 17208 -3147 523 6023 END
START 528 -5124 16792 -3421 45 6256 END
START 328 -4500 17272 -3486 -497 6637 END
START -104 -3940 17032 -3025 -939 6987 END
START -400 -3044 16840 -2297 -757 7351 END