START 1300 1664 22900 1996 1919 1844 END
START -968 2140 15264 2348 48 1282 END
START -396 2204 23484 1266 1842 1209 END
START 144 2248 22784 1262 1880 664 END
START 776 2044 22896 895 1018 2 END
START 1008 1904 22644 289 1365 -77 END
START 472 1548 23148 -153 1176 -26 END
START 584 1848 23936 -740 1170 -16 END
START 1024 2432 23988 -1437 1664 -300 END
START 1332 1976 24004 -1298 2794 -575 END
START 1824 1808 24364 -1245 3650 -334 END
START 1556 1608 23812 -1887 4527 49 END
START 1508 1676 23404 -1927 5255 376 END
START 1000 1836 22996 -2125 5680 499 END
START 868 1928 22824 -2387 6354 485 END
START 680 2068 22424 -2742 6766 304 END
START 1368 2260 22036 -2872 7279 147 END
START 972 1884 21592 -3143 7866 176 END
START 1092 1708 21076 -3425 8451 461 END
START 712 2292 19824 -3715 9444 591 END
START 952 2256 20756 -3957 10918 607 END
START 192 2276 20744 -2931 11639 1232 END
START 232 1808 18796 -3731 12774 1165 END
START 344 1496 19280 -2488 13062 1244 END
START -80 2192 18068 -1958 12622 1002 END
START -744 2120 17720 -1677 11758 662 END
START -592 2328 17268 -2796 11074 527 END
START -840 3044 17348 -3518 11127 354 END
START -756 2644 17192 -5317 11796 474 END
START -2140 1356 14548 -6162 12654 83 END
START -1468 1292 14748 -5639 15250 217 END
START -2584 508 12236 -7305 15440 81 END
START -2584 1648 13492 -5017 16943 -603 END
START -3648 3772 14144 -4519 14144 -1022 END
START -3700 2864 13548 -4460 12384 -1737 END
START -3676 2904 12684 -4266 10146 -2167 END
START -5272 4272 13096 -5450 8461 -3429 END
START -4572 2820 12048 -4966 8175 -4032 END
START -4224 2984 11248 -4763 9030 -4441 END
START -5184 2696 12032 -4547 9440 -4773 END
START -4692 2188 10436 -4193 9421 -4758 END
START -5720 2604 10768 -4606 8067 -4779 END
START -5868 2664 9984 -4689 5260 -5335 END
START -5452 2556 8928 -4615 4262 -5859 END
START -5188 1684 7956 -3628 4559 -6130 END
START -6312 2696 8004 -2854 3243 -7391 END
START -5884 1900 9248 -1432 3755 -8075 END
START -5792 1348 9764 -681 3036 -8196 END
START -5340 796 9484 66 2353 -8159 END
START -5012 560 9368 592 1933 -8172 END
START -4968 292 10224 604 1057 -8249 END
START -4732 -64 10420 3 454 -8241 END
START -4480 -556 9580 -81 132 -8351 END
START -4304 -1268 8972 976 -263 -8456 END
START -4020 -2024 9448 1914 -902 -8494 END
START -3572 -3348 9764 2523 -1429 -8438 END
START -2656 -4028 9948 3023 -2491 -7916 END
START -2064 -4676 10144 3535 -3113 -7032 END
START -1944 -5064 10696 4180 -3236 -5854 END
START -1988 -5112 10992 4416 -3489 -4656 END
START -2492 -4788 11272 4667 -3901 -3925 END
START -2760 -4188 11908 4688 -4924 -3488 END
START -2760 -4012 12272 4949 -6032 -3519 END
START -2940 -4240 13188 5333 -6942 -3287 END
START -2840 -4300 14000 5507 -7715 -2847 END
START -2804 -4520 14816 5811 -9118 -2385 END
START -3444 -4396 15772 6262 -10866 -1834 END
START -3788 -4412 16580 6402 -11204 -1303 END
START -4252 -3460 18080 6875 -11749 -1098 END
START -4552 -1984 20472 7477 -12638 -1284 END
START -5120 -1348 23448 7595 -13952 -1972 END
START -4116 -1664 24384 7525 -13155 -2762 END
START -3780 -1780 27084 6617 -11127 -2826 END
START -2996 -2116 27524 5785 -9707 -2728 END
START -2424 -2060 29308 5936 -8339 -2532 END
START -1332 -1788 28924 4712 -6397 -1878 END
START -944 -1504 28304 3588 -3691 -1005 END
START -932 -956 28180 1390 -2178 -205 END
START -1020 -716 27280 -665 -601 355 END
START -1580 -756 26056 -2560 1552 629 END
START -1560 -476 24484 -3183 2963 906 END
START -1880 -452 22836 -2297 3895 934 END
START -2272 -392 20952 -2519 4670 1080 END
START -2020 152 19364 -2915 5072 1445 END
START -2592 548 18120 -2793 5477 1549 END
START -2656 516 17184 -2969 5405 1588 END
START -2576 268 16668 -3628 5251 1696 END
START -2892 -384 13728 -3794 5512 1640 END
START -3252 -1936 12872 -4027 5004 1724 END
START -3348 -360 14528 -3825 3677 1498 END
START -2872 -1276 13900 -2480 3183 1129 END
START -3312 -1480 12388 -1982 2026 1070 END
START -2724 -1124 14004 -158 2197 759 END
START -2912 -1624 13884 -270 1267 501 END
START -2848 -2480 13500 -227 733 289 END
START -2532 -4216 13564 226 1102 229 END
START -2068 -5032 13792 283 1491 900 END
START -2180 -5688 15528 -18 11 1453 END
START -2296 -6396 16996 -432 -1422 1865 END
START -1716 -7224 17172 -1243 -2763 2279 END
START -908 -8556 17900 -2099 -3252 2662 END
START 628 -10308 18192 -1816 -2893 3800 END
START 924 -10784 18788 -1031 -1910 5567 END
START 1948 -10772 20132 -897 -1472 7793 END
START 2100 -10388 19924 -720 -479 10438 END
START 1892 -8576 19456 -430 220 12467 END
START 832 -7452 19696 -381 696 14104 END
START 648 -6004 19376 -757 636 14835 END
START 4 -4736 18996 -800 413 15450 END
START -580 -3452 18584 -724 134 16072 END
START -1476 -1608 18376 -789 -656 16386 END
START -2164 108 18196 535 -555 16069 END
START -2808 1868 18064 945 -1609 15751 END
START -3260 3240 17952 1849 -1040 15274 END
START -3768 4660 16996 1439 -944 14870 END
START -4428 6112 17260 1032 342 14066 END
START -4976 6812 16216 363 1232 13246 END
START -5900 8096 16696 -913 1683 12142 END
START -5688 8448 16280 -2434 1958 10771 END
START -5656 8608 16496 -4178 1982 9809 END
START -6356 8992 16168 -4235 995 8140 END
START -6268 9260 16236 -4097 -294 6589 END
START -5304 9036 16316 -3736 99 7134 END
START -6212 10272 15888 -2289 -989 4188 END
START -6060 9012 15236 -507 -426 2933 END
START -5972 8664 15376 -110 -202 2253 END
START -5496 9780 14864 1061 126 1360 END
START -5576 9804 15128 1705 -511 459 END
START -5672 10864 15104 2602 -1060 -921 END
START -6012 8816 14504 4439 -3072 -2834 END
START -4916 12056 16436 3538 -3577 -3785 END
START -4224 11544 11796 -1415 -565 -4556 END
START -5464 9360 15632 529 -2074 -6172 END
START -4924 10352 15868 158 -2554 -7230 END
START -4768 9076 16460 825 -2409 -8202 END
START -4496 9608 16884 623 -2450 -9011 END
START -4736 9344 17312 353 -2442 -10030 END
START -5060 9220 17304 -226 -2673 -11641 END
START -4920 8236 17136 -707 -3139 -13368 END
START -4204 7244 16972 -344 -3307 -14900 END
START -3636 6128 17588 416 -3001 -16061 END
START -2476 4944 17944 1498 -2269 -16781 END
START -1904 3508 18060 1880 -650 -16640 END
START -1824 2664 17736 1894 -605 -16348 END
START -1600 1388 17196 1350 -1542 -16354 END
START -1660 736 16640 -891 -3499 -16191 END
START -892 -1048 17068 -2452 -4057 -16956 END
START 964 -3444 17716 -3743 -2951 -17286 END
START 2624 -7140 16860 -2262 -127 -16906 END
START 4016 -9424 15708 -938 2656 -15348 END
START 4892 -12652 17500 -790 4327 -12615 END
START 5524 -10412 22836 1498 1610 -9482 END
START 4176 -10460 21548 466 925 -6990 END
START 3800 -10580 20672 940 -3662 -6148 END
START 4536 -10632 20540 127 -2592 -5515 END
START 4148 -10888 20976 400 -1110 -4426 END
START 4336 -11068 20708 1029 -50 -3162 END
START 3488 -10912 20532 1507 1378 -1137 END
START 2356 -9860 19816 1366 1764 892 END
START 1232 -8376 19520 713 1390 2207 END
START 432 -6852 19200 -179 534 2864 END
START -212 -5744 19140 -1067 197 2941 END
START -636 -5032 18748 -1470 710 2984 END
START -1096 -4660 18184 -1369 1894 3065 END
START -1320 -3848 17736 -1125 2635 3455 END
START -2016 -2852 17408 -1426 2593 3892 END
START -2604 -2156 16484 -1710 2171 4090 END
START -3120 -1484 15944 -1230 1809 4135 END
START -3344 -768 16272 -566 963 3879 END
START -3596 -352 16540 321 -190 3290 END
START -3268 3112 21260 -1733 -2625 2997 END