START 920 920 24328 1807 -1253 233 END
START 424 2784 21520 691 -1791 431 END
START 40 -264 22928 1816 -270 -88 END
START 384 1164 24328 1351 -453 195 END
START 748 1316 24800 400 -142 76 END
START 984 1328 25224 -570 132 58 END
START 1024 956 24988 -1270 583 26 END
START 1236 848 25000 -1372 1586 217 END
START 1576 924 24448 -837 3008 509 END
START 1588 912 24648 -258 4532 792 END
START 1328 1072 24480 -1 5714 925 END
START 1016 948 24156 116 6853 835 END
START 972 1184 24008 -119 7410 768 END
START 492 1232 23664 -707 7478 527 END
START 832 1128 23584 -1667 7104 342 END
START 1208 1040 22776 -2407 7142 437 END
START 1164 812 22068 -2307 7743 736 END
START 1208 904 21784 -1922 8308 1048 END
START 1200 1056 21692 -1734 8681 1218 END
START 1052 1044 21428 -1659 9580 1672 END
START 944 1140 21256 -1766 10695 2238 END
START 304 1656 20380 -1649 11364 2294 END
START 404 1832 19760 -1540 11962 2021 END
START 100 2116 18892 -1685 12798 1787 END
START -176 2292 18048 -1691 13582 1469 END
START -360 2256 17024 -1400 14199 1267 END
START -356 2812 18308 -2498 14653 1195 END
START -1188 1724 17216 -3454 13812 1066 END
START -1264 2896 17776 -4071 13355 838 END
START -1564 1500 15796 -5012 13683 624 END
START -1852 2672 16440 -5945 13967 435 END
START -2560 2152 15024 -4892 14830 -49 END
START -3304 3252 15032 -3839 13818 -611 END
START -3964 2896 14096 -1931 12144 -1614 END
START -3700 3324 14448 -648 11011 -2494 END
START -3784 3592 14816 -799 10294 -3105 END
START -3712 3756 14568 -1819 9735 -3834 END
START -3964 3520 13828 -3317 9326 -4505 END
START -3976 3032 12612 -4408 10068 -4843 END
START -4048 2684 11800 -5279 10331 -5038 END
START -4364 2572 11852 -5008 9509 -5276 END
START -4408 2312 10648 -4696 8244 -5683 END
START -4920 2120 10580 -3943 5335 -6430 END
START -4672 1864 10096 -3561 5216 -6882 END
START -4380 1744 9604 -3578 4456 -7512 END
START -4096 1292 9192 -3458 3529 -7579 END
START -3884 1056 8332 -2715 3167 -7772 END
START -4052 888 8160 -2071 2643 -7458 END
START -3944 584 8516 -1563 1366 -7370 END
START -4100 408 8680 -1261 538 -7266 END
START -4476 -32 8700 -939 26 -7237 END
START -4296 -180 8708 -348 -465 -7418 END
START -4088 -356 8524 266 -852 -7774 END
START -4072 -1088 8704 1152 -1161 -8383 END
START -3356 -1916 8712 2424 -1011 -9043 END
START -2712 -3036 8736 3651 -665 -8739 END
START -2308 -3592 9120 4427 -949 -7921 END
START -2052 -4132 9128 4794 -1576 -6891 END
START -1824 -4332 9916 4856 -2842 -5721 END
START -2336 -4356 10348 4282 -4022 -4648 END
START -2608 -3992 10508 3950 -5467 -3976 END
START -3536 -4132 11400 4184 -6704 -3947 END
START -3736 -4188 12368 4502 -7694 -4067 END
START -3736 -4164 14276 4335 -8136 -3845 END
START -3864 -3680 16068 3890 -9017 -3637 END
START -3488 -3660 16644 4262 -10367 -3561 END
START -3632 -3420 17864 4837 -10781 -3190 END
START -3720 -3100 19000 5255 -10607 -3094 END
START -3804 -3228 20124 5690 -9716 -2903 END
START -3980 -3612 21820 5679 -9971 -3092 END
START -3608 -3788 23016 5007 -8514 -2967 END
START -3476 -3376 24512 4297 -7911 -2609 END
START -3672 -3212 25696 3159 -8253 -2658 END
START -2368 -3432 26404 2190 -8190 -2982 END
START -1532 -3640 27348 594 -6293 -2362 END
START -956 -4656 26672 -5 -3741 -1458 END
START -880 -4764 27444 -397 -2009 -440 END
START -816 -4868 26324 -1473 -1008 610 END
START -560 -4836 24504 -1895 197 1435 END
START -920 -4820 23740 -1468 449 2093 END
START -1176 -4632 23372 -1548 539 2497 END
START -1132 -5180 22228 -2042 1235 2837 END
START -872 -5280 21528 -1481 1959 3473 END
START -568 -5160 20680 -1710 2411 4161 END
START -284 -5328 19348 -1893 2710 4597 END
START -500 -5484 18700 -1654 2344 5125 END
START -396 -5592 17704 -1905 1897 5718 END
START -372 -6064 16896 -1642 2105 6414 END
START -396 -5940 17444 -1379 2033 7283 END
START 284 -6468 17392 -1357 1894 7528 END
START 756 -7004 17296 -1938 1914 8425 END
START 796 -7088 16756 -2419 1660 9682 END
START 716 -6756 16448 -2978 1002 10859 END
START 264 -5740 16796 -3742 313 12250 END
START -584 -5160 16720 -4422 -656 12689 END
START -744 -4688 16200 -4284 -228 12828 END
START -604 -4272 16760 -3589 98 13152 END
START -504 -3888 16880 -3350 907 13241 END
START -816 -3624 16552 -3311 1032 13452 END
START -584 -2980 15788 -2999 997 14265 END
START -1212 -1956 16028 -2743 328 15166 END
START -2188 -880 16364 -2620 -37 15894 END
START -2892 312 16372 -2917 -453 16122 END
START -3772 1868 16456 -3415 -243 16031 END
START -4464 2984 16168 -3225 -218 15285 END
START -4908 3928 16500 -2703 407 14315 END
START -5316 5196 16068 -2152 964 13097 END
START -5632 5908 16276 -2170 1449 12043 END
START -5712 6272 15808 -2297 6 11000 END
START -6260 6708 15728 -2020 -641 9976 END
START -6768 7512 16244 -2426 -1303 9034 END
START -7056 7816 16248 -2970 -1789 7850 END
START -7308 7928 16016 -2511 -1734 6804 END
START -7404 8648 15776 -1902 -1698 5710 END
START -7488 9284 15748 -1079 -1400 4442 END
START -7468 9956 15652 -346 -1355 2818 END
START -7068 10164 15564 424 -671 1154 END
START -6916 10108 15904 1104 -210 -154 END
START -7144 10376 16008 1147 166 -1386 END
START -7336 10536 15540 2878 -149 -3372 END
START -6172 14552 19332 907 -2798 -5137 END
START -6808 9228 14548 5430 -2772 -7211 END
START -6892 11312 16692 4682 -6490 -8920 END
START -5160 10388 18612 8393 -5795 -11007 END
START -5280 10560 16712 8137 -6601 -12278 END
START -3560 10104 19968 3793 -2682 -11841 END
START -3716 7752 14944 2839 -3135 -14731 END
START -4448 8920 16128 725 -1698 -15532 END
START -3352 6984 16324 1806 -2107 -16993 END
START -2620 5500 16612 2280 -1990 -17423 END
START -1872 4200 16736 2270 -2200 -17932 END
START -1348 2536 16940 2822 -2441 -18685 END
START -760 636 17488 3396 -2634 -18799 END
START 436 -848 18700 2508 -3111 -18312 END
START 1172 -2232 19520 1933 -1908 -17622 END
START 1672 -4268 20044 -859 -1691 -16076 END
START 2548 -5200 19548 -2509 -982 -14649 END
START 2788 -6620 17992 -2295 -422 -13541 END
START 3296 -5408 20524 285 1677 -13268 END
START 2812 -9116 18304 787 1447 -12576 END
START 3880 -9412 19904 1739 -512 -12320 END
START 5076 -8216 21872 1442 -158 -10929 END
START 5256 -10400 22048 564 98 -8907 END
START 5260 -10640 20776 -336 -553 -6776 END
START 4860 -10860 20200 69 -529 -4727 END
START 4684 -10052 20928 500 -68 -2728 END
START 3488 -9012 20892 1002 840 -1507 END
START 2812 -7936 20076 433 1882 -632 END
START 1876 -7724 19236 20 1993 134 END
START 1244 -7076 18188 -464 1813 897 END
START 444 -6272 17812 -626 1362 1606 END
START -320 -5432 17516 -902 902 1966 END
START -732 -4696 17672 -1059 618 2079 END
START -1260 -4304 18032 -1112 729 2213 END
START -1264 -3388 17936 -1259 1136 2352 END
START -1656 -2772 18140 -1543 1564 2633 END
START -2016 -2100 18148 -1987 1867 2740 END
START -2092 -1572 17780 -2415 2371 2870 END
START -2236 -1024 17204 -2168 2584 3095 END