START -2596 -3296 17288 2455 1943 -230 END
START -2936 -1128 16608 1261 1307 677 END
START -3220 -3276 16952 1717 1547 808 END
START -3844 -2820 17352 3879 863 1254 END
START -2744 -1512 18356 2838 471 1288 END
START -3204 -648 19484 1227 683 769 END
START -4924 -452 19560 -1013 1155 -216 END
START -4832 -576 18136 -1481 1288 -1753 END
START -4220 -1196 17244 -186 1313 -2681 END
START -3780 -1964 17560 966 965 -2554 END
START -4184 -2644 18324 1096 296 -2017 END
START -3892 -2444 19536 599 -182 -1058 END
START -4444 -2124 20168 -663 -253 -237 END
START -5176 -1524 20964 -1303 -699 -336 END
START -4732 -1020 21536 -2463 -607 -656 END
START -5104 -1368 20632 -3321 68 -1447 END
START -4824 -1832 20788 -3352 520 -2255 END
START -3996 -2656 20412 -2943 1391 -2568 END
START -3512 -3928 20512 -2334 2303 -2400 END
START -3016 -4876 20200 -2067 2788 -1721 END
START -2620 -5232 19504 -2525 3626 -730 END
START -2148 -5584 19000 -2841 3767 314 END
START -2288 -5596 18332 -2035 4004 1012 END
START -2660 -5348 18804 -2400 3445 1296 END
START -2312 -5800 17944 -2805 2765 1491 END
START -2468 -5732 17480 -2596 3091 1772 END
START -2692 -5884 16832 -2303 3209 1973 END
START -2568 -5988 16404 -2450 3194 2407 END
START -2056 -6196 15472 -2212 3436 3069 END
START -1880 -6120 14908 -1745 3439 4045 END
START -2488 -5496 15384 -1115 2810 4678 END
START -2804 -4984 15200 -1633 2284 4772 END
START -2680 -5052 14196 -2172 2483 4766 END
START -2504 -4752 13776 -2117 2814 4951 END
START -2672 -4472 13596 -1763 1878 4861 END
START -2312 -4784 13496 -1882 1068 4940 END
START -2108 -4936 13364 -2081 1274 5693 END
START -2424 -4908 12748 -1798 1525 6370 END
START -2240 -4560 12660 -1037 1350 6884 END
START -2400 -4000 12816 -1024 600 7171 END
START -2544 -3800 13192 -1511 574 7025 END
START -3080 -3752 17036 -2213 -811 6867 END
START -1980 -4268 13256 -1411 -1125 7533 END
START -1456 -4056 12632 -721 -742 8310 END
START -2120 -3444 13448 -409 -1128 9091 END
START -2576 -2404 13676 -642 -2002 9468 END
START -3040 -1668 13484 -635 -2287 9392 END
START -3628 -924 13860 -281 -2826 8905 END
START -3412 -672 13972 -809 -2764 8105 END
START -3168 -820 14092 -884 -2286 7528 END
START -2592 -904 13840 -584 -2333 7567 END
START -1952 -876 13504 85 -2368 7987 END
START -1428 -484 13224 860 -1987 8680 END
START -1524 256 12960 1255 -1555 9246 END
START -2276 1036 13396 1278 -2426 9302 END
START -2880 1852 13628 863 -3207 8818 END
START -3436 1916 13920 1152 -5808 7889 END
START -3492 2116 13744 3871 -9814 7035 END
START -3340 2384 12608 4514 -10327 6334 END
START -3300 2988 14120 7937 -11681 5130 END
START -2604 6536 16840 4300 -12241 5076 END
START -2332 3424 16324 -312 -3225 6020 END
START -3212 3184 14408 2236 -4796 4704 END
START -2620 3264 15028 1755 -4838 4236 END
START -2992 2988 15500 1909 -4344 3955 END
START -3084 3240 16400 842 -5109 3555 END
START -3504 3152 16488 -97 -4948 3167 END
START -3768 3152 15392 -530 -5533 2709 END
START -3752 4116 12960 -130 -6806 2359 END
START -3588 4224 15432 1448 -6612 1335 END
START -2996 3508 14360 2765 -7043 109 END
START -2236 3184 16272 2784 -8242 -366 END
START -1204 3404 17336 2589 -8545 -171 END
START -1424 3880 18412 1759 -8015 -416 END
START -1640 4024 17948 1011 -7650 -1054 END
START -3060 4012 17352 1102 -7207 -1497 END
START -3348 4208 15924 2207 -7455 -2779 END
START -3176 4780 17120 3384 -7501 -3966 END
START -2892 5040 18556 3994 -7552 -5222 END
START -1928 5048 19552 3921 -7359 -6001 END
START -756 5552 20244 3150 -7542 -6232 END
START -12 6096 20288 1552 -7892 -6522 END
START -216 5896 19760 544 -8077 -7314 END
START -620 5592 20916 1715 -7542 -8173 END
START -1104 5024 21404 2338 -7412 -8811 END
START -1164 5072 23500 2296 -6675 -9551 END
START -832 4808 25480 2276 -5806 -10388 END
START 224 4272 25304 1824 -4606 -10860 END
START 748 3676 25888 842 -4345 -10972 END
START 836 3128 26320 359 -3941 -10857 END
START 1028 2424 26708 116 -3401 -10756 END
START 856 1808 27380 270 -2548 -10497 END
START 956 1416 27932 119 -1740 -10456 END
START 1276 984 28172 -640 -731 -10522 END
START 1856 -68 28064 -132 438 -10442 END
START 2356 -268 28512 290 1908 -10072 END
START 2808 -1040 28188 543 3877 -9807 END
START 2508 -1488 27792 -30 5111 -9036 END
START 2236 -1860 26780 -1015 5199 -8575 END
START 2344 -2656 25648 -1483 5422 -7955 END
START 2068 -3656 24880 -1154 5845 -7203 END
START 1968 -4056 24520 -787 6338 -6252 END
START 1800 -3748 24156 -1269 6517 -5207 END
START 1436 -3656 23544 -1833 7082 -4377 END
START 1256 -3524 22544 -1783 8302 -3609 END
START 932 -3540 21604 -1783 9222 -2840 END
START 952 -3268 20572 -1923 10194 -2209 END
START 324 -2920 19628 -1782 10532 -1790 END
START 360 -2772 18772 -1763 10959 -1711 END
START 368 -2660 18448 -1761 10205 -1631 END
START 284 -2912 17868 -3179 9702 -1123 END
START 504 -2868 16776 -4050 11157 -523 END
START -60 -3012 16284 -4615 10675 33 END
START -308 -2588 15420 -3822 11017 550 END
START -608 -2184 15044 -3735 9478 694 END
START -680 -2012 14004 -3512 8372 643 END
START -744 -1856 13340 -3105 8734 839 END
START -892 -1616 12652 -2878 9353 1002 END
START -1116 -1676 11908 -2792 8975 1072 END
START -800 -1576 10664 -2948 7531 1230 END
START -1232 -1200 10164 -3205 6237 1375 END
START -1388 -1004 9588 -3348 4700 1373 END
START -1748 -1212 9468 -3507 3635 1538 END
START -1764 -1020 9032 -3267 3345 1718 END
START -2100 -604 8784 -2593 3334 1839 END
START -2776 -496 9276 -1758 2280 1521 END
START -2620 -464 9080 -858 1785 1172 END
START -2736 -344 9196 177 1845 991 END
START -2600 8 9408 619 1432 738 END
START -2488 4 9448 495 979 576 END
START -2584 -48 9648 495 98 336 END
START -2656 -360 9976 624 -651 175 END
START -2312 -780 10300 855 -1223 175 END
START -2568 -656 11192 1294 -1458 284 END
START -2660 -632 12176 1437 -1369 159 END
START -2992 -408 12524 1156 -1415 -131 END
START -2964 -572 12780 441 -1934 -240 END
START -2908 -928 13092 137 -2957 -147 END
START -2476 -1012 13712 64 -3697 149 END
START -2760 -860 13896 14 -4124 361 END
START -2724 -332 14292 236 -4629 142 END
START -2456 -316 14588 612 -5684 -194 END
START -2108 -372 14836 1111 -6198 -381 END
START -2188 -256 16232 1895 -6742 -369 END
START -2396 -380 17352 2108 -8206 -681 END
START -2132 -500 17312 2223 -9044 -924 END
START -1472 -112 15864 3898 -6890 -990 END
START -1172 -484 15128 2775 -4083 -554 END
START -1408 -972 15608 256 -3135 -51 END
START -1544 -780 16032 1624 -4150 -2 END
START -500 -1120 15940 1150 -4454 324 END
START -828 -1324 17256 1065 -4776 533 END
START -1192 -744 17808 -261 -4798 694 END
START -980 -1296 15740 -1306 -4507 212 END
START -520 -1572 15388 -1007 -4552 -201 END
START -456 -2512 14044 1441 -4129 -402 END
START -76 -3800 14040 3366 -4646 -109 END
START 1008 -3808 16224 4445 -4932 917 END
START 1256 -3208 17560 3818 -5667 2199 END
START 932 -2296 18292 2142 -5990 3071 END
START 440 -1312 18100 1060 -6176 3785 END
START -236 -220 17964 917 -6090 3695 END
START -508 720 17492 1290 -5513 3341 END
START -1032 1660 17208 1705 -5532 2473 END
START -744 1864 17608 607 -5495 1536 END
START -196 280 17404 -600 -5752 452 END
START 912 -376 15528 -1379 -5550 266 END
START 1680 -1792 15724 -677 -5283 770 END
START 1196 -2896 16280 1203 -6124 1990 END
START 1704 -412 19120 4760 -6307 3673 END
START -4 488 19796 3629 -6826 4222 END
START -332 1560 20628 2713 -6231 3753 END
START -580 2848 20220 2368 -6385 3064 END
START -312 2220 19832 1613 -5648 1835 END
START 2856 1280 18768 585 -6594 1755 END
START 1748 792 14384 -2944 -2773 2271 END
START 1212 -1080 22360 5031 -4029 1127 END
START 1944 -1656 24268 5298 -1096 2521 END
START 2104 -1668 23596 5495 -2261 4669 END
START 220 1412 27200 2821 -1624 7515 END
START -160 16 25032 6284 -1766 7723 END
START -1184 616 25748 6679 224 8143 END
START -1992 1228 22256 7099 -1105 7966 END
START -2088 840 26140 5677 -1593 8247 END
START -2432 1732 25388 4789 -1164 8222 END
START -1196 2292 27156 1131 -1944 7401 END
START -744 1608 24396 -17 -812 7176 END
START -372 -936 21416 821 869 8652 END
START -1272 -1452 21608 1516 1157 10077 END
START -892 1368 22344 1820 1456 11016 END
START -2112 1992 20956 757 930 11289 END
START -1652 3852 21752 262 76 10751 END
START -2848 2648 21096 -1170 307 10280 END
START -3456 2412 20720 -676 -1206 8685 END
START -1868 3560 19780 -3446 -1759 8131 END
START -220 1548 20528 -9119 1168 8774 END
START -3748 1652 19052 100 8710 6841 END
START -2480 4936 27240 -86 453 6481 END
START 904 3172 17800 -393 2483 7300 END
START -1552 5280 23924 48 5688 6918 END
START -2500 4920 22204 -625 4713 5815 END
START -4144 5012 21920 127 521 3663 END
START -2712 6304 21136 -5461 1681 2837 END
START -1492 5496 23032 -6870 2774 1789 END
START -544 4728 21924 -6539 3734 1061 END
START 4 4764 20748 -5038 3847 913 END
START 76 4500 20104 -3871 3961 661 END
START 416 6468 21276 -4511 5137 790 END
START -76 6096 20308 -4128 5936 618 END
START -616 7400 19688 -4159 6170 44 END
START -1328 8316 19060 -4232 5682 -1267 END
START -1104 9236 18920 -4573 4942 -3105 END
START -984 8964 18040 -5354 3823 -4949 END
START -584 7916 17068 -4853 3126 -6343 END
START -108 7472 17604 -3694 2921 -6949 END
START 412 7256 18364 -3428 3563 -7605 END
START 844 6472 17196 -2532 4958 -7918 END
START 552 6668 16548 -521 5374 -7949 END
START 988 7420 17216 302 4967 -8432 END
START 592 7416 17356 -203 4738 -9079 END
START 188 7676 16924 279 4344 -9943 END
START 72 7652 16744 529 3868 -10971 END
START 92 6944 17136 217 3395 -11936 END
START 340 5356 16604 416 3033 -12166 END
START 368 4100 17068 1411 3001 -11734 END
START 268 3848 17840 2021 3303 -11081 END
START 84 4056 17332 3036 4533 -10623 END
START -864 4896 18004 3833 4265 -10814 END
START -1240 5272 17944 2653 3824 -12037 END
START -888 4148 17220 1836 3416 -13424 END
START 324 2332 16864 1304 4329 -13778 END
START 1040 60 17196 -687 6134 -12816 END
START 752 -1276 16480 -1711 6953 -11589 END
START 792 -1988 15660 981 7092 -10467 END
START 52 -1568 16004 1351 5568 -9977 END
START 556 -1664 14560 1783 5192 -10177 END
START 580 -1744 14464 2021 6381 -10503 END
START 444 -3416 14668 2171 7506 -10892 END
START 1152 -4664 14324 2311 8183 -10493 END
START 1596 -6296 13076 3210 7052 -9276 END
START 1940 -7060 12352 3232 6281 -7603 END
START 1708 -7476 10400 3464 4261 -6006 END
START 1620 -7764 9980 3383 1833 -4709 END
START 1348 -6808 11304 2400 -607 -3431 END
START 964 -6116 12704 -20 -2356 -3168 END
START 144 -6296 13840 -1949 -2977 -3421 END
START 512 -7404 12516 -2296 -1488 -2977 END
START 420 -6880 12028 429 219 -1930 END
START 376 -6420 12764 2673 941 -985 END
START -72 -5612 14528 1975 431 -102 END
START -112 -5056 14564 -177 -556 858 END
START -196 -4368 14680 -2064 -2124 1813 END
START -856 -3176 16452 -3650 -3713 2698 END
START -1880 -2288 17560 -4921 -3398 2503 END