START -4064 -1736 17756 -156 770 -165 END
START -3948 1664 13472 -1669 -450 80 END
START -5104 -1980 17596 -1511 -76 -714 END
START -4196 -2684 16344 508 -1261 -1294 END
START -3248 -2888 17112 47 -1638 -1172 END
START -2800 -3308 17660 539 -1207 -924 END
START -2896 -3200 18164 68 -920 -399 END
START -2620 -2780 17680 -77 -689 53 END
START -2876 -2460 17724 -25 -690 361 END
START -3472 -2416 18036 -8 -730 240 END
START -3516 -2528 17924 277 -475 -203 END
START -3676 -2380 18420 536 -728 -793 END
START -3556 -2500 19172 330 -1056 -1228 END
START -3888 -3052 20060 -127 -1478 -1252 END
START -3376 -3004 20952 -834 -1877 -1045 END
START -2844 -3176 21128 -1684 -1476 -596 END
START -3264 -3228 21552 -2619 -1319 -25 END
START -3176 -3356 21172 -2730 -879 308 END
START -3324 -3220 20884 -2202 261 470 END
START -3268 -3192 20796 -1775 806 259 END
START -3208 -3196 20176 -1533 1684 -120 END
START -2956 -3780 19536 -872 2625 -450 END
START -2888 -4568 19352 -147 3163 -571 END
START -1856 -5128 17812 1143 4047 -482 END
START -2052 -5332 19100 -1015 3670 5 END
START -2040 -5544 18564 -1835 3594 473 END
START -1180 -5848 17844 -3047 2423 1176 END
START -916 -6444 16220 -3270 2899 2325 END
START -1384 -6348 16124 -3460 3644 3109 END
START -1160 -6188 16192 -3875 3152 3621 END
START -2404 -6268 16864 -2193 3724 3898 END
START -1992 -6360 15512 -1303 3406 4022 END
START -1656 -6264 15756 -619 2862 4366 END
START -1816 -5956 15352 -905 2512 5019 END
START -1832 -5620 14560 -1465 2090 5519 END
START -1588 -5284 13588 -1933 1717 6069 END
START -1844 -4752 13632 -1927 793 6539 END
START -1748 -4288 13648 -1939 376 6579 END
START -1876 -4036 13336 -2121 897 6684 END
START -1812 -4220 12948 -2268 1326 6787 END
START -2928 -3940 13384 -2127 766 6690 END
START -2076 -3728 12392 -41 92 6679 END
START -1816 -3220 13140 384 85 6789 END
START -1856 -3248 13664 -519 244 6812 END
START -1732 -3016 13112 -1256 55 7113 END
START -1308 -2892 12352 -925 -761 7441 END
START -836 -2692 12048 -58 -479 8202 END
START -1352 -2216 12596 820 -799 8754 END
START -1508 -1552 12940 1220 -966 8928 END
START -2064 -1080 12800 2035 -121 8832 END
START -2400 -452 13532 2359 -573 8287 END
START -2576 -552 13848 1738 -511 7527 END
START -2336 -744 13888 1143 -976 7008 END
START -2116 -1080 14112 476 -1602 6971 END
START -1832 -816 13456 -446 -2151 7500 END
START -1824 -376 12964 245 -2525 8182 END
START -2812 512 13616 1034 -3404 8587 END
START -3608 1520 14876 1479 -4856 8372 END
START -4652 1716 14676 3595 -8273 7220 END
START -4432 2128 15056 6791 -10325 5546 END
START -4508 1984 14796 9563 -9992 4165 END
START -2892 2776 16964 6651 -7462 4259 END
START -2688 2720 17036 1358 -3067 3928 END
START -3676 2412 17428 461 -3072 3701 END
START -2720 2560 16008 630 -3973 3829 END
START -2824 2932 15780 853 -3911 4158 END
START -3828 2804 16284 1065 -4341 3795 END
START -4116 3804 16864 1566 -4398 2987 END
START -4644 3856 17340 1620 -4202 1805 END
START -3972 4392 17976 2018 -4248 398 END
START -3540 3936 18156 1152 -4059 -456 END
START -2576 2936 17176 1780 -4125 -973 END
START -2044 4164 17968 2150 -4063 -872 END
START -3136 3372 16204 2238 -4502 -1153 END
START -3040 3272 18460 2506 -4426 -1656 END
START -2952 2900 17940 2586 -4092 -1751 END
START -2916 3272 18624 2500 -3909 -1799 END
START -2692 3792 19040 2443 -3963 -2416 END
START -2468 3768 18892 2073 -4023 -3097 END
START -1904 4628 20560 1401 -4579 -3837 END
START -1720 4280 19780 906 -4606 -4454 END
START -2308 3520 19496 1161 -4510 -4729 END
START -2700 3536 20068 1606 -4214 -5143 END
START -2936 3628 20892 1404 -4001 -5722 END
START -2964 3860 21620 1296 -3672 -6531 END
START -2392 3780 22384 954 -3514 -7280 END
START -1932 3620 22988 501 -3372 -7796 END
START -1456 3016 23836 73 -2799 -8209 END
START -1904 2496 24328 -30 -1844 -8278 END
START -2400 2324 24500 -149 -913 -8729 END
START -2156 2100 24608 -389 -390 -9547 END
START -1368 832 24660 -744 67 -10262 END
START -604 -384 24676 -186 642 -10434 END
START 44 -1432 25212 -641 358 -10210 END
START 500 -2312 25132 -1322 829 -9513 END
START 668 -3160 24808 -1000 1624 -8512 END
START 676 -3844 25024 -570 2714 -7402 END
START 608 -4524 24968 -347 4158 -6223 END
START 364 -4312 24636 8 5512 -5186 END
START 164 -3988 24284 -72 6079 -4734 END
START -92 -3848 23528 -734 6656 -4350 END
START -196 -3928 22432 -1137 7397 -3928 END
START -772 -3988 21840 -1772 7725 -3519 END
START -1088 -3740 21564 -2568 8663 -3358 END
START -980 -3844 20620 -3804 8119 -3065 END
START -1084 -3956 19452 -1977 8768 -2831 END
START -1352 -3748 19864 -2421 8158 -2302 END
START -884 -3604 18540 -2110 8173 -1835 END
START -1024 -3428 17628 -2315 8913 -1148 END
START -1424 -3152 16516 -3049 9697 -370 END
START -1864 -2612 14748 -3278 10118 147 END
START -2456 -1768 14608 -3257 9419 132 END
START -2416 -1468 12920 -3428 7127 -400 END
START -2244 -1376 11560 -3736 6582 -798 END
START -2156 -1764 10816 -3766 6420 -866 END
START -2492 -2172 10660 -4000 5207 -852 END
START -2120 -2344 10440 -3744 3987 -533 END
START -1900 -2640 9844 -3392 2386 142 END
START -2000 -2424 10068 -3273 1528 852 END
START -2052 -2028 9660 -3300 1265 1305 END
START -2104 -1660 9560 -2535 1424 1418 END
START -2292 -1536 9164 -1188 1774 1100 END
START -2108 -1348 9452 54 1978 758 END
START -2136 -1572 9380 938 1761 443 END
START -2068 -1652 9680 1338 980 186 END
START -2232 -1692 10040 1200 18 18 END
START -2000 -1868 10312 1172 -765 81 END
START -1868 -2160 10692 1418 -790 495 END
START -2204 -1856 11112 1684 -521 1137 END
START -2696 -1260 11112 1603 -828 1290 END
START -2880 -520 11272 1594 -1465 832 END
START -3244 -584 11688 1580 -1843 126 END
START -3128 -788 12328 1639 -2648 -333 END
START -2984 -1012 12644 1586 -2508 -498 END
START -3120 -1056 13252 1596 -3130 -473 END
START -3124 -468 13884 2003 -4723 -713 END
START -2476 -204 13304 2702 -5589 -1030 END
START -2312 -280 14084 3687 -7143 -1198 END
START -1740 -688 14540 4512 -7794 -1153 END
START -1440 -1372 14940 5552 -8460 -1042 END
START -1352 -1344 14624 5649 -7706 -381 END
START -2376 -396 16680 7368 -9049 -1002 END
START 1148 2556 15064 -1077 -4365 365 END
START -2372 -1668 15708 1951 -6546 -587 END
START -704 -504 18924 3220 -6282 -224 END
START -880 -1672 18828 2170 -6468 143 END
START -872 -1200 18984 1216 -6203 283 END
START -424 -876 17580 -268 -6434 460 END
START 16 -1876 17616 -849 -6227 435 END
START 60 -1648 19072 986 -5847 688 END
START -160 -1924 16516 2656 -5157 1093 END
START 140 -1436 17204 4062 -5205 1590 END
START 208 -396 19528 4104 -5520 2229 END
START -640 468 19292 2787 -6080 2356 END
START -512 528 19312 1444 -6146 1595 END
START -428 916 18364 447 -6184 753 END
START 304 -1096 20476 166 -6973 -292 END
START 1444 -1148 18336 1590 -6194 -466 END
START 2136 -2436 17588 3535 -4876 442 END
START 1832 -2380 19196 6069 -4247 1821 END
START 1300 -1424 20740 6149 -3660 3001 END
START 1108 -284 21060 4597 -3348 3669 END
START 920 152 20488 3209 -4156 3572 END
START 1236 184 19892 2929 -4594 3022 END
START 1408 -28 19636 2937 -5556 2746 END
START 1480 -940 20472 3517 -6017 2734 END
START 1308 -1680 21500 3502 -6162 3661 END
START 580 -1644 22184 2436 -5493 4747 END
START 300 -1904 21232 1874 -5095 5745 END
START -24 -1308 20584 1569 -4876 6706 END
START -452 -1364 20472 1831 -4685 6677 END
START 268 -1340 20448 2304 -3692 6648 END
START 2264 296 20388 3763 -2093 6656 END
START 192 -1364 22552 5530 -3423 5720 END
START 1284 -1472 23072 4094 -2646 6501 END
START 404 -1996 23176 2308 -2290 7716 END
START 780 -2076 21408 1495 -1527 8897 END
START -468 -1212 22576 927 -2535 9686 END
START -140 -900 21528 1797 -949 9954 END
START -44 -476 21512 3311 294 10503 END
START -664 500 21460 4012 700 11264 END
START -1000 2736 22388 4217 1405 11611 END
START -2660 4264 21896 3167 1818 10785 END
START -2804 3132 21764 95 1989 10254 END
START -3348 4528 20696 808 653 9168 END
START -3500 5616 22084 -1060 308 8253 END
START -2724 5220 22608 -1318 256 6930 END
START -2184 5128 24112 -3191 -310 6275 END
START -1052 4236 23760 -3599 1401 5856 END
START -596 4612 23236 -2593 2121 6492 END
START -1448 5296 23968 -1605 1466 6014 END
START -1116 5596 22560 -2938 4461 5489 END
START -1776 6264 21632 -4863 2223 5348 END
START -1664 6840 22620 -2873 3205 3800 END
START -1640 6936 22264 -3080 3637 2469 END
START -1544 7120 22568 -3689 4143 1103 END
START -924 4580 22400 -4027 4358 119 END
START 124 7248 20760 -1667 5464 -883 END
START 600 6336 20960 -3130 6240 -671 END
START 816 5708 20348 -2752 6046 -849 END
START 680 6748 20880 -2554 6236 -1374 END
START 356 7480 20452 -3000 6048 -2192 END
START 224 7460 19772 -3611 5537 -3270 END
START 216 7968 19456 -4264 5106 -4209 END
START -84 7876 18920 -4809 4351 -5264 END
START 108 7736 18700 -4800 4345 -6343 END
START 352 7532 18444 -4766 3894 -7268 END
START 528 7044 17576 -3794 4113 -8169 END
START 712 6644 18388 -3074 4404 -8894 END
START 1280 5744 18332 -2414 5120 -9118 END
START 932 5032 18920 -2119 6109 -8622 END
START 872 4928 17936 -2124 6936 -8286 END
START 336 5000 16716 -909 7229 -8325 END
START -436 5272 16668 221 7015 -8857 END
START -620 5156 17264 790 7079 -9716 END
START -608 4592 17208 672 6999 -10404 END
START -764 4440 17472 660 6712 -10817 END
START -868 4132 17392 -223 5566 -11310 END
START -584 3576 16676 -1461 4860 -11803 END
START -724 2724 16636 -2332 5210 -12216 END
START -288 1356 15704 -2527 6897 -12283 END
START -312 12 16700 -2838 7261 -11943 END
START 444 -920 15224 -1607 7111 -11522 END
START 572 -1072 15184 -444 7631 -10867 END
START 96 -1264 15196 -618 6799 -10814 END
START 484 -2276 13712 -1992 6527 -11281 END
START 1232 -4144 10956 -1967 8031 -11163 END
START 1180 -6524 10728 -883 9555 -10349 END
START 1344 -7196 10108 -521 8485 -9508 END
START 1604 -8336 9924 1122 5789 -8250 END
START 1688 -9056 9424 822 1774 -5938 END
START 1656 -8576 9884 -359 -620 -4295 END
START 312 -8308 10612 -1560 -2051 -3115 END
START 0 -7436 11760 -1967 -3898 -2583 END
START -416 -7400 12932 -2121 -3500 -2328 END
START -196 -7256 13252 -1143 -2063 -1663 END
START -1008 -6908 14036 585 -1967 -1050 END
START -1172 -6448 13932 594 -1176 -582 END
START -1488 -5852 14472 715 -1213 -222 END
START -1168 -4948 15672 26 -2598 237 END
START -1392 -3588 16912 -1398 -3139 874 END
START -1968 -2840 17392 -2486 -2969 650 END
START -1968 -2656 17584 -2774 -2282 559 END