START -3452 -3400 19916 2802 799 -693 END
START -3012 -752 19408 983 -317 -65 END
START -5056 -4584 20228 1191 693 -421 END
START -4408 -3596 19272 -711 653 -271 END
START -3844 -3068 19324 -967 -154 -129 END
START -4432 -2988 19472 -1098 -634 -192 END
START -4380 -2868 20016 -1314 -962 -528 END
START -4112 -2948 20028 -1416 -315 -711 END
START -3720 -3160 19848 -774 705 -897 END
START -3628 -3644 19888 107 1682 -720 END
START -3512 -3864 19996 265 2350 -332 END
START -3284 -3916 19644 -367 2807 208 END
START -3148 -3716 18992 -796 2990 578 END
START -3308 -3992 18364 -1008 3143 792 END
START -3380 -3852 18672 -949 3118 913 END
START -3148 -4060 17864 -1013 2753 837 END
START -3188 -4332 17796 -990 3685 1083 END
START -3216 -4468 17380 -151 3709 1182 END
START -3240 -4588 17360 -30 3344 1295 END
START -3332 -4636 17792 -57 3429 1340 END
START -3132 -4584 17256 -346 3543 1497 END
START -2832 -4592 16584 -606 3518 1628 END
START -2664 -4828 16264 -753 3579 2029 END
START -2624 -4888 15992 -1474 2506 2512 END
START -2348 -5008 15036 -2012 2251 2972 END
START -2564 -5292 14580 -2108 2361 3648 END
START -2768 -5508 14372 -1893 1936 4207 END
START -2860 -5408 14124 -1118 2004 4637 END
START -2908 -5484 13496 -78 1516 4903 END
START -2708 -5168 14224 487 1331 5229 END
START -2860 -4736 14644 -91 1315 5494 END
START -2788 -4592 13756 -907 1099 5628 END
START -2716 -4628 13400 -645 540 5823 END
START -2592 -4460 13708 -196 -402 6277 END
START -2744 -4348 14232 -48 -361 6739 END
START -2748 -4072 14456 -65 -272 7163 END
START -2880 -3336 14372 -385 -810 7484 END
START -2884 -2884 14340 -672 -1432 7672 END
START -2872 -2304 14536 -940 -1569 7844 END
START -2852 -2044 14540 -624 -1615 7927 END
START -3084 -1444 14336 -477 -1133 8015 END
START -3168 -888 14336 110 -902 7689 END
START -2708 -620 13488 813 -713 7406 END
START -2672 -640 13496 1417 -722 7200 END
START -2484 -832 13856 1916 -1027 7324 END
START -2584 -392 14060 1368 -1538 7748 END
START -2668 396 14008 1081 -2709 8082 END
START -3076 1348 14296 2046 -5207 8080 END
START -3640 2204 14300 2955 -7077 7530 END
START -3964 2180 14008 5222 -7730 6512 END
START -3812 3120 14932 5862 -7423 5555 END
START -3660 3024 14836 7222 -6138 4227 END
START -3908 4148 14828 1682 -3142 4033 END
START -3940 2124 14732 1490 -1747 3370 END
START -2764 1968 14084 1527 -3126 3356 END
START -3356 1596 13964 1476 -3515 3683 END
START -3208 1676 14196 1438 -4483 3983 END
START -3532 2556 14996 1434 -5077 4086 END
START -4412 2796 14756 1208 -5197 3542 END
START -4764 3456 16148 1278 -5051 2356 END
START -4320 3840 16616 825 -5370 1171 END
START -3660 3932 17088 334 -5546 555 END
START -3172 2536 14892 638 -5333 -47 END
START -3060 2932 15248 1901 -4711 -219 END
START -3472 3020 15524 1894 -5089 -401 END
START -4104 2168 15876 1312 -5566 -684 END
START -3372 2336 16228 1681 -6166 -1018 END
START -2844 2804 17188 1643 -6312 -992 END
START -2260 3400 18176 1103 -7310 -1572 END
START -1880 3544 18892 389 -7281 -2008 END
START -1832 3224 18756 51 -7147 -2687 END
START -2020 3316 18668 452 -6456 -3081 END
START -3016 3568 19220 1703 -5725 -3488 END
START -3304 3524 19196 1725 -5810 -4051 END
START -3536 3912 19224 1055 -5924 -4764 END
START -3136 4396 20160 1108 -5850 -5749 END
START -2220 3436 20068 908 -5697 -6537 END
START -2100 3152 21164 1635 -4989 -6842 END
START -1816 2904 22452 1471 -4543 -7058 END
START -1512 2780 22960 761 -3939 -6971 END
START -1972 2548 22700 555 -3191 -6874 END
START -2108 2788 23040 598 -3452 -7512 END
START -1868 2636 23952 -22 -3228 -8230 END
START -1876 1924 24700 -765 -2903 -8900 END
START -1272 584 25168 -133 -1723 -9254 END
START -848 -400 25624 435 -199 -8837 END
START -664 -672 25776 546 813 -8335 END
START -328 -828 25672 277 1385 -7896 END
START -172 -876 25644 -5 1605 -7603 END
START 128 -1136 25740 -362 1904 -7459 END
START 216 -1664 26312 -1232 2286 -7221 END
START 324 -2700 26388 -2463 2762 -6794 END
START 632 -3268 25756 -2393 3649 -6257 END
START 408 -3736 25068 -1547 4693 -5760 END
START 512 -3988 24792 -1368 5945 -5081 END
START 648 -4328 24144 -1239 6740 -4318 END
START 564 -4348 23496 -809 7628 -3348 END
START 140 -4000 23228 -1075 8374 -2599 END
START -176 -3628 22040 -1538 8703 -2081 END
START -564 -3648 20784 -1596 9285 -1526 END
START -772 -3108 19912 -1149 9690 -971 END
START -996 -2620 19312 -856 10084 -616 END
START -1436 -2224 18844 -1685 10855 -548 END
START -1452 -2056 17828 -2818 11382 -357 END
START -1800 -1516 17852 -3353 10942 -46 END
START -1500 -2020 15432 -2931 11117 91 END
START -1576 -1988 14448 -3178 10482 452 END
START -2180 -1688 14508 -2715 11279 715 END
START -2544 -1724 13580 -2365 10918 727 END
START -2468 -1728 11840 -2277 10124 783 END
START -2520 -1724 11644 -1999 8733 887 END
START -2368 -1616 10948 -1519 6825 820 END
START -2240 -1824 10576 -1811 5686 818 END
START -2020 -1584 10012 -2237 5078 1007 END
START -2220 -1700 9116 -2483 4389 1084 END
START -1888 -1744 7684 -1803 4015 1246 END
START -2164 -1716 7592 -574 3696 1572 END
START -2512 -1712 7728 630 2117 1621 END
START -2412 -1264 8300 1228 978 1521 END
START -2484 -1168 8712 1119 1112 1430 END
START -2184 -1008 8492 1201 763 1329 END
START -2316 -1120 8376 1346 237 1384 END
START -2416 -860 8608 1544 -561 1333 END
START -2668 -580 8792 1625 -1113 1288 END
START -3124 176 8904 2173 -1507 1084 END
START -3736 548 9596 2426 -2376 365 END
START -3512 676 9704 2627 -3452 -361 END
START -3504 676 10540 2361 -4792 -769 END
START -3288 356 11192 2201 -7145 -970 END
START -3008 188 12328 2127 -8468 -1129 END
START -2524 48 12632 2689 -9515 -1117 END
START -2944 116 14432 2658 -11000 -1310 END
START -2044 732 13364 4659 -9474 -1454 END
START -2132 188 13812 -587 -6350 -631 END
START -2652 76 14408 38 -5475 -517 END
START -1732 -880 12456 1194 -7007 -825 END
START -1568 -1588 14780 -1596 -6969 -652 END
START -1632 -1088 15852 -31 -7367 -1509 END
START -696 -1308 16516 242 -6665 -1961 END
START -132 -1944 16532 1385 -6560 -1713 END
START -312 -1888 16736 2226 -6516 -876 END
START 0 -1488 19508 564 -6464 -308 END
START 364 -1148 18640 40 -5972 194 END
START 664 -1340 18120 541 -6384 517 END
START 1244 -1040 16672 1747 -6043 689 END
START -60 -1412 17036 1961 -6049 867 END
START 4 -2172 17012 2159 -6319 652 END
START 92 -2256 17648 2374 -6789 674 END
START -120 -2612 17464 2738 -7328 1078 END
START -44 -1796 19828 3397 -7767 1946 END
START 340 -1172 21528 3135 -6882 2508 END
START 628 -812 22540 2630 -6334 3170 END
START 924 -792 21820 2558 -5700 3924 END
START -616 -368 20856 3165 -5211 4334 END
START -860 108 20308 2711 -5585 3742 END
START -924 352 19796 2547 -5600 3262 END
START -1172 408 19996 2649 -5952 2964 END
START 1000 284 18596 5894 -5765 3011 END
START 108 -2480 18760 6017 -4617 2838 END
START 748 -752 22504 4566 -3957 3486 END
START 1288 -1760 22128 2546 -5110 4441 END
START 2820 -2340 17060 240 -5285 5821 END
START -432 8 16320 6773 -3441 5027 END
START 32 -36 23096 7251 -2344 5544 END
START -2008 -672 27032 4647 -2183 6176 END
START -2036 -264 25412 4479 -863 7294 END
START -2968 1176 24212 5972 -838 8085 END
START -3808 2744 26504 2863 138 8383 END
START -3560 1732 23532 112 -1163 8221 END
START -2564 1008 24660 198 -1133 7735 END
START -2792 416 23108 -597 -1347 8105 END
START -1748 852 23512 -651 -529 8849 END
START -1260 984 22812 -1066 609 9862 END
START -2464 756 24324 -1318 563 10190 END
START -2564 1596 24796 -1389 2098 10371 END
START -2132 1340 19496 -2450 1286 10205 END
START -2324 2144 22048 -4818 312 10295 END
START -2012 4928 25500 -2162 2049 9523 END
START -1760 3180 21636 -4538 2806 9066 END
START -2576 3196 20340 530 4634 8293 END
START -2268 3468 18368 -894 5136 8121 END
START -3672 6336 20076 -1909 5801 6759 END
START -2712 6448 18536 481 7995 5156 END
START -4192 6504 19144 -6902 -2118 4738 END
START -3760 8268 23436 -6377 -352 2595 END
START -3048 7524 21700 -6427 935 826 END
START -1672 6384 21196 -4618 1078 -131 END
START -1900 6188 20928 -613 1560 -911 END
START -952 6128 19476 -863 4207 -1276 END
START -1800 7176 20444 -1913 5873 -1537 END
START -1136 7892 19256 -3092 5023 -2938 END
START -1176 8744 18752 -3523 5657 -4217 END
START -1004 8596 18360 -3690 5081 -5519 END
START -568 8672 18404 -4195 4141 -6422 END
START -456 9036 19184 -5004 3586 -7459 END
START -16 8296 19264 -6035 4014 -8510 END
START 236 7552 18160 -5056 4423 -8988 END
START 732 7212 17212 -4387 4136 -9406 END
START 624 7252 17708 -3433 3986 -9728 END
START 544 7456 18408 -3096 4030 -10507 END
START 140 7196 18756 -2572 4438 -11339 END
START 548 6644 19028 -2301 4724 -11925 END
START 76 6336 18696 -1413 5756 -12370 END
START 96 6128 18236 -488 6443 -12786 END
START -364 5040 18000 60 7467 -13424 END
START -248 4052 17164 441 6724 -13711 END
START -292 3340 17192 747 6780 -13680 END
START -228 2552 17348 1075 6451 -13720 END
START -44 1840 17164 838 6024 -13729 END
START -184 1444 17516 522 5367 -13629 END
START -16 572 16932 435 5012 -13762 END
START -116 -344 16984 -971 5535 -13833 END
START 500 -1720 16512 -2552 6372 -13542 END
START 1172 -3528 15156 -2932 6489 -12756 END
START 1648 -4676 14192 -1703 6737 -11863 END
START 2832 -6084 13988 -341 7622 -10933 END
START 2640 -7492 14416 1170 8481 -9559 END
START 2412 -7500 14256 1633 9188 -8624 END
START 2124 -8184 12940 2047 7754 -7686 END
START 1324 -8328 12500 2663 7275 -6434 END
START 760 -8264 12968 2720 4073 -5183 END
START 976 -8552 12072 1419 2541 -3962 END
START 780 -8280 11824 448 1773 -2560 END
START 60 -7992 11600 140 915 -1614 END
START -88 -7428 11660 -27 683 -970 END
START -640 -6948 12176 -23 719 -481 END
START -892 -6384 11968 1 782 -205 END
START -1020 -5872 10916 401 984 213 END
START -1896 -5348 11516 996 -169 385 END
START -1924 -4920 11888 820 -1353 512 END
START -2144 -4816 12880 610 -2129 822 END
START -2044 -4020 14488 372 -2638 1384 END
START -2832 -2972 16268 -1059 -3302 1513 END
START -2556 -2624 17144 -3335 -2976 1255 END
START -3104 -2820 17556 -4665 -2082 1405 END
START -3324 -2344 17184 -4865 -877 1842 END
START -3760 -1436 16140 -3812 414 1932 END
START -4504 -740 16528 -2340 593 1468 END