START -3360 -1456 18628 1435 1100 -354 END
START -3116 1260 15196 439 775 153 END
START -4416 -2716 17644 564 1705 -257 END
START -4820 -1060 17052 2371 1251 -287 END
START -4372 -648 17132 2896 -611 -984 END
START -3600 -556 18096 2897 -962 -1457 END
START -3968 -848 19264 1445 -591 -1516 END
START -3600 -1092 19440 151 -648 -1315 END
START -3428 -1016 19368 -1015 -736 -855 END
START -3592 -484 19104 -1616 -1198 -711 END
START -3708 -12 19152 -2195 -1135 -1173 END
START -4092 -376 19640 -2450 -884 -1821 END
START -4172 -1356 20176 -2662 -527 -2212 END
START -4168 -2816 20176 -3152 146 -2054 END
START -4212 -3112 20208 -3016 204 -1909 END
START -3540 -3040 20216 -2823 29 -1839 END
START -3180 -3196 19788 -2750 572 -1768 END
START -2652 -3504 19864 -2621 1013 -1615 END
START -2252 -3984 19856 -2651 1756 -1254 END
START -2176 -4380 20016 -2491 2374 -926 END
START -2616 -4812 20208 -2360 2354 -639 END
START -2448 -5240 20020 -2806 2463 -295 END
START -2192 -5072 19520 -3176 3018 426 END
START -1988 -4964 18760 -3452 3721 1008 END
START -2472 -5172 17748 -3101 4695 1746 END
START -2444 -5156 16860 -1725 4704 2070 END
START -2292 -5116 17184 -1681 3897 2395 END
START -2036 -4820 16984 -1384 3225 2493 END
START -1976 -4980 16548 -1665 3003 2320 END
START -1692 -5388 16852 -2954 2339 2250 END
START -1248 -6384 16400 -3688 2437 2784 END
START -1280 -6948 15968 -3898 3884 4110 END
START -1216 -6920 15316 -3919 4622 5650 END
START -1740 -7008 14200 -3385 4447 7027 END
START -2916 -6804 13560 -3701 2708 7684 END
START -2004 -5080 12784 -2872 950 7926 END
START -2180 -4580 12336 -2617 660 7972 END
START -2676 -4372 12832 -2693 1101 7675 END
START -2396 -4416 11888 -1995 399 7428 END
START -1992 -4420 11316 -1320 345 7693 END
START -1984 -4080 11532 -967 -183 8288 END
START -2128 -3460 11716 -1202 -1651 8560 END
START -2172 -2828 12064 -1421 -2605 8690 END
START -2516 -2388 12348 -1001 -2664 8992 END
START -2760 -1760 12768 -99 -2574 9128 END
START -2400 -1508 13400 -40 -2070 9114 END
START -2332 -1388 13244 37 -2056 9131 END
START -2128 -684 13864 74 -1836 9040 END
START -2216 -496 13932 -97 -1819 8643 END
START -1844 -664 13436 -465 -1860 8505 END
START -1520 -436 12916 -266 -2243 8869 END
START -2036 328 13380 155 -3125 8992 END
START -2228 892 13716 -225 -3528 8771 END
START -2240 1040 13736 -481 -3562 8388 END
START -2336 1436 13192 297 -3516 8146 END
START -2784 1788 13196 1926 -5480 7689 END
START -3672 1176 13076 6026 -9983 6465 END
START -2800 2020 13224 7908 -11124 5282 END
START -2300 2576 13800 10025 -11376 4990 END
START -2016 3700 16576 7906 -11779 5083 END
START -2552 2544 16808 -957 -5750 5944 END
START -2592 3192 15020 -322 -7160 5210 END
START -2008 3204 15160 -1098 -7584 5257 END
START -2512 3504 16228 -712 -7789 4484 END
START -2512 3896 15920 -335 -7535 3532 END
START -2612 3860 16020 667 -7356 2364 END
START -2828 3040 15588 1952 -6615 1600 END
START -2528 3328 16832 3428 -5832 1185 END
START -2004 4100 16756 3580 -5784 1172 END
START -1976 4880 18036 2972 -6412 739 END
START -2052 5312 17132 2390 -6966 -217 END
START -1700 6296 18324 1854 -6777 -1385 END
START -1784 6028 18012 774 -7458 -2443 END
START -1532 5300 18548 561 -7861 -3603 END
START -1420 4144 18628 1556 -7126 -4427 END
START -1416 3788 19240 3207 -6414 -4792 END
START -1060 4076 19816 4601 -5587 -4901 END
START -1284 4912 21120 4301 -4963 -5293 END
START -1512 5964 21408 3066 -5123 -6269 END
START -1436 6088 21376 1558 -5668 -7816 END
START -1032 5324 21848 482 -6139 -9301 END
START -312 3672 21896 873 -5733 -10077 END
START 72 2500 22888 2016 -4698 -9904 END
START -76 2204 24092 3274 -3369 -9467 END
START -208 2336 25136 3870 -2196 -9251 END
START -328 2672 26292 3956 -1204 -9372 END
START -340 3048 26648 2917 -913 -9622 END
START -532 2936 27292 1462 -699 -10013 END
START -652 2500 27524 335 -474 -10616 END
START -292 1672 27216 285 309 -10996 END
START -1672 1988 26768 -509 940 -10686 END
START 200 -988 28100 2509 3271 -11086 END
START 1120 -1564 28324 2037 4655 -10104 END
START 1296 -1844 27996 894 5315 -9242 END
START 1276 -2456 27164 -236 5917 -8473 END
START 900 -2912 25716 -548 6461 -7858 END
START 1528 -3548 24836 -446 7180 -7376 END
START 1612 -4068 24092 -880 8141 -6380 END
START 1504 -4180 23120 -1566 9346 -5099 END
START 1180 -3740 22036 -1686 10557 -3997 END
START 444 -3556 21164 -1849 11392 -3203 END
START 736 -3296 20364 -1168 12367 -2779 END
START 508 -3268 18984 -1432 12190 -1915 END
START 64 -2972 18060 -1878 10760 -1413 END
START -160 -2388 17032 -2528 11060 -1199 END
START -492 -2380 15928 -2977 13196 -899 END
START -604 -3140 14724 -2670 13185 -563 END
START -796 -3228 14112 -1808 11902 76 END
START -1196 -2960 13340 -937 10457 614 END
START -1344 -2460 12572 -976 8490 982 END
START -1652 -1632 12072 -2148 7210 1009 END
START -1800 -1296 10796 -3221 6375 801 END
START -1588 -1172 9144 -3054 6856 775 END
START -2084 -1280 9480 -1987 5492 814 END
START -2068 -1292 9808 -1114 3360 656 END
START -1892 -1232 9436 -1818 2972 738 END
START -2400 -1428 9420 -1295 2801 1012 END
START -2332 -924 9760 -437 2495 1367 END
START -2628 -416 9900 -139 2327 1378 END
START -2532 164 9608 156 2038 1152 END
START -2348 56 9060 487 1489 940 END
START -2524 -28 9196 758 684 733 END
START -2420 -208 9576 893 -466 567 END
START -2628 -300 10472 834 -1361 501 END
START -2540 -424 11056 416 -1862 378 END
START -2608 -488 11980 28 -2239 446 END
START -2492 -376 11800 75 -2370 738 END
START -2608 -200 11864 670 -2481 932 END
START -2700 96 11908 1158 -2934 1168 END
START -2864 608 12764 1314 -3386 1221 END
START -2980 964 13600 1309 -4828 831 END
START -3044 1044 14140 726 -6166 145 END
START -2712 572 14032 334 -5801 -430 END
START -2320 132 13968 105 -5381 -510 END
START -2252 -532 14284 764 -5302 -405 END
START -1748 -288 14980 1593 -6144 -207 END
START -1540 -164 14848 2662 -7363 145 END
START -1836 212 15096 3882 -9212 279 END
START -1452 328 16588 5672 -11981 -549 END
START 3324 1196 14808 -3386 -6583 1111 END
START -1244 -1376 15768 -2067 -6074 -290 END
START -340 -1268 15828 -712 -6164 291 END
START 588 -1708 14400 1057 -4520 1122 END
START 176 -716 16944 1564 -3697 1627 END
START 748 -472 15876 227 -4446 1807 END
START 348 -720 12832 -568 -4744 2046 END
START -424 -1288 11892 -495 -6305 1999 END
START -940 -1124 15728 35 -7756 2091 END
START -1352 -380 18620 99 -7150 1707 END
START -800 -756 17916 424 -6231 1371 END
START -76 -172 17152 2380 -5223 1107 END
START 876 -1712 16556 3721 -4500 1071 END
START 1636 -1592 16872 4167 -4156 1369 END
START 1584 -1896 17620 1960 -5959 2058 END
START 984 -1444 17764 15 -7382 3075 END
START 540 -104 21040 167 -7445 3255 END
START -456 -828 19048 -217 -7485 3547 END
START -684 236 19516 1946 -5973 3811 END
START -796 456 19468 3365 -5003 3325 END
START -32 124 19172 4668 -3768 2916 END
START 92 148 19356 3731 -4343 2830 END
START 800 -152 19496 2395 -5550 2753 END
START 732 -240 19060 743 -6864 3165 END
START 532 196 21840 -4052 -6958 4030 END
START -200 -1432 22164 2705 -9057 3639 END
START 1212 -1472 22264 3428 -3934 4926 END
START 36 -1928 22676 6177 -4476 6103 END
START 396 -1048 23148 4976 -3213 7136 END
START -740 1292 23048 3321 -3694 7284 END
START 24 1796 26964 2675 -6160 6365 END
START -320 -1544 25292 2754 -2979 6254 END
START -1328 724 24604 3553 -630 6912 END
START -1684 1072 26448 3805 -567 7736 END
START -2276 588 27760 1849 -317 9043 END
START -2808 1824 26136 546 -1935 9664 END
START -2000 3264 26512 -711 -2775 9594 END
START -5596 3408 24500 -1063 -452 9190 END
START -4856 872 17944 5 2507 7916 END
START -1624 3912 21160 2475 4906 6399 END
START -14024 3784 15928 8799 5933 6499 END
START -1520 12340 17088 -5256 60 6182 END
START -4428 11452 20564 -2039 4276 4700 END
START -3460 11636 22464 -1568 2241 2213 END
START 4588 -3892 31892 -4990 243 3272 END
START -696 3568 27728 -10863 1696 6806 END
START 180 3048 25956 1216 8246 5196 END
START 192 3828 26268 6059 5811 2221 END
START 1376 -1508 19184 6371 8709 1953 END
START -632 -736 31304 2054 9734 1986 END
START 1184 2040 20452 -2260 3585 3805 END
START 520 1756 17804 -1716 6717 4332 END
START -188 4632 18820 -1693 7100 4534 END
START -1104 6220 17912 -1931 5737 3812 END
START -1612 7952 18624 -2749 3631 2197 END
START -1908 9700 18604 -3510 3265 218 END
START -2132 9388 19008 -3355 5336 -1644 END
START -1756 9396 15840 -3225 5641 -3449 END
START -1256 9612 16904 -2766 5605 -5174 END
START 112 8068 18036 -1478 5597 -6152 END
START 996 6924 18356 -2102 5149 -5489 END
START 588 7716 17680 -675 5731 -5099 END
START 132 9156 17436 -730 5674 -6277 END
START 144 9660 16992 -1498 4566 -7589 END
START -188 9220 17048 -1246 3915 -9150 END
START 268 9040 16748 -1737 3444 -10442 END
START 344 8708 16472 -1745 3343 -11330 END
START 88 7800 16352 -1589 3022 -12029 END
START 568 6728 16708 -1160 2948 -12233 END
START 380 6072 16472 -332 3088 -12088 END
START 520 5748 16392 979 3618 -11889 END
START -128 5872 16688 2340 4184 -11884 END
START -720 6124 17132 3180 4401 -12594 END
START -1000 5956 18160 3239 4133 -13590 END
START -568 5052 17472 3360 4967 -14621 END
START -776 3832 17864 2784 4185 -15296 END
START 168 2324 17244 1134 3645 -15440 END
START 736 -132 17028 -966 4332 -14598 END
START 2064 -2352 15392 -2563 6313 -12544 END
START 1684 -3820 14696 -986 6960 -10675 END
START 744 -3004 16704 1295 5658 -9636 END
START 704 -2192 16468 2100 3503 -10163 END
START 648 -3308 15348 746 4382 -10735 END
START 692 -4756 14272 -72 5948 -10600 END
START 980 -6428 12912 175 6839 -9903 END
START 1196 -7680 11848 902 6064 -8667 END
START 1004 -8696 11000 1982 4946 -7189 END
START 860 -8164 12296 2536 3036 -5230 END
START -52 -7864 12860 1790 766 -3869 END
START 520 -6756 11728 49 943 -2902 END
START -212 -6476 11096 346 -332 -2038 END
START -624 -6172 12424 654 -1920 -1689 END
START -408 -6020 14136 -431 -2019 -1202 END
START -436 -6248 14240 -841 -1494 -411 END
START -744 -6148 15268 -1315 -1599 836 END
START -528 -4784 16380 -2290 -1935 2409 END