START -3072 -1776 18220 978 -562 -1041 END
START -3028 972 16932 -859 -1423 -581 END
START -2716 -1100 16772 -483 -296 -618 END
START -4180 -2480 16788 517 204 -288 END
START -3896 -2124 17140 -23 229 24 END
START -4028 -2348 17040 198 -177 21 END
START -4016 -1856 17500 -255 -329 143 END
START -4124 -1380 17524 -1479 -956 -90 END
START -4260 -1272 16852 -2037 -1719 -637 END
START -4324 -1308 16636 -1834 -2350 -1208 END
START -3992 -1320 17036 -1700 -2318 -1654 END
START -4240 -1784 17156 -1791 -2184 -1981 END
START -3552 -2272 16828 -866 -1546 -1958 END
START -3420 -2812 16784 96 -711 -1395 END
START -3252 -2760 16956 1065 -926 -1036 END
START -3188 -2488 17744 891 -643 -645 END
START -3280 -2472 18004 594 -519 -436 END
START -3504 -2132 18232 84 -758 -358 END
START -4000 -1772 18500 -621 -1061 -582 END
START -3912 -1608 18736 -973 -1774 -1055 END
START -4172 -1784 18920 -1730 -2000 -1180 END
START -4332 -2132 18784 -1604 -2159 -1404 END
START -3956 -2604 19412 -1112 -1785 -1382 END
START -3692 -3184 19716 -811 -735 -918 END
START -3592 -3356 19844 -237 134 -468 END
START -3504 -3000 20008 247 579 -243 END
START -3768 -2568 20484 -158 876 -352 END
START -3784 -2708 19760 -703 1314 -885 END
START -3900 -3008 19548 -976 1315 -1347 END
START -3464 -3444 19216 -933 1376 -1489 END
START -3372 -3760 19456 -936 1088 -1302 END
START -3012 -4064 19144 -774 1454 -1105 END
START -2484 -4272 19052 -633 1812 -335 END
START -2456 -4336 19268 -700 1762 354 END
START -2808 -4452 19124 -1237 1704 793 END
START -2400 -4540 18488 -1453 2407 1256 END
START -2496 -4648 18188 -1239 2976 1617 END
START -2496 -4768 17804 -899 3151 1943 END
START -2692 -4572 17556 -923 3082 2221 END
START -3048 -4544 16884 -687 3310 2379 END
START -2868 -4196 16480 -545 2436 2329 END
START -2892 -4180 16148 -544 2622 2299 END
START -3372 -4692 16240 -87 1856 2219 END
START -2720 -4292 16688 -814 1755 2352 END
START -2060 -4608 15756 -1160 2743 2897 END
START -2228 -4948 16080 -1095 2962 3548 END
START -2276 -4976 16160 -1017 2283 4074 END
START -2040 -5104 15496 -1239 2627 4813 END
START -2412 -4816 15144 -998 3086 5154 END
START -2724 -4600 14424 -836 2921 5319 END
START -2944 -4140 14892 -647 1834 5324 END
START -2968 -4068 14476 -1022 1003 5433 END
START -3256 -3768 14416 -2014 -95 5580 END
START -3236 -3932 14132 -2893 -915 5593 END
START -2648 -3884 13764 -3118 -623 5860 END
START -1728 -3748 13924 -2936 -198 6461 END
START -2376 -3884 12856 -1524 -1013 7049 END
START -2468 -3424 13028 -125 -638 7473 END
START -2624 -2992 13140 877 -573 7530 END
START -2880 -2672 13380 1513 -246 7537 END
START -2836 -1964 13820 1772 -542 7420 END
START -2960 -1424 13592 984 -516 7241 END
START -2764 -1256 13176 276 -1217 7011 END
START -2472 -1116 12560 478 -1472 7105 END
START -2380 -892 12844 1235 -1972 7289 END
START -2080 -504 13708 1520 -1975 7435 END
START -2184 -184 13780 1291 -1549 7764 END
START -2920 404 13908 949 -1968 7715 END
START -2924 948 13700 848 -2166 7259 END
START -3444 1048 13956 588 -2532 6643 END
START -3340 1184 14140 374 -3105 5911 END
START -2880 804 14080 236 -3027 5547 END
START -2508 740 14096 755 -2788 5692 END
START -3216 544 14512 1355 -2590 5854 END
START -3220 1168 15160 1417 -2715 5656 END
START -3668 1292 14876 2492 -4872 5233 END
START -2864 2092 13776 3707 -7547 4713 END
START -3400 2352 15076 4814 -9102 4066 END
START -4192 2604 14900 7286 -10407 3221 END
START -7144 4920 14460 -1227 -9931 3595 END
START -1584 4252 12944 -3440 -4300 3136 END
START -3800 1904 15168 -359 -5246 2178 END
START -3284 1668 15164 901 -3931 2299 END
START -3000 1748 15560 1961 -3218 2521 END
START -2812 2432 15132 2080 -3778 2833 END
START -3204 3472 15940 1933 -4936 2706 END
START -4100 4100 16488 919 -5759 1943 END
START -3996 4288 17160 -74 -6362 582 END
START -4244 3736 17488 -420 -6396 -653 END
START -3352 3120 17348 314 -6163 -1586 END
START -2624 2904 18116 1327 -5629 -1854 END
START -2072 2932 18608 1491 -5444 -1830 END
START -1768 3340 19276 1185 -5524 -1663 END
START -2120 4228 19720 189 -5923 -1825 END
START -1840 4684 19440 -591 -6044 -2802 END
START -1788 4772 18984 -1304 -6275 -3670 END
START -1428 4384 19628 -1238 -6134 -4723 END
START -1868 3644 20336 -550 -5563 -5763 END
START -1704 3164 21056 -34 -4628 -6383 END
START -1332 2864 21132 515 -3504 -6539 END
START -1184 2876 21184 1244 -2983 -6705 END
START -1052 3364 21732 1424 -2796 -6780 END
START -1384 3704 22448 914 -2775 -7314 END
START -1368 3420 22604 404 -2559 -8066 END
START -1396 2600 22428 256 -2257 -8597 END
START -1064 1824 23228 491 -1992 -8948 END
START -696 1120 23948 434 -1614 -8933 END
START -480 964 25184 11 -1481 -8843 END
START -308 504 25532 -317 -783 -8954 END
START 32 -64 26080 -294 73 -9093 END
START 88 -628 26180 -488 854 -8916 END
START -36 -1444 26284 -588 1980 -8780 END
START 300 -2272 26264 -699 3067 -8535 END
START 724 -2976 25448 -898 3859 -8060 END
START 984 -3072 25028 -678 4176 -7671 END
START 1308 -4084 24656 -809 5260 -6731 END
START 828 -4284 24716 -1041 5680 -5769 END
START 828 -4216 23928 -1992 6174 -4907 END
START 444 -4104 23032 -3116 7121 -4168 END
START 520 -4520 22036 -2769 8023 -3726 END
START 668 -4780 21648 -2437 9241 -2821 END
START 456 -4636 20884 -2516 10208 -1895 END
START -36 -4400 19588 -2478 10413 -1077 END
START -548 -3904 17964 -2136 10897 -630 END
START -660 -3588 16900 -1387 9665 -269 END
START -1684 -3080 17092 -1155 8448 -51 END
START -1672 -2800 15748 -1047 8331 -123 END
START -1428 -2484 14748 -1377 8316 -83 END
START -1672 -2612 13456 -1906 9061 67 END
START -1336 -2584 12808 -2181 8490 231 END
START -1360 -2656 11836 -1460 8076 638 END
START -1464 -2420 11800 -884 6740 920 END
START -1488 -2236 12068 -767 5462 931 END
START -1108 -2368 11528 -1334 5160 1258 END
START -1036 -2236 10796 -1209 5452 1998 END
START -1752 -1876 10976 -931 4606 2415 END
START -2240 -1520 10524 -719 3931 2505 END
START -2168 -908 10300 -662 3043 2630 END
START -2888 -400 9884 -151 2436 2471 END
START -2788 52 9884 253 1368 1896 END
START -2932 160 10200 -21 388 1447 END
START -2988 72 10260 -488 -707 866 END
START -2804 -252 10212 -304 -1226 489 END
START -2788 -592 10768 528 -937 347 END
START -2956 -676 11456 1202 -376 227 END
START -2636 -796 11552 1409 129 98 END
START -2464 -1068 11068 1790 439 326 END
START -2520 -924 11040 2582 -33 757 END
START -2456 -512 12044 2793 -901 925 END
START -2888 -8 13096 1942 -1825 734 END
START -3140 128 13480 853 -2478 319 END
START -3072 80 13212 347 -3112 13 END
START -3072 200 13500 427 -3737 -88 END
START -3292 -252 14048 627 -4153 -426 END
START -2976 -364 14920 695 -4523 -944 END
START -2064 -868 14556 1782 -5407 -1248 END
START -1520 -676 14480 2351 -6129 -1109 END
START -1716 -656 14664 3002 -6744 -1117 END
START -1628 -744 14928 3283 -7971 -999 END
START -2360 -1324 16080 3236 -8624 -1182 END
START -1368 -2028 17164 2272 -8970 -1102 END
START -12 -2436 14164 1424 -8715 -183 END
START 1600 -1344 15340 -785 -3446 804 END
START 16 -1912 17300 1266 -5389 456 END
START 856 -1476 17396 833 -5058 490 END
START 264 -1956 18008 205 -5903 451 END
START 120 -2712 16660 232 -6377 791 END
START 344 -2440 15932 380 -6279 1387 END
START -784 -2236 16540 280 -7123 2124 END
START -572 -1464 17448 -31 -7629 2389 END
START -596 -996 17960 -196 -7681 2430 END
START -244 -628 18508 473 -7405 2030 END
START 176 -552 18820 1279 -6329 1950 END
START 488 -884 19292 1355 -5623 2058 END
START 752 -1044 18768 906 -4672 2416 END
START -292 -772 17344 636 -4542 2839 END
START -724 -808 16672 1460 -5591 2990 END
START -872 40 18880 1153 -6448 2804 END
START -672 -108 18968 769 -6578 2589 END
START -608 -120 19372 623 -6389 2639 END
START -112 -88 19184 906 -6310 2413 END
START 1096 -280 18088 1677 -5998 2482 END
START 848 200 18664 2210 -6408 2642 END
START 1104 92 18928 1227 -6690 2003 END
START 1768 -640 18036 1173 -5434 1860 END
START 812 -1136 19368 1879 -3702 2592 END
START 632 -1912 17048 1378 -6566 2392 END
START 1520 -1772 20756 4198 -5837 2833 END
START 2232 -2036 22960 4109 -4507 3638 END
START 2996 -2368 25188 4140 -5200 4749 END
START 3224 -2004 26812 3081 -4390 6035 END
START 3076 -3372 24320 2828 -3507 6367 END
START 1912 -2088 25136 4149 -989 6961 END
START 4 -2212 26164 3454 -3690 7710 END
START -392 -2056 23816 3671 -1908 8405 END
START -1732 -1100 25628 3789 -423 8446 END
START -1256 448 26548 -818 -1815 8810 END
START -956 2236 27116 1935 1218 8269 END
START -1952 1800 24848 2431 2511 7928 END
START -1308 1364 23804 1409 2745 8244 END
START -1820 1544 23316 -803 1690 9149 END
START -1892 2092 21880 -831 1927 9648 END
START -2128 4160 23728 -2455 955 9895 END
START -2016 3392 21692 -2664 1972 9255 END
START -2048 4976 21200 -5085 5796 8538 END
START -6404 4548 18760 -1365 11658 5807 END
START -2580 5384 19012 -6753 -1792 5122 END
START -3404 6184 23388 -4823 436 3769 END
START -2688 5624 20532 -4662 2185 2289 END
START -1700 5732 21108 -4386 1412 1356 END
START -1536 5632 21516 -4923 327 790 END
START -1360 5884 22052 -1745 143 -249 END
START -488 5956 21240 -264 2078 -946 END
START -104 9192 21788 -2464 4647 -1186 END
START -984 7868 21556 -2232 4413 -2437 END
START -152 7564 20960 -1894 5682 -3593 END
START -196 8556 20952 -2148 7299 -4451 END
START 128 8588 20464 -2380 6790 -5837 END
START 172 8604 20532 -3084 6518 -6975 END
START 112 8940 20308 -3859 5756 -8035 END
START 976 7736 19720 -4001 5450 -9203 END
START 1356 6296 19648 -3390 5804 -9436 END
START 1948 5360 18800 -2187 6301 -9018 END
START 2024 5496 18412 -1122 6636 -8456 END
START 1368 6136 18816 -582 6365 -8652 END
START 832 7216 19116 -1530 6410 -9600 END
START 92 7144 18676 -2494 5893 -11300 END
START 584 6200 16824 -1836 6451 -12842 END
START 848 4836 16812 -373 6593 -13558 END
START 944 3592 18340 -294 6456 -13398 END
START 1012 2320 17800 273 7770 -12918 END
START 912 2080 17296 -431 10120 -11951 END
START 24 1876 17488 930 9787 -12005 END
START 96 2352 16484 897 9172 -12385 END
START -92 2304 16200 111 8885 -13225 END
START 432 1104 15528 -1068 8368 -13983 END
START 1116 -960 14840 -2117 7857 -14086 END
START 1888 -3356 14884 -2919 8019 -13382 END
START 2952 -6252 13724 -1409 11468 -11732 END
START 2648 -6588 12332 441 12092 -9510 END
START 2188 -7576 13036 1732 10131 -7851 END
START 3236 -7360 11416 2387 8249 -6258 END
START 2240 -6936 11200 2702 5130 -5486 END
START 1808 -7308 10468 2070 4339 -5419 END
START 1632 -8284 10780 1758 4894 -4923 END
START 1536 -10384 9216 2538 3724 -3684 END
START 2028 -10060 10452 1884 2117 -1658 END
START 2680 -8308 11072 641 656 939 END
START 1488 -6760 12892 -1641 -963 2764 END
START -244 -5372 14976 -4726 -2532 3103 END
START -652 -4488 13668 -6220 -1491 2708 END