START -2816 -1944 18508 914 871 -1378 END
START -2932 540 14484 54 565 -1166 END
START -3496 -3044 18544 200 1343 -1478 END
START -3268 -2388 16928 632 1437 -1628 END
START -2916 -2240 17036 1299 477 -1670 END
START -3768 -2140 17688 2000 242 -1623 END
START -3956 -1792 18608 1942 -847 -2019 END
START -2936 -1280 18980 1067 -932 -2148 END
START -3312 -1488 19620 58 -610 -2076 END
START -3324 -1916 20004 -379 24 -2016 END
START -3392 -2384 20164 -474 844 -1588 END
START -3444 -2232 21348 -266 989 -1254 END
START -3600 -2356 21316 -1077 1112 -882 END
START -3960 -2524 21252 -1831 2179 -564 END
START -4412 -2516 21292 -2607 1695 -688 END
START -4304 -2732 20876 -3176 1862 -1204 END
START -3268 -3468 19264 -2402 2797 -1491 END
START -2732 -4116 19956 -2280 3191 -1382 END
START -2268 -4888 20036 -1697 3926 -901 END
START -1880 -5464 19188 -1267 4510 -79 END
START -1768 -5584 18544 -1146 5648 708 END
START -1892 -5740 17996 -1102 6326 1356 END
START -1896 -5924 17336 -601 6426 2086 END
START -2116 -5544 17284 -1202 6141 2720 END
START -2756 -5600 16016 -1058 4870 2918 END
START -2492 -5028 16012 -1406 4094 3057 END
START -2316 -5120 15208 -1404 4274 3265 END
START -2364 -5416 14516 -1168 3903 3635 END
START -2372 -5288 13988 -914 3760 4453 END
START -2792 -5112 14440 -688 3248 5134 END
START -2936 -4744 14348 -482 2560 5577 END
START -2932 -4440 14304 -910 2730 6030 END
START -3460 -4036 14304 -1434 2745 6256 END
START -2960 -3856 13436 -1517 1826 6251 END
START -3104 -3712 12968 -1446 1625 6254 END
START -2760 -3592 12284 -1031 1513 6348 END
START -3076 -3524 12500 -458 888 6387 END
START -2764 -3404 12392 -63 15 6552 END
START -2832 -3372 12792 -104 -123 7036 END
START -2856 -2976 12660 -221 -424 7441 END
START -2852 -2560 12736 -333 -955 7826 END
START -2784 -1960 12664 -220 -821 8164 END
START -3024 -1256 12820 60 -862 8172 END
START -2888 -888 12960 244 -902 8104 END
START -2788 -492 12092 522 -833 8090 END
START -3188 -68 12664 1340 -1220 7997 END
START -3452 264 13224 899 -2201 7449 END
START -3384 340 13284 -57 -2396 6980 END
START -3192 144 12980 -74 -2701 6698 END
START -3436 104 13428 593 -2612 6711 END
START -3580 72 13588 978 -3046 6858 END
START -2996 380 12564 1878 -2794 7292 END
START -3976 812 12704 4085 -4623 7344 END
START -3928 1932 13692 6417 -8126 6711 END
START -4224 1856 14164 8398 -9592 5920 END
START -3956 3480 16108 11754 -11697 4916 END
START -3192 4320 16624 -302 -4745 5657 END
START -4680 3036 17084 -1355 -2616 4256 END
START -3572 2800 15292 -576 -4479 3194 END
START -3052 2128 14364 235 -4114 2931 END
START -3356 848 13928 1934 -4678 2894 END
START -3424 1440 14636 2536 -5275 3096 END
START -3580 2524 17268 1397 -6135 3229 END
START -3868 2676 17772 9 -6649 3137 END
START -3748 2880 18068 -431 -6755 2742 END
START -3108 3196 17800 -326 -6054 2178 END
START -2572 3084 17208 484 -5428 1263 END
START -1744 2804 16940 1438 -4795 579 END
START -1912 2532 16944 2179 -4619 408 END
START -2140 2428 17840 1266 -5412 640 END
START -2848 2520 18328 457 -5624 685 END
START -3036 3028 18480 -1023 -6296 518 END
START -2888 3112 17432 -845 -6634 -168 END
START -2948 3388 18028 302 -6602 -1097 END
START -2312 3560 19076 410 -6369 -2184 END
START -1468 2892 18928 461 -5234 -2717 END
START -368 2776 17976 1879 -4237 -2514 END
START -4 3316 17876 2667 -3721 -1986 END
START -1120 3832 17928 2096 -3396 -1766 END
START -1848 5200 17700 -127 -4572 -2037 END
START -2200 5460 17088 372 -4687 -3645 END
START -1984 4012 17232 -1659 -6269 -4273 END
START -1064 3816 18708 -605 -5564 -5524 END
START -36 3344 18948 294 -5080 -5886 END
START 280 2852 19368 786 -4450 -5586 END
START -100 2712 19160 885 -3976 -5326 END
START -428 3568 19536 1058 -3958 -5451 END
START -712 4184 20056 433 -3748 -6030 END
START -612 4120 20032 -47 -3441 -6880 END
START -752 3400 19768 386 -3365 -7417 END
START -192 3096 20768 636 -3488 -7758 END
START -176 2744 21716 -29 -3397 -7903 END
START -544 2360 22444 -795 -3622 -7895 END
START -716 2260 22908 -447 -3239 -8200 END
START -504 2064 24008 -1059 -3165 -8697 END
START 84 1752 24884 -1638 -2551 -8988 END
START 304 1492 25200 -1642 -1815 -9029 END
START 1328 1044 25656 -584 -946 -8998 END
START 1204 196 25860 97 811 -8567 END
START 1064 -8 25980 -345 1833 -7914 END
START 468 -240 25472 -837 2366 -7557 END
START 480 -584 24596 -1266 2862 -7398 END
START 380 -1004 24464 -1469 2907 -7433 END
START 828 -1228 24716 -1675 3044 -7342 END
START 988 -1592 24308 -1850 3469 -7271 END
START 1468 -2100 24332 -1954 3915 -7149 END
START 1736 -3220 23792 -1599 4645 -6469 END
START 2096 -3920 23816 -697 5533 -5219 END
START 1540 -3780 24220 -942 6124 -3921 END
START 744 -3128 23796 -2012 6313 -3129 END
START 564 -3168 22204 -1246 7867 -2665 END
START 104 -3148 21372 59 8718 -2245 END
START -356 -2600 21092 841 9401 -1968 END
START -628 -2332 20180 1049 9682 -1723 END
START -1228 -2028 19772 732 9124 -1650 END
START -996 -1792 19272 -232 8635 -1609 END
START -1292 -2132 18676 -1461 8568 -1299 END
START -1464 -1928 18320 -2446 8193 -845 END
START -1436 -1848 17888 -3537 8186 -588 END
START -1408 -1760 17252 -5054 8959 -189 END
START -1732 -1832 17244 -6227 8521 238 END
START -1648 -1932 15840 -5019 9254 470 END
START -1472 -1644 13992 -3474 10358 811 END
START -2432 -1556 14560 -2066 8767 733 END
START -2020 -1552 14140 -1433 8170 770 END
START -1892 -1856 12904 -1844 8094 1125 END
START -1932 -1676 11476 -2549 7294 1355 END
START -2132 -1620 10388 -3102 5443 1405 END
START -1928 -1724 10044 -3441 4538 1450 END
START -1616 -2164 9128 -2928 4779 1906 END
START -1804 -2144 9308 -1621 4508 2237 END
START -2092 -1540 9808 -352 3724 2457 END
START -2304 -452 9524 -323 3457 2368 END
START -2864 20 8692 -919 2886 1946 END
START -3036 8 8452 -622 1967 1300 END
START -3064 -308 8148 81 1129 849 END
START -2812 -668 8428 1063 771 595 END
START -2560 -1148 8996 2108 286 729 END
START -2352 -1376 9404 2551 -59 1202 END
START -2232 -964 9640 2969 -458 1530 END
START -2660 -588 10696 3265 -835 1628 END
START -3044 -168 12356 1637 -1477 1371 END
START -3204 84 12320 -454 -2333 803 END
START -3076 -84 11480 -682 -2635 466 END
START -3264 -220 12084 433 -3351 156 END
START -3048 -692 12716 1052 -3357 162 END
START -2888 -820 13636 1892 -2663 351 END
START -2760 -596 14324 1962 -2359 547 END
START -2452 -468 14368 1577 -3240 542 END
START -2488 -184 13732 1298 -4319 371 END
START -2608 144 13028 1398 -5380 36 END
START -2696 64 13692 1841 -6036 -195 END
START -2856 -52 14992 2839 -7506 -549 END
START -2572 104 14956 3168 -8871 -770 END
START -2176 624 12944 4607 -9119 -1077 END
START -1100 -4 14740 -2512 -3465 -302 END
START -1608 -968 14800 74 -5263 -95 END
START -180 -1196 12768 -243 -3439 683 END
START -1188 -1488 12244 1622 -3441 1024 END
START -1124 112 14404 2690 -4860 597 END
START -796 400 15952 1698 -4877 -21 END
START -436 -176 16924 1271 -5306 -396 END
START -64 -876 16772 631 -4858 -435 END
START -388 -1312 15360 788 -4918 -310 END
START -936 -2520 13312 1715 -4708 293 END
START -1724 -1356 14956 2822 -4416 816 END
START -2016 740 16812 1602 -5880 434 END
START -1260 -700 14556 -654 -7177 278 END
START -1516 -1884 12888 -402 -9201 134 END
START -72 -1272 16700 -429 -10228 -97 END
START 352 -2136 19192 -352 -9504 366 END
START 608 -2548 20492 435 -8353 1063 END
START 908 -2196 20912 1719 -7449 2172 END
START 828 -1240 21500 2336 -6655 2991 END
START 1096 -308 22348 1818 -6697 3205 END
START 1136 -132 22776 620 -6088 2871 END
START 1856 -652 21860 564 -6338 2768 END
START 1492 -1068 21896 2333 -5586 3042 END
START 1552 -2560 23960 2834 -4658 3900 END
START -576 -152 26468 8094 -8849 4690 END
START 1780 1796 24652 5642 1058 5661 END
START -604 1780 22560 6237 -3051 5713 END
START -116 1828 20604 8072 -2492 5832 END
START 600 1344 20688 9332 -1876 4952 END
START -56 1900 22804 6292 -967 4181 END
START 64 464 22260 5350 -854 4472 END
START -424 448 32767 1915 -1453 6289 END
START -2152 -2408 22900 -2551 3772 8529 END
START -4380 8 19956 2570 2687 8096 END
START -4568 2000 23516 5248 735 7415 END
START -3092 1516 22684 2936 1190 7788 END
START -2572 -756 21464 588 -5071 7611 END
START -2392 2252 24036 465 -4301 8152 END
START -1656 3188 23380 -1009 -1189 8563 END
START -624 552 24760 334 2249 8660 END
START -704 -3076 19028 314 1490 9380 END
START -1132 -1396 19364 496 154 10151 END
START -1528 1532 21732 -805 409 10321 END
START -1944 2072 20180 -1847 80 9701 END
START -1824 2168 21516 -2090 525 9196 END
START -1488 2324 21564 -3605 1246 9421 END
START -2324 3368 21256 -2766 841 8366 END
START -2452 3520 20940 -3181 1373 7718 END
START -2872 3252 21080 -1869 2612 7452 END
START -2412 4148 20672 -875 3216 7016 END
START -3128 5396 21496 -3577 2685 7136 END
START -5308 6964 19968 -4634 4287 6768 END
START -3724 7276 22396 -4606 817 4205 END
START -3064 7968 23012 -5602 -761 3479 END
START -2888 7564 23380 -4830 2119 1792 END
START -2000 6600 22280 -1334 1379 767 END
START -2052 7080 22560 1310 911 -385 END
START -660 8324 22888 -3141 5572 -801 END
START -1068 8592 23640 -4260 4139 -1736 END
START -272 8636 22580 -5167 4066 -3005 END
START 292 8040 22140 -4605 4936 -3665 END
START 468 7996 21132 -3950 6011 -4374 END
START 392 7680 20628 -3372 7087 -5145 END
START 200 7848 19636 -2440 7658 -5856 END
START 804 7776 19508 -1859 7362 -6893 END
START 776 7516 19132 -2525 6544 -7456 END
START 856 7516 18292 -3078 5398 -7907 END
START 832 7076 18340 -3323 4658 -8380 END
START 628 6600 18524 -3814 4507 -8903 END
START 1120 5524 17480 -3127 5495 -8977 END
START 564 5440 16768 -757 6499 -8920 END
START 192 5760 16952 864 7269 -9536 END
START -8 6108 16320 1735 7477 -10075 END
START -436 6432 16560 2373 7066 -10938 END
START -540 6644 16888 2274 6316 -11850 END
START -484 6056 16880 1815 6308 -12708 END
START -440 5232 16592 1184 5474 -12929 END
START -672 4588 16276 517 4833 -13025 END
START -608 3796 16872 102 3928 -13285 END
START -396 2768 16656 -859 4950 -13418 END
START 96 2252 17252 -2206 6390 -13073 END
START -260 1448 17104 -774 4955 -13530 END
START 396 492 16168 -1061 6680 -13731 END
START 384 -400 16640 -1952 7126 -13597 END
START 808 -2248 16000 -2793 7371 -13640 END
START 2012 -4848 12984 -2083 10932 -12713 END
START 1740 -7216 14880 -1005 10669 -11364 END
START 2060 -7552 13620 678 12186 -8974 END
START 672 -7268 13944 907 5866 -8017 END
START 1336 -7192 12328 -503 5053 -7285 END
START 188 -7588 11456 -1056 4135 -6598 END
START 272 -8308 10544 -237 3900 -6251 END
START 992 -9720 9076 735 5346 -5311 END
START 180 -9992 10104 2056 4514 -3965 END
START 764 -9868 10232 3265 2881 -2503 END
START 64 -9304 11100 2462 3188 -577 END
START -1336 -7920 10928 1364 2177 491 END
START -1872 -6336 10448 397 593 708 END
START -2596 -5424 10912 -115 -753 461 END
START -2688 -5064 11056 -566 -1606 228 END
START -2968 -4904 11876 -254 -2351 191 END
START -2840 -4864 13288 -1125 -3358 562 END
START -2724 -4776 13628 -1955 -4191 1584 END
START -2676 -3372 14968 -2813 -5166 2676 END
START -3644 -1684 15668 -3606 -4655 3123 END
START -4708 -696 15168 -2773 -2858 2151 END