START -3288 -1372 17608 258 -1572 -831 END
START -3976 704 9908 -1814 -2519 -745 END
START -3888 -1640 17480 -1216 -2343 -1205 END
START -2832 -1712 16392 -777 -3025 -1450 END
START -1580 -1764 16188 441 -2510 -1194 END
START -1392 -1960 17344 1635 -2209 -729 END
START -1644 -1812 19256 1850 -1544 -193 END
START -1308 -1948 18932 1364 -77 145 END
START -2272 -1312 18728 230 1135 385 END
START -2520 -992 18564 -508 1254 322 END
START -3700 -1100 17064 -1162 412 -277 END
START -3460 -1256 16452 -422 -676 -1265 END
START -3228 -1280 16548 365 -1211 -1863 END
START -2912 -1296 17256 1649 -1800 -2287 END
START -2532 -1528 18700 1823 -2253 -2505 END
START -2452 -2244 19200 670 -2381 -2215 END
START -2244 -2552 19876 -712 -1550 -1575 END
START -1952 -2868 19832 -928 -558 -863 END
START -2000 -2628 19748 -783 119 -95 END
START -2508 -2044 19428 -261 406 -23 END
START -2680 -1688 19048 369 757 -621 END
START -2964 -1484 19348 769 370 -1292 END
START -2764 -1496 19580 716 90 -1926 END
START -2140 -2004 19468 -110 203 -2136 END
START -2052 -2508 19592 -161 716 -1865 END
START -1620 -2824 20148 -501 326 -1365 END
START -1596 -3096 19924 -1228 873 -657 END
START -1716 -3128 19508 -1739 2176 99 END
START -2020 -3164 19160 -1212 3277 467 END
START -2144 -2896 18852 -440 4250 579 END
START -2360 -2532 18628 -158 4023 403 END
START -2304 -2244 18704 -315 2931 -25 END
START -2156 -2548 18388 -878 2603 -261 END
START -2200 -2816 18096 -1563 2626 -189 END
START -1840 -3376 17172 -1622 3433 236 END
START -1672 -3520 17824 -1306 3489 926 END
START -1920 -3312 17932 -832 4106 1643 END
START -2064 -3336 17960 -721 2677 1899 END
START -2516 -3240 17276 -1116 2736 2070 END
START -2404 -2844 17492 -1264 3361 2157 END
START -2616 -2904 16752 -1370 3123 2159 END
START -2360 -2696 17024 -1435 3065 2090 END
START -2320 -2724 16632 -1144 3003 2003 END
START -2444 -3032 16244 -765 3216 1938 END
START -2056 -3512 16448 -398 2928 2004 END
START -1944 -3992 16668 -687 2302 2362 END
START -1452 -4112 17064 -1146 1987 3039 END
START -1472 -4552 16632 -1626 2053 3819 END
START -1532 -4328 16644 -1643 2770 4571 END
START -1652 -4340 16624 -1775 2765 4988 END
START -1912 -4180 15780 -1669 3236 5448 END
START -2080 -3812 15552 -1164 3121 5772 END
START -2240 -3764 15276 -304 2468 5785 END
START -2212 -3616 15452 -213 2279 5944 END
START -2100 -3668 14916 -297 2236 6158 END
START -2316 -3596 14948 -477 2046 6394 END
START -2340 -3552 14600 -993 1401 6694 END
START -2132 -3284 13948 -1074 892 7013 END
START -2332 -2996 13872 -821 686 7459 END
START -2216 -2488 14212 -542 -148 7543 END
START -2028 -2148 14532 -654 -260 7646 END
START -2328 -1788 14848 -846 -167 7768 END
START -2696 -1612 14736 -758 37 7591 END
START -2348 -1388 14752 -695 305 7507 END
START -2556 -1444 14328 -899 519 7529 END
START -2128 -1344 12700 -26 925 7664 END
START -2252 -844 12552 1519 974 7919 END
START -2552 -480 13256 1823 -440 7945 END
START -2704 -76 13800 1595 -1492 7690 END
START -3092 188 14436 2409 -3814 7414 END
START -3160 636 14720 3203 -5783 7185 END
START -3108 1084 15016 3475 -6319 6735 END
START -2944 1812 16208 3991 -7758 6250 END
START -3048 1600 14292 -2906 -1233 6493 END
START -3640 1952 14120 -984 -2723 5800 END
START -3360 1776 13904 -708 -2826 5497 END
START -3416 1636 14356 723 -2917 5023 END
START -2968 1348 14780 404 -3339 4720 END
START -3084 1216 15120 884 -3642 4655 END
START -3580 1880 16192 336 -3468 4770 END
START -4096 2356 16632 -722 -3556 4365 END
START -3956 2600 16048 -956 -3853 4084 END
START -3648 3152 15484 -627 -4843 3543 END
START -3492 3396 15276 66 -4851 2494 END
START -3300 3712 16000 -343 -4911 1434 END
START -3088 2812 15644 -448 -5149 516 END
START -3072 2104 15784 -390 -5192 425 END
START -3232 1492 15884 -152 -5556 821 END
START -3468 1608 16200 -221 -5905 1354 END
START -2840 2672 16332 -231 -6644 1512 END
START -2484 3844 17244 -252 -7219 1019 END
START -2272 4624 17852 -799 -7521 -248 END
START -1664 4692 19008 -1271 -8102 -1678 END
START -1620 3372 17976 -1674 -7272 -2368 END
START -1844 2948 17740 -834 -6178 -2617 END
START -3136 2752 17672 -522 -5377 -2713 END
START -2808 3184 17272 860 -5318 -3203 END
START -2304 3684 17984 1725 -5632 -3734 END
START -1772 4348 19036 1694 -6209 -4704 END
START -1088 4096 20448 870 -6421 -5724 END
START -1592 3428 21556 -225 -6153 -6193 END
START -1576 2984 21064 -545 -5679 -6528 END
START -2380 2708 21292 -528 -4856 -6993 END
START -2036 2728 21520 -174 -4690 -7976 END
START -1176 1864 22112 248 -3706 -8741 END
START -492 1492 23324 588 -2689 -8815 END
START -160 548 24428 792 -2020 -8875 END
START 76 -584 24260 795 -1583 -8330 END
START -308 -792 24304 797 -489 -7368 END
START -976 -632 24340 726 -22 -6853 END
START -936 -400 23932 745 291 -6879 END
START -1284 -116 24708 380 359 -7314 END
START -836 -664 24884 -379 495 -7842 END
START -512 -1580 24660 -651 855 -7996 END
START -128 -2168 24668 -502 1278 -7712 END
START -316 -2736 24540 -487 2035 -7473 END
START 260 -3156 24696 -515 2541 -7026 END
START 392 -3672 24756 -706 2943 -6501 END
START 1000 -4152 24604 -474 3386 -5812 END
START 760 -4056 25168 -591 3964 -4924 END
START 928 -4080 25212 -1427 4942 -4330 END
START 440 -4456 24600 -1623 6354 -3723 END
START 352 -4536 23680 -1453 7587 -3111 END
START 132 -4604 22520 -1279 9137 -2399 END
START -148 -4644 21672 -343 10308 -1670 END
START -256 -4184 20816 -273 10284 -1269 END
START -572 -3820 19712 -776 9996 -666 END
START -616 -3372 18816 -1601 9811 -223 END
START -1160 -3280 18576 -1818 9600 196 END
START -1316 -3080 17956 -2030 9382 580 END
START -1616 -2540 17408 -2608 8558 677 END
START -1516 -2544 15724 -3396 7928 566 END
START -1220 -2288 15236 -3848 9648 779 END
START -1600 -1916 15596 -2936 10742 1056 END
START -1548 -2328 13544 -2098 10461 1398 END
START -2216 -2212 13024 -1102 8404 1608 END
START -1780 -1788 11384 -374 7566 1716 END
START -2064 -1448 11228 93 6448 1618 END
START -2416 -1028 11776 -419 5120 1247 END
START -2480 -1168 11356 -2025 3870 802 END
START -2124 -1664 10492 -2754 3247 603 END
START -1508 -1864 9888 -2378 3476 1037 END
START -1784 -1912 9976 -1340 3004 1562 END
START -2016 -1296 9880 243 2817 1890 END
START -2428 -660 10368 1347 2641 1714 END
START -2172 -184 10316 2013 2816 1313 END
START -2380 -396 10560 1799 2601 911 END
START -1720 -508 10276 1478 1773 717 END
START -1892 -588 10480 720 319 809 END
START -2056 -668 10212 138 -606 707 END
START -2060 -720 10308 463 -1012 794 END
START -2228 -560 10532 1302 -1596 921 END
START -2684 -320 11484 1576 -2087 798 END
START -2968 -84 11624 1429 -2683 377 END
START -2944 132 12352 1315 -2618 64 END
START -3504 216 13168 1274 -3168 -160 END
START -3180 -76 14008 1037 -3683 -828 END
START -2788 -540 13640 1169 -2925 -797 END
START -2452 -648 13588 1760 -2782 -482 END
START -2384 -780 13772 2879 -4805 -480 END
START -2128 -476 14292 3067 -6860 -362 END
START -2584 -84 14728 3247 -7687 -642 END
START -2596 -84 15776 3247 -8280 -1164 END
START -2336 -284 16204 3639 -7713 -1559 END
START -3064 572 15156 -1112 -6146 -1933 END
START -1884 112 16880 -1862 -4262 -2048 END
START -1216 -1904 15644 -807 -4398 -2277 END
START -948 -3004 13644 1102 -3568 -1371 END
START -912 -2524 16504 2407 -3355 -83 END
START -744 -2220 16628 2280 -3677 1151 END
START -1424 -1764 17972 1056 -4433 1483 END
START -1252 -1832 18084 -91 -4758 1267 END
START -1564 -1348 19140 -936 -5089 1317 END
START -1632 -1888 18040 -1745 -4779 908 END
START -1268 -1812 17428 -1121 -4144 496 END
START -940 -1596 17408 -109 -3839 508 END
START -300 -1320 17404 516 -3380 807 END
START -396 -1468 16872 1089 -3234 1334 END
START -624 -1720 16728 1351 -3639 2004 END
START -1728 -1596 16236 1024 -3825 2326 END
START -2316 -1288 15480 961 -4831 1801 END
START -2660 -816 17264 663 -6285 402 END
START -1624 -860 18868 481 -5528 -493 END
START -680 -1576 19992 965 -4041 -388 END
START 892 -2268 19784 1658 -3355 512 END
START 1240 -1848 19924 2833 -2621 2262 END
START 612 -136 20416 2218 -2859 3516 END
START -736 1280 19864 1319 -2644 3805 END
START -1580 2180 18972 1153 -2760 3283 END
START -1716 2112 18864 666 -3236 2289 END
START -708 1988 17588 2589 -3549 1774 END
START -512 712 16576 4858 -6221 1173 END
START 308 228 20352 2054 -6066 1516 END
START -516 3308 23252 1925 -5783 1607 END
START 1160 2340 24732 2340 -5603 2565 END
START 576 796 20036 601 -3272 4115 END
START -240 88 22020 2598 -2630 4820 END
START -1416 1292 22168 4168 -2841 5058 END
START -2236 1036 22900 2869 -3975 4803 END
START -2148 992 24280 -534 -6225 3569 END
START -1500 2724 24056 381 -5034 2607 END
START -896 1772 28256 -4411 -3689 4612 END
START 368 -1464 20952 -1297 -2682 5150 END
START -164 -944 18848 227 -743 5286 END
START -232 112 18908 -125 -1454 5357 END
START 448 -336 18796 239 -1047 5843 END
START -524 208 21564 838 -803 5561 END
START -368 52 22296 1012 513 5216 END
START -540 -600 22900 1994 2706 5711 END
START -888 216 23496 1671 2697 6717 END
START -1668 704 21052 365 2908 7298 END
START -2596 1876 18328 -1738 1708 7031 END
START -3036 1932 19132 -2840 -1322 6200 END
START -2508 224 17328 -3605 -2794 6173 END
START -1904 620 19672 -3184 -2493 6465 END
START -2368 432 20428 -3143 -2757 6281 END
START -2196 180 21196 -2709 -853 6394 END
START -2000 1884 21992 -3259 -152 6154 END
START -2628 888 19336 -6444 283 5974 END
START -1300 4104 17912 -5757 7548 5491 END
START -5140 3592 18980 -3144 10082 4131 END
START -6656 3404 24692 -1820 -1345 2133 END
START -2976 4644 17840 30 56 194 END
START -3068 4992 23804 509 -1366 -1375 END
START -2892 4372 22084 20 -1176 -2254 END
START -1432 4268 23756 -1421 257 -2891 END
START -1052 3260 24380 -3211 2567 -2982 END
START -476 2760 22344 -2526 5204 -2652 END
START -1192 2448 21344 105 5769 -2744 END
START -1424 3692 22048 185 5251 -3755 END
START -1360 3940 21516 -750 5254 -4874 END
START -1368 3360 20132 -691 5013 -5603 END
START -796 3148 21244 -491 5042 -6058 END
START -640 3444 21500 -726 4604 -6179 END
START -396 3004 22504 -2558 4066 -6399 END
START 148 2164 20972 -3404 4770 -6069 END
START 140 1708 19192 -2477 5256 -5268 END
START -448 2596 18632 -1515 4514 -4785 END
START -1084 3884 18128 -626 4636 -5141 END
START -1480 4656 17716 397 4145 -6667 END
START -1776 5056 18532 782 4120 -8131 END
START -1084 4260 17864 1018 4107 -8934 END
START -1088 3988 18604 630 3349 -9042 END
START -500 3364 18400 -599 3092 -9124 END
START -632 2868 16964 79 3204 -8587 END
START -848 3980 18212 790 3605 -8361 END
START -1000 3240 15696 2409 4150 -8617 END
START -1648 3884 16520 3321 4009 -8929 END
START -1588 4368 18328 1960 3747 -9698 END
START -1896 4332 17888 717 3471 -10368 END
START -1948 2932 15432 89 3708 -10650 END
START -2012 3784 19524 680 3264 -10932 END
START -1136 1804 17796 254 2459 -10473 END
START -1832 2248 18740 -479 2389 -9436 END
START -1600 2788 17936 -690 2802 -10153 END
START -1140 1560 16384 -1515 4984 -10595 END
START -200 608 16748 -1513 5260 -11057 END
START 1036 -2180 15380 -1921 6246 -10339 END
START 1396 -1684 14012 -272 10403 -9380 END
START 968 -2256 13868 272 6568 -10157 END
START 1988 -4216 12428 825 8481 -10771 END
START 2156 -6212 11568 1604 10078 -10139 END
START 2936 -7848 10816 2253 9136 -8493 END
START 2504 -9196 10240 2108 7039 -6210 END
START 3096 -10348 7652 3094 3436 -3993 END
START 2984 -10140 8452 3146 -43 -1257 END
START 1664 -7272 11648 1393 -2785 692 END
START 108 -5784 12892 -1112 -4055 -102 END
START -52 -5996 13740 -1649 -2719 -1284 END
START 376 -7216 12672 -1086 -420 -1172 END
START 756 -7528 12484 3150 1241 -32 END
START 128 -6740 13188 4118 805 1381 END
START -52 -5444 13472 3546 405 2437 END
START -1564 -4084 14980 2458 -1606 3168 END
START -2284 -2220 16292 612 -3138 3032 END
START -3660 -1380 17520 -877 -3177 1925 END
START -3536 -1592 17144 -1084 -2584 849 END
START -3396 -1576 17296 -705 -1019 949 END
START -3628 -1188 17344 -209 -633 1211 END
START -4276 -160 18340 -349 -1328 1477 END
START -4456 692 18676 -1436 -1247 1146 END
START -4264 736 18412 -1373 -194 831 END
START -4356 824 19060 -856 210 551 END
START -4056 860 19424 -1129 716 5 END
START -3356 608 19392 -2012 1282 -423 END
START -2552 -24 19340 -3146 1631 -373 END
START -2592 -1252 18460 -4371 1824 314 END
START -2584 -2056 17420 -4552 1558 1402 END