START -1636 -2504 18520 899 -191 822 END
START -1772 404 17052 -746 -1213 1561 END
START -4240 -3120 17840 90 705 1292 END
START -4484 -2424 16776 1588 1370 882 END
START -3680 -1444 17200 2976 1123 320 END
START -4272 -1364 18208 3494 1027 -313 END
START -4564 -1160 19240 2633 618 -908 END
START -4400 -1048 19464 665 260 -1404 END
START -4528 -984 19296 -334 -64 -1820 END
START -4540 -1108 19984 -807 -564 -2135 END
START -4820 -1244 20664 -1798 -951 -2191 END
START -4864 -1264 21248 -2475 -995 -2186 END
START -5204 -1628 21344 -2937 -402 -2617 END
START -4984 -2192 21252 -2580 195 -3212 END
START -4360 -3416 21528 -2364 964 -3308 END
START -3456 -4520 21156 -2084 2376 -2770 END
START -2720 -5368 20392 -1365 4086 -1805 END
START -2688 -5452 20580 -389 4852 -837 END
START -2476 -5320 19532 -202 4703 -209 END
START -2792 -5032 19204 -969 4355 -74 END
START -2824 -5228 17748 -1588 4287 -147 END
START -2776 -5308 17472 -2125 4292 7 END
START -2020 -5580 17204 -1706 2856 97 END
START -2000 -6368 16996 -1873 3354 799 END
START -2092 -6364 17108 -2155 3765 1566 END
START -1708 -7028 16136 -1864 3191 2703 END
START -1520 -6656 15752 -1796 3305 3543 END
START -1740 -6276 15424 -2014 3641 4082 END
START -1988 -5816 14988 -2034 3323 4353 END
START -2584 -5724 14860 -1946 2808 4335 END
START -2440 -5532 14328 -2232 2256 4293 END
START -2488 -5512 14100 -2619 1536 4200 END
START -2232 -5684 14072 -3221 547 4392 END
START -1792 -5728 12980 -3049 767 4933 END
START -1580 -4836 10340 -2409 3227 5871 END
START -2208 -5548 13672 -172 111 6470 END
START -1648 -4844 13516 123 1404 7173 END
START -1816 -4412 13744 -89 1756 7589 END
START -2092 -3896 13292 -399 1222 7901 END
START -2224 -3584 12640 -644 288 8019 END
START -2476 -3108 12556 -823 -474 8093 END
START -2704 -2536 12796 -689 -1158 8335 END
START -3072 -1536 13380 -523 -2059 8153 END
START -3364 -1024 13768 -344 -2485 7579 END
START -3128 -764 14548 -21 -2573 7304 END
START -2920 -896 14548 536 -1993 7309 END
START -2880 -900 15004 624 -1345 7235 END
START -2900 -916 14932 322 -761 7157 END
START -2964 -864 15012 -244 -914 7009 END
START -2748 -1088 13948 -809 -720 6980 END
START -2656 -888 13444 -263 -1565 7140 END
START -2712 -652 13920 408 -2563 7281 END
START -2640 -456 14636 456 -3303 7330 END
START -2492 -68 14892 562 -3343 7468 END
START -3020 560 14816 888 -3246 7606 END
START -3828 1300 15320 1715 -4979 7038 END
START -3848 1160 14604 4739 -8479 5780 END
START -2888 1476 13716 6335 -8911 4931 END
START -3296 836 14236 8700 -8919 4271 END
START -2664 1564 14844 8813 -6871 4485 END
START -3504 1788 16220 6680 -8102 4689 END
START -2416 2212 15344 -199 -2725 5619 END
START -3368 2272 14204 1246 -4846 4646 END
START -3308 2724 14436 435 -6132 4188 END
START -3500 3112 15360 788 -6651 3097 END
START -3412 3396 15796 557 -6766 2083 END
START -3128 2936 15808 -149 -6568 1263 END
START -2884 2008 14696 388 -6088 867 END
START -2096 2068 14932 1827 -6461 778 END
START -2268 1560 14356 2329 -6449 966 END
START -2120 2376 15648 2131 -6586 992 END
START -1972 2836 17880 1609 -6269 1013 END
START -2492 3196 16704 1632 -6481 775 END
START -2612 3688 17268 2214 -6871 -213 END
START -1680 3728 17896 2286 -7590 -1060 END
START -1312 3308 18388 1740 -7739 -1365 END
START -1132 3304 19068 1426 -7852 -1664 END
START -1696 3500 19548 1493 -7492 -1763 END
START -2376 4204 20336 1182 -7500 -2198 END
START -2488 5020 20936 1010 -7272 -3313 END
START -1892 5496 21552 996 -6821 -4583 END
START -1288 5328 22316 1164 -5909 -5620 END
START -684 4792 22644 1587 -4372 -6171 END
START -1164 4596 22808 1752 -3398 -6369 END
START -1568 4496 23056 409 -3429 -6652 END
START -2244 4348 23060 -603 -4442 -7358 END
START -1860 4044 23656 -1175 -4550 -8212 END
START -1556 3312 24844 -1232 -4012 -9315 END
START -276 2268 26576 -1352 -3102 -10156 END
START 1404 308 26144 -1183 -1267 -10104 END
START 1332 -188 26712 -1420 84 -9462 END
START 1060 -972 26444 -718 1395 -8800 END
START 760 -1164 26572 -707 2308 -8287 END
START 372 -1400 26488 -941 3029 -8209 END
START 512 -1696 26240 -1047 3629 -8336 END
START 776 -2116 26288 -1324 4351 -8432 END
START 1372 -2852 25976 -2006 4889 -8490 END
START 1564 -3656 25356 -2396 5694 -7883 END
START 1432 -4440 24316 -2579 6291 -7030 END
START 1484 -4764 23664 -2386 7564 -6084 END
START 1236 -4844 22948 -2486 8752 -5013 END
START 772 -4612 22168 -2778 9625 -4079 END
START 504 -4168 21052 -3080 10013 -3433 END
START 152 -3904 20292 -4080 10168 -3014 END
START -44 -3576 19656 -5287 11365 -2734 END
START -440 -4192 17660 -5462 11911 -2359 END
START -868 -3824 17624 -5385 11714 -2056 END
START -692 -3888 15724 -3725 12107 -1612 END
START -1236 -3892 15076 -3004 10392 -1155 END
START -1476 -3616 14528 -2647 9368 -725 END
START -1696 -3264 14520 -2999 8879 -420 END
START -1656 -2924 13768 -2863 8191 -353 END
START -1644 -2672 13080 -3303 8122 -321 END
START -1304 -2864 11968 -3695 8075 -292 END
START -1188 -3176 11004 -3386 8354 162 END
START -1492 -3220 10492 -2832 6636 417 END
START -1588 -3264 10532 -2442 5026 752 END
START -1912 -3160 10448 -2032 4054 1168 END
START -1836 -2912 10868 -1747 3303 1293 END
START -2032 -2784 11108 -1886 2951 1435 END
START -1948 -2572 10216 -1911 2625 1581 END
START -2092 -1996 9816 -1764 1774 1542 END
START -2184 -1756 9524 -1267 1279 1265 END
START -2484 -1544 9396 -495 957 867 END
START -2368 -1992 9440 381 790 546 END
START -1912 -2252 9408 1351 752 650 END
START -2000 -2328 9440 2288 373 975 END
START -1828 -1992 10256 2623 -296 1289 END
START -2000 -1664 10996 1862 -1073 1609 END
START -2628 -1268 11224 746 -1866 1718 END
START -2988 -964 10712 489 -2188 1587 END
START -3780 -392 10968 968 -3049 1039 END
START -3888 88 12056 1319 -3825 112 END
START -3452 -420 12444 1309 -4249 -741 END
START -2840 -1144 13168 1458 -4225 -838 END
START -2152 -1432 14064 1537 -4803 -417 END
START -1648 -1516 15024 1471 -5945 39 END
START -1192 -1564 14352 2657 -7533 189 END
START -1060 -888 14464 2811 -8160 296 END
START -2064 -644 13300 3657 -7069 26 END
START -2456 -812 13516 4899 -7998 -932 END
START -3268 -1476 13788 6047 -8928 -1784 END
START -1552 -1924 13728 6874 -7085 -1379 END
START 924 -1208 18548 3134 -4879 158 END
START 164 -2192 16748 3139 -3044 219 END
START 556 -2240 16160 3091 -3505 919 END
START 812 -2016 18232 2585 -2173 1321 END
START 652 -1208 15012 1418 -1439 1525 END
START 176 -1576 12676 3376 -2072 1746 END
START -1044 -972 14836 4418 -5206 1639 END
START -1452 -996 15752 4321 -7122 1262 END
START -1368 -544 19124 2812 -8183 1084 END
START -844 -676 19448 1125 -8794 951 END
START -280 -552 19716 1019 -8173 1015 END
START -668 -652 20028 5 -7558 414 END
START 316 -1260 18984 -543 -6734 -294 END
START 784 -2584 17076 478 -6704 -442 END
START 1376 -3348 18612 2239 -7115 494 END
START 1724 -2656 18664 2972 -6614 2299 END
START 1116 -2196 19692 2661 -6387 3297 END
START 356 -1780 19040 2221 -5751 3961 END
START -184 -260 17756 2259 -5686 3864 END
START -616 328 16692 3275 -5589 2008 END
START 872 -1380 15404 4369 -5296 682 END
START 2032 -2488 19612 8294 -5181 469 END
START 2224 -3776 19776 9654 -5370 1992 END
START 2088 -2824 23788 6350 -3167 4905 END
START 2296 -3460 24076 3005 -4250 7086 END
START -256 624 27488 1493 -9674 7427 END
START 2908 -604 18984 3375 -8007 7777 END
START 1292 -1384 22508 6731 -5483 6569 END
START 1128 -1764 25180 6669 -3817 6973 END
START 116 -76 30268 5350 -1522 7933 END
START -840 -2688 28872 4814 -1264 9025 END
START -580 1280 29552 3657 1719 10086 END
START -1792 2224 29136 1974 -335 11337 END
START -3080 3824 29132 3936 2445 11361 END
START -3332 5260 27148 3822 4857 11109 END
START -4020 7148 28428 1834 3310 10406 END
START -3316 6364 26984 1438 4178 8833 END
START -2452 5620 25752 46 3621 8295 END
START -1912 4500 24232 -234 5942 8116 END
START -1180 6312 19232 -311 7009 9723 END
START -2716 5500 23992 1148 3891 8137 END
START -776 5136 18772 -1912 3827 8641 END
START -2800 6748 21568 -1032 4580 7520 END
START -3248 7816 22108 -2102 4957 5475 END
START -3176 7708 21540 -3274 4032 3255 END
START -3080 6968 21564 -4560 1353 1528 END
START -2436 7400 22796 -6965 2413 319 END
START -2072 5040 21688 -8075 3361 -650 END
START -660 4468 21492 -6717 2625 -787 END
START -436 3784 18700 -5606 4103 -108 END
START -336 4716 20912 -4311 5572 633 END
START -848 5772 20236 -4453 5574 612 END
START -1376 6764 19028 -4637 6047 3 END
START -1988 7692 18596 -4289 5777 -1051 END
START -2348 8680 17712 -4249 5579 -2728 END
START -2072 8940 16956 -3877 5197 -4855 END
START -1824 8516 16852 -3811 3821 -6952 END
START -592 7444 16452 -4594 2726 -8021 END
START -512 6324 16252 -4130 2008 -8172 END
START -316 6040 16880 -3598 1550 -8011 END
START -120 5324 16736 -3157 2293 -7687 END
START -360 6016 16612 -1045 3179 -7382 END
START -904 7208 17788 53 4074 -8104 END
START -1056 7596 18512 -301 5293 -9408 END
START -876 7216 17520 -181 6158 -10603 END
START -808 5880 16192 1094 6863 -11397 END
START -816 4960 16780 1663 6437 -11607 END
START -988 4308 16356 1124 5626 -11543 END
START -1052 3972 16660 506 4236 -11566 END
START -672 3280 15972 -414 3366 -11502 END
START -236 2456 16404 -337 2782 -11269 END
START -464 2252 17944 -1414 2477 -11109 END
START 320 1560 17480 -4087 3648 -11413 END
START 344 128 17072 -5415 3018 -11331 END
START 520 -1320 15952 -5188 3361 -11200 END
START 880 -2732 16124 -4288 5200 -10614 END
START 520 -3296 15840 -1843 7382 -10050 END
START 748 -3920 15252 -499 6723 -9731 END
START 1124 -3680 14984 866 7253 -9399 END
START 1204 -4208 14312 761 6344 -9352 END
START 1196 -4764 13604 87 6409 -9031 END
START 1540 -5544 12660 -736 6163 -8634 END
START 1720 -7104 11548 -1311 5827 -7975 END
START 2276 -8568 11952 -1277 5126 -7114 END
START 2132 -10180 10464 451 3744 -5290 END
START 1820 -9452 11684 1347 1537 -3286 END
START 472 -8324 12904 815 -182 -2022 END
START 328 -7256 13424 -93 -117 -1773 END
START -252 -7076 13756 -961 -476 -1759 END
START 12 -7336 13284 -866 -79 -1495 END
START -496 -7396 13696 -254 244 -632 END
START -868 -6976 14312 -187 263 414 END
START -1652 -6196 14520 -677 -80 1171 END
START -2388 -5132 14552 -678 -706 1780 END
START -3076 -4108 15364 -695 -1397 1888 END
START -3268 -3272 16348 -1603 -1641 1625 END
START -3388 -2500 16948 -2639 -1567 1541 END
START -3756 -1836 17600 -3716 -1368 1428 END
START -3688 -1780 17536 -4897 -633 1106 END
START -3920 -2500 17044 -4387 709 876 END
START -3808 -3176 16396 -2839 1545 1054 END