START -3320 -2900 19652 1167 775 -699 END
START -3536 -816 17116 -355 287 17 END
START -4740 -3436 19824 -71 763 -310 END
START -4932 -2524 18352 1642 -342 -479 END
START -5016 -1788 20232 1697 -1150 -506 END
START -5384 -1452 21796 1284 -973 -958 END
START -5344 -1248 22572 82 -555 -1359 END
START -4756 -1452 22096 -575 320 -1416 END
START -4196 -1536 21384 -649 1104 -1431 END
START -4540 -1788 21596 -934 1152 -1607 END
START -3888 -2432 21072 -2040 2103 -1485 END
START -3904 -3064 19584 -2699 3221 -1285 END
START -3488 -3568 18688 -2428 3012 -972 END
START -3424 -3652 18344 -2681 3429 -733 END
START -3372 -4040 17248 -2615 3762 -903 END
START -2992 -4604 17156 -2421 4953 -1045 END
START -1912 -5628 15100 -1106 5230 -916 END
START -2568 -5968 17196 -1322 5701 -428 END
START -2092 -6664 15960 -930 3766 226 END
START -1816 -7076 15240 -1380 2884 1229 END
START -1872 -7192 14984 -2124 2189 2181 END
START -1612 -7120 14652 -2546 1793 2900 END
START -2112 -7148 14560 -2822 1097 3339 END
START -1208 -6944 14180 -2795 1149 3850 END
START -1328 -7108 14000 -2012 1652 4644 END
START -1612 -6896 13892 -1184 1700 5358 END
START -1588 -6276 13472 -752 1520 5956 END
START -2312 -5708 13264 -866 1086 6328 END
START -1732 -5240 12760 -616 367 6574 END
START -2084 -5092 12764 -270 392 7164 END
START -2036 -4500 13008 -64 32 7642 END
START -2304 -4192 12716 -258 15 8191 END
START -2616 -3420 13044 -98 -659 8592 END
START -3132 -2500 13604 -396 -1580 8752 END
START -3340 -1656 14304 -888 -1921 8535 END
START -3260 -1256 14424 -1320 -1979 8209 END
START -3052 -1028 13860 -1024 -1384 8165 END
START -3176 -900 13432 -41 -1126 8037 END
START -2988 -1024 13612 431 -1446 7916 END
START -2892 -1132 14184 745 -768 7807 END
START -2752 -1368 14316 1135 -724 7894 END
START -1944 -1044 14464 692 -1002 8402 END
START -2184 -644 13972 166 -1705 8911 END
START -2244 468 13888 306 -2790 9392 END
START -2880 1640 14620 468 -3780 9428 END
START -3900 2484 15736 649 -4554 8546 END
START -4288 2516 16636 1334 -6631 7412 END
START -4544 2328 16764 4528 -8921 6386 END
START -4132 3296 18348 5774 -8646 5440 END
START -4576 2760 17244 7054 -6450 4850 END
START -3580 4084 17520 7170 -6113 4235 END
START -3208 3592 16588 6259 -3790 4373 END
START -3436 2924 16668 3517 -4479 4576 END
START -4032 2444 14332 2878 -6093 4118 END
START -3396 2484 17488 939 -3671 4418 END
START -3420 2240 18376 1261 -3573 4354 END
START -3960 3096 18596 1103 -3518 4032 END
START -4096 3640 18904 943 -3755 2803 END
START -3684 3212 18812 1506 -3567 1982 END
START -3336 3128 19412 1829 -3081 1854 END
START -3268 3184 20024 1334 -3235 1367 END
START -2544 2880 19632 677 -3276 677 END
START -1524 2224 18776 531 -3005 387 END
START -448 2416 17596 939 -2880 435 END
START -436 1388 16904 183 -3269 678 END
START -208 1780 16320 -420 -2688 794 END
START -1396 1632 15016 -377 -3226 402 END
START -2048 2292 13660 -45 -4211 -322 END
START -2248 2672 16188 -842 -4524 -895 END
START -2304 2064 14880 -641 -3537 -1491 END
START -1932 2500 15648 -643 -4215 -1831 END
START -1612 2488 15496 -115 -4422 -1900 END
START -904 2748 15732 991 -4197 -1737 END
START -684 3572 16436 1416 -4028 -1537 END
START -1500 4612 17284 1157 -4047 -1638 END
START -2816 5568 16924 470 -4399 -2708 END
START -3404 5076 17272 -585 -4787 -4079 END
START -3620 4904 17388 -818 -4889 -5540 END
START -2724 4016 17312 -426 -4726 -6423 END
START -2228 3632 18284 -6 -4686 -6966 END
START -968 3664 18680 -293 -4936 -7398 END
START 100 3092 18320 -333 -4710 -7151 END
START 388 2864 19336 -389 -4290 -6582 END
START -676 2752 19224 -539 -3656 -6402 END
START -1492 3256 18772 -710 -3502 -6886 END
START -1984 3008 18004 -316 -3436 -7950 END
START -2096 3200 18640 401 -3701 -8997 END
START -1748 2804 19792 638 -3598 -9680 END
START -1180 2440 20260 1336 -2550 -9950 END
START -1100 2312 20372 2455 -1776 -10018 END
START -776 2300 21748 2686 -1666 -10184 END
START -520 2196 22508 1676 -1990 -10149 END
START -88 1664 23572 514 -2581 -10198 END
START 552 876 24832 -75 -2341 -10143 END
START 324 -1364 24824 423 -749 -9864 END
START 1196 -1188 26516 2381 1243 -9505 END
START 1312 -1556 26760 2954 3356 -8690 END
START 1152 -1372 26516 2538 3976 -8246 END
START 1044 -1156 26120 1194 3920 -8167 END
START 1520 -1652 25812 -91 3581 -8206 END
START 1772 -2852 25824 -660 3826 -7884 END
START 2268 -3604 25948 -1331 4668 -7026 END
START 2664 -4436 24632 -2323 5992 -5856 END
START 2520 -4628 23544 -2495 7805 -4344 END
START 1476 -4160 22804 -2785 8013 -3313 END
START 1312 -3732 22828 -4317 8657 -2638 END
START 576 -4052 22312 -5213 8964 -2097 END
START 968 -4324 20596 -4902 8594 -1876 END
START 828 -4352 20704 -4864 9459 -1433 END
START 712 -4616 19896 -5194 9476 -812 END
START 520 -4904 18748 -4722 10535 -176 END
START -192 -4780 17824 -4268 10995 629 END
START -648 -4428 16076 -3371 10910 1244 END
START -1020 -3676 15624 -2915 10609 1730 END
START -1936 -2944 15184 -3279 9111 1817 END
START -2140 -2612 13932 -3812 7917 1659 END
START -2132 -2432 12588 -4710 7758 1630 END
START -2148 -2324 11440 -4921 8116 1733 END
START -2552 -1996 11120 -4875 7858 1878 END
START -2524 -1972 9800 -3453 6646 1882 END
START -2316 -1832 9000 -2685 6488 2263 END
START -4632 -2404 11028 -1932 6179 2516 END
START -3388 -1020 8760 -2299 4578 2458 END
START -2984 -772 8160 -2350 2697 2265 END
START -3476 -592 7808 -2345 2207 1698 END
START -3076 -1012 7016 -1569 1829 1119 END
START -2612 -1368 6652 -279 1548 1017 END
START -2620 -1552 6732 936 792 1327 END
START -2684 -1028 7396 1958 237 1616 END
START -2924 -432 8164 2096 -438 1551 END
START -3324 -132 8752 1620 -1138 1253 END
START -3372 92 9000 1192 -2283 776 END
START -2976 72 9408 804 -3166 277 END
START -2772 -320 10360 -47 -3919 -40 END
START -2768 -736 10792 -784 -4353 -210 END
START -2408 -776 10560 -749 -4492 -148 END
START -2112 -724 10312 657 -4637 75 END
START -2056 -392 11244 2494 -5244 174 END
START -2400 -128 12584 4845 -8094 -211 END
START -2056 8 12448 5358 -10691 -924 END
START -2644 -464 12956 7689 -12071 -1873 END
START -1992 -440 13260 7476 -14920 -2479 END
START -1944 736 11624 -3630 -8065 -1328 END
START 876 -2016 14384 -1111 -6433 -1988 END
START 1592 -1440 14584 378 -8236 -1755 END
START 1176 -3904 15832 2949 -6632 -1217 END
START 1316 -2004 15864 2969 -6543 -265 END
START 280 -2328 18716 1745 -7521 -45 END
START 188 -2296 18480 2092 -8006 -92 END
START 472 -2756 18996 2387 -7925 591 END
START 600 -2616 20180 3169 -7850 1166 END
START 876 -1776 21760 2878 -7072 1840 END
START 1188 -1036 21044 1906 -7007 1769 END
START 1924 -1688 20148 1315 -7025 1612 END
START 2876 -3724 17052 2617 -5592 1854 END
START 2396 -2932 15488 2875 -6066 2216 END
START 1892 -2096 19904 2041 -6457 2882 END
START 1500 -1388 19576 2952 -6402 3334 END
START 884 -788 19928 2069 -6991 3305 END
START 1192 -560 19752 1357 -7083 3069 END
START 608 -436 19424 1346 -6689 2704 END
START 1024 -1264 18852 2235 -6203 1655 END
START 2628 -2960 18500 4233 -4881 1481 END
START 3276 -3992 19360 6139 -3693 2532 END
START 2952 -4200 20292 6568 -3357 4547 END
START 2308 -2572 20768 5334 -4044 6927 END
START 432 -368 21232 3876 -4935 7698 END
START -564 1384 23472 2526 -5904 7650 END
START -1760 704 22300 1788 -5288 6920 END
START -884 132 21640 -3470 -794 7247 END
START -1664 -1232 24060 1870 -8169 5619 END
START 244 -1328 23304 3311 -3215 6287 END
START -416 -828 24384 3100 -1813 7477 END
START -624 -568 24656 3132 -2098 8456 END
START -568 408 26628 1286 -2344 9855 END
START -1064 1432 26960 291 -1307 10907 END
START -808 2520 26988 347 -560 11131 END
START -1276 3528 25868 1673 524 11238 END
START -2132 5116 28204 1371 146 10325 END
START -1520 4860 26676 3394 1088 8693 END
START -224 5648 26720 -180 3224 9343 END
START -2284 5020 28100 794 3290 8302 END
START -720 4632 23976 -3009 741 8062 END
START -1188 4984 25484 -1310 4219 7638 END
START -1580 5636 24952 -487 5869 7301 END
START -1804 5816 23884 39 5297 6327 END
START -1988 5620 23432 -209 3257 5594 END
START -1448 9536 22832 -3373 5501 4208 END
START -2336 8096 22812 -4832 5896 2393 END
START -1624 8028 22056 -4953 4972 770 END
START -1064 7496 19560 -5041 5850 -231 END
START -844 7192 20212 -4655 6529 -986 END
START -568 7140 19008 -4373 6705 -1634 END
START -332 7112 19048 -4278 6957 -2226 END
START 124 6776 19516 -4306 7522 -2796 END
START 648 6500 18008 -2989 8479 -3059 END
START 352 6780 18096 -2265 7840 -3281 END
START 352 7516 18164 -2285 7571 -3886 END
START -408 8076 18080 -2774 7237 -4913 END
START -448 8228 16732 -2482 7087 -6311 END
START -608 8292 16608 -1923 6281 -7621 END
START -332 8084 16856 -2122 5378 -8875 END
START -140 7244 17844 -2529 5135 -9821 END
START 460 6720 17868 -2715 5361 -10239 END
START 0 5968 17476 -2423 6038 -10531 END
START 268 5584 16928 -1185 7099 -10647 END
START -296 5248 16284 100 7825 -10820 END
START -416 5220 16068 1644 8322 -11084 END
START -1168 5684 17020 2197 8304 -11983 END
START -1500 5480 17756 1016 7609 -13139 END
START -1120 4892 17240 -848 6480 -13975 END
START -1208 3496 16108 -1865 5181 -14415 END
START -688 2516 16932 -4368 5338 -14360 END
START 68 -112 16072 -5748 7142 -14100 END
START 760 -2804 13056 -3252 8864 -12959 END
START 524 -4040 15076 -2128 9961 -11185 END
START 564 -4236 14360 -1000 6724 -10088 END
START -4 -4044 13660 -900 4303 -9819 END
START -188 -4068 13280 -1708 4561 -10309 END
START -168 -4940 12404 -1370 6710 -10668 END
START 452 -6556 11904 -390 6986 -10790 END
START 1764 -7700 11788 210 7445 -10166 END
START 1324 -9216 11396 2395 6172 -8827 END
START 1980 -10112 10484 2432 4707 -6837 END
START 1912 -10880 10212 756 1577 -4469 END
START 1760 -9404 11768 -1337 -2249 -2361 END
START 368 -8072 13596 -3751 -4489 -1888 END
START 416 -7832 14892 -4827 -3755 -2252 END
START 276 -8568 15716 -4652 -900 -1948 END
START 44 -8628 15856 -4075 1067 -1027 END
START -160 -8448 13868 -2491 3765 43 END
START -1052 -8056 13376 -681 3515 801 END