START -4656 -2920 19544 752 1265 642 END
START -5832 -3868 16220 -453 486 837 END
START -3584 -1012 15240 234 982 1027 END
START -4232 -2248 16188 236 1484 1391 END
START -4348 -2048 15712 -229 1868 1551 END
START -4416 -2028 15936 -673 1670 1694 END
START -4788 -1840 16672 -1304 1562 1733 END
START -5248 -1708 16852 -2210 1769 1363 END
START -4908 -1268 15908 -1956 2502 1124 END
START -4932 -1320 15180 -834 3065 1051 END
START -5444 -1168 15436 -340 2618 898 END
START -5132 -1484 15744 -603 2075 673 END
START -4932 -2000 15572 -885 2036 742 END
START -4832 -2056 15748 -1395 2493 893 END
START -4388 -2420 15044 -2247 3128 862 END
START -4224 -2656 13968 -2591 3514 875 END
START -3852 -2480 12212 -1597 3937 988 END
START -3724 -1984 10968 23 4057 1187 END
START -3856 -2020 11668 1132 3965 1207 END
START -4196 -1704 11936 1246 2905 1155 END
START -4048 -1780 11916 536 1549 851 END
START -3900 -1736 12484 -699 66 777 END
START -3980 -1812 12776 -2694 -1031 675 END
START -3780 -1788 12632 -3333 -5629 187 END
START -3124 -2344 10912 -1182 -7275 -47 END
START -2860 -3924 10832 1507 -9283 199 END
START 68 -5140 7764 9431 -10740 788 END
START -2380 -2972 10792 8673 -10995 1661 END
START -6808 -1596 10580 8558 -16269 781 END
START -1468 -1124 11636 -8447 -4972 3477 END
START -5248 -2936 12900 -8492 -9774 1661 END
START -2760 596 7872 -8883 -6555 1066 END
START -4280 -6824 13840 -2812 -8292 -106 END
START -1588 -1288 13004 -337 -6803 815 END
START -1656 -4836 14320 1808 -5837 2232 END
START -2208 -1612 15324 2901 -5934 3422 END
START -2852 -1876 16860 2791 -5971 3397 END
START -3944 280 16412 1324 -6186 2308 END
START -3912 -696 17208 -91 -5752 345 END
START -3440 -1944 14812 -858 -5984 -877 END
START -2544 -3872 14872 3038 -6405 -1391 END
START -1516 -3476 15396 3801 -6651 -37 END
START -820 -2888 17420 4801 -8211 1124 END
START -516 -2180 18576 3094 -9418 2333 END
START -1560 -1516 19436 1848 -9595 2675 END
START -2108 -1684 18816 1282 -9259 1946 END
START -1648 -2020 17972 2628 -8205 1261 END
START -2008 -2176 19364 4418 -7683 910 END
START -1520 -2660 20432 4507 -7696 1161 END
START -928 -2168 20448 3216 -8337 2071 END
START -856 -1444 19244 2702 -9190 2572 END
START -420 -724 19984 1896 -10470 2429 END
START -812 532 19408 1921 -10491 1754 END
START -496 -1276 20060 2723 -10246 1098 END
START -436 -2060 20496 3393 -10791 1488 END
START -656 -2332 20856 5377 -9506 2405 END
START 736 -696 21020 6425 -7936 2554 END
START 352 248 22096 5918 -7996 2572 END
START 836 804 22084 4557 -7723 2177 END
START 1324 200 20896 4395 -7802 2040 END
START 1736 28 20000 4814 -7718 2373 END
START 1580 484 21008 5486 -6572 2808 END
START 1116 820 21128 6223 -5977 3218 END
START 692 -1648 22696 7805 -5843 3469 END
START -432 4380 20820 12654 -7284 2737 END
START 972 2284 22572 10328 -4784 3200 END
START 124 3000 23580 8460 -5037 3273 END
START 24 3772 23444 6757 -5157 3065 END
START -692 4396 23904 5440 -6130 2770 END
START -368 3592 24084 6058 -4709 2339 END
START -1036 4020 24876 5070 -4553 1915 END
START -716 5708 26980 1822 -1862 1668 END
START -1188 4348 27796 4224 -1707 605 END
START -1164 5536 27236 3344 -246 240 END
START -1292 5684 27512 3039 1175 -508 END
START -1192 6080 26628 2160 2263 -1364 END
START -1124 5768 23820 -470 4013 -1895 END
START -1248 5440 24388 -5478 5569 -2275 END
START -800 7732 23384 -7896 5863 -3603 END
START -1692 -1856 9464 -8216 -50 -3178 END
START -748 312 23040 -3830 -273 -3859 END
START 1656 7940 20512 551 3593 -4439 END
START 360 300 22464 206 3180 -4705 END
START 1052 4668 23332 -1116 4008 -5122 END
START 1236 3824 21928 -1619 4999 -5535 END
START 1512 3152 20544 -947 5782 -5469 END
START 1404 3120 21220 -602 6411 -5223 END
START 1160 2980 20556 -830 7339 -5101 END
START 1148 3016 19236 -428 7636 -5076 END
START 852 3320 18832 -299 7087 -5214 END
START 856 3756 18920 -364 6287 -5540 END
START 452 3704 19368 -1298 5642 -5854 END
START 516 4252 19440 -2734 5076 -6491 END
START 784 4112 18644 -2923 4956 -7188 END
START 1056 3464 18128 -2799 4920 -7603 END
START 1208 3260 18176 -2644 4937 -7658 END
START 1340 2960 18444 -2529 5120 -7842 END
START 1928 2200 18112 -2692 5952 -7574 END
START 1604 2128 17552 -2098 6699 -7025 END
START 1328 2136 17336 -2099 6995 -6801 END
START 752 2424 16312 -1673 7094 -6835 END
START 388 2364 16328 -1298 6341 -7103 END
START 256 2752 16608 -1677 5555 -7574 END
START 348 2156 16708 -2133 4882 -7856 END
START 452 1916 16800 -2885 4300 -7975 END
START 724 1252 16788 -2976 4290 -7944 END
START 948 32 16440 -3042 5028 -7240 END
START 1184 -140 15720 -2854 6341 -6334 END
START 948 -172 15776 -2508 7462 -5349 END
START 192 32 14804 -2554 7603 -4862 END
START -136 632 13848 -2387 7274 -4898 END
START -272 1272 13092 -1592 6928 -5044 END
START -484 -1260 12220 -2028 5750 -5557 END
START -344 1044 13664 -2089 4842 -5686 END
START 148 -1200 13040 -2176 4662 -5365 END
START 80 -1224 12036 -3079 4246 -4640 END
START 108 -1448 11852 -2639 3480 -4220 END
START 272 -1200 11900 -2298 2878 -3613 END
START -56 -1592 11528 -2388 2717 -3018 END
START -160 -1476 10560 -1996 3155 -2445 END
START -868 -948 10080 -1448 3113 -2542 END
START -1304 -1204 9844 -1035 2837 -3039 END
START -736 -960 10372 -1770 1555 -3023 END
START -528 -2768 9776 -771 1201 -3814 END
START 252 -2572 9376 -1579 799 -3467 END
START 644 -2924 9928 -1220 201 -2710 END
START 840 -2708 10220 162 -377 -1970 END
START 564 -2624 9920 172 -1331 -1275 END
START 640 -2480 8880 1295 -1226 -643 END
START -176 -2180 9728 2465 -1671 -351 END
START -388 -2224 9860 3002 -2893 -312 END
START -100 -2008 10408 3284 -3591 -80 END
START -236 -1792 10484 3637 -4870 67 END
START 12 -1488 11676 3857 -6368 127 END
START 328 -1384 13380 3204 -7277 263 END
START 884 -1564 13672 2046 -6971 700 END
START 540 -1260 13096 2502 -6344 1340 END
START -296 -628 13744 4380 -6740 1679 END
START -1124 212 14888 5459 -6836 1511 END
START -2060 500 15644 5581 -7320 866 END
START -1936 268 16288 5963 -8056 188 END
START -2032 280 17452 5731 -8964 -320 END
START -1672 16 18068 5405 -9443 -709 END
START -1772 -36 19768 5539 -10086 -607 END
START -1608 -48 21448 5969 -9927 -313 END
START -2240 452 23372 5679 -8972 262 END
START -2748 524 23860 5451 -8383 -19 END
START -2392 524 24028 5629 -7236 -42 END
START -2448 620 24472 5591 -7210 -245 END
START -4116 1196 24944 4912 -5221 -284 END
START -2384 -924 24344 11947 -13940 -269 END
START -3664 -6036 25600 19098 -15081 -1920 END
START 5296 13700 23928 -1186 1439 3981 END
START -1500 -2180 25356 1183 -5593 2433 END
START -1540 7848 25456 -4199 -6662 2822 END
START -2568 5056 25892 4135 -3706 634 END
START -2924 1256 27532 -529 -2913 1194 END
START -2740 5180 24520 2272 -1911 300 END
START -2548 348 24760 614 -639 938 END
START -3012 3332 20652 233 19 1289 END
START -1892 3236 24668 2805 1139 468 END
START -1624 2416 20332 -32 2643 876 END
START -832 3248 21028 1302 657 240 END
START -136 856 17744 -467 803 871 END
START 836 1664 16964 1036 168 1044 END
START 1452 2224 18540 -141 20 1629 END