START -4848 -3792 18396 1399 686 647 END
START -6384 -5180 13996 -11 103 958 END
START -4724 -3004 16100 366 362 1135 END
START -5432 -3116 15396 990 -208 1286 END
START -5104 -2776 15992 58 -153 1441 END
START -5080 -2804 15232 161 262 1436 END
START -5184 -2676 15472 334 598 1419 END
START -5144 -2756 15256 408 1002 1302 END
START -4952 -2916 15124 306 1148 1278 END
START -4700 -2960 15088 -26 1438 1386 END
START -4940 -2604 14936 -697 1355 1320 END
START -4580 -2516 14052 -910 1301 1081 END
START -4168 -2532 12940 -217 1638 1132 END
START -3932 -2520 12904 909 1604 1385 END
START -3868 -2184 13560 1413 1693 1403 END
START -4044 -1892 15252 521 832 1276 END
START -3272 -2172 13484 334 1797 1361 END
START -3916 -2428 13484 -203 1449 1311 END
START -3720 -2608 13312 -1074 1031 1398 END
START -4128 -2960 12764 -1477 1054 1582 END
START -4476 -2940 12500 -1459 568 1734 END
START -4664 -2792 12572 -1192 -202 1808 END
START -4704 -2400 13004 -1174 -900 1612 END
START -4736 -1800 14508 -321 -4579 1155 END
START -4524 -2160 14028 2037 -8611 370 END
START -3588 -2096 13392 7493 -12614 -1057 END
START -4224 -2364 14976 8680 -11489 -1057 END
START -3300 -2904 17492 4545 -13336 -873 END
START -1984 1496 20880 -5727 -3160 230 END
START -4140 -6536 14220 -5225 -3188 646 END
START -4120 -3952 12144 -4134 -6858 1300 END
START -2884 -3192 14184 -196 -2742 1250 END
START -3892 -3904 15280 -37 -3549 2057 END
START -3516 -992 17424 777 -4591 1949 END
START -4232 -908 17844 -1698 -4801 1932 END
START -3844 1128 17924 -2357 -5351 683 END
START -4016 -2324 13744 -3208 -4269 -364 END
START -3668 -2080 15692 -2785 -4067 -1422 END
START -2456 -2788 13712 -1805 -2793 -1250 END
START -2940 -4960 13532 752 -3551 -434 END
START -2692 -1808 16276 1149 -4175 738 END
START -2904 -1832 16860 884 -4985 1167 END
START -2620 -36 17060 595 -5580 1202 END
START -3108 52 18340 -672 -5549 685 END
START -3384 1116 17456 -2212 -5658 -714 END
START -2272 -864 16924 -2266 -6126 -1923 END
START -1816 -2108 12984 -935 -5012 -2677 END
START -576 -4844 12948 2764 -4865 -2876 END
START 748 -4952 13912 4893 -5051 -1065 END
START 468 -4000 16548 4666 -6027 1074 END
START 240 -2468 18252 2642 -7237 2270 END
START -100 -724 18960 1650 -7615 2949 END
START -1456 1536 20476 1307 -8025 1643 END
START -1784 1888 21088 747 -7136 -878 END
START -1120 -1096 19872 506 -6515 -2245 END
START 408 -2628 17844 1273 -6051 -1918 END
START 760 -4336 17496 2528 -6035 -724 END
START 600 -3884 17752 2466 -6595 936 END
START 236 -2544 20152 2106 -7608 1902 END
START -656 -2024 19516 -329 -7654 2601 END
START -1032 -2084 19932 2211 -7644 2428 END
START -1144 -472 21156 2495 -7519 2642 END
START -2540 -820 22828 3075 -6647 1500 END
START -2408 -1240 23220 2249 -6376 788 END
START -2248 -1940 22900 2220 -6777 766 END
START -2584 -3348 22040 1016 -8175 1397 END
START -1776 -2312 23716 2110 -7502 2239 END
START -2124 -2524 24636 2344 -6348 2830 END
START -1828 -1332 25116 3370 -5155 3563 END
START -2280 -480 25488 4536 -3057 3122 END
START -1980 -456 25100 4140 -1816 2816 END
START -2096 -684 23680 3524 -2023 2776 END
START -1412 -748 23780 2137 -1806 2703 END
START -1308 644 22132 1560 -2473 2526 END
START -696 -1216 22324 562 -2023 2847 END
START -1104 1000 21328 430 -1222 2502 END
START -524 -284 20772 1182 -415 1661 END
START -340 612 19940 77 -82 1215 END
START -108 1008 19640 290 -21 462 END
START 160 36 19132 -819 219 16 END
START 348 -28 18556 -793 320 -418 END
START 836 -1336 17616 -905 -3 -35 END
START 564 -84 17224 -508 897 171 END
START 468 -504 17236 669 879 21 END
START 440 -152 18088 -11 753 -7 END
START 452 796 18096 -20 403 -457 END
START 224 360 17788 -75 250 -900 END
START 276 804 18244 384 170 -1306 END
START 44 -468 20028 298 306 -1275 END
START 8 -12 19276 307 -73 -1186 END
START -132 104 19604 753 315 -925 END
START -320 768 20816 800 468 -727 END
START -728 1232 20972 1253 1067 -1015 END
START -1184 1684 21668 1736 1253 -1607 END
START -1268 1896 22208 2161 1703 -2535 END
START -876 1348 22520 1834 2043 -3198 END
START -504 644 22120 1392 2229 -3244 END
START -340 460 21636 1481 2164 -3245 END
START -208 -116 21440 1955 2512 -2921 END
START 320 -120 21396 2562 2933 -2304 END
START 144 160 22032 2381 3465 -1878 END
START 304 188 21752 2177 4292 -1594 END
START 140 604 21340 2253 4874 -1454 END
START 8 844 21444 2677 5127 -1601 END
START 12 1172 21704 2598 5392 -1689 END
START -344 1760 22228 1835 5445 -1986 END
START -528 1796 22176 371 5761 -2532 END
START -548 1640 21008 56 6306 -2865 END
START -872 1332 20532 113 6675 -3114 END
START -760 1392 20028 135 7089 -3311 END
START -952 1844 19828 -76 6870 -3638 END
START -512 2188 19000 -62 6811 -4005 END
START -696 1888 18792 -216 6649 -4264 END
START -344 2160 18848 -1372 6191 -4399 END
START -200 1856 18184 -2220 6148 -4512 END
START -772 2208 17812 -2634 6419 -4694 END
START -780 2456 16772 -2473 7049 -5492 END
START -900 1900 16776 -1841 6951 -6144 END
START -764 1872 16284 -1140 6981 -6642 END
START -648 1268 16424 -1657 7004 -6796 END
START -340 452 15664 -2555 6741 -6506 END
START -520 1576 14520 -2521 7245 -6383 END
START -444 -708 15668 -3350 6830 -6301 END
START -396 492 13268 -4155 6868 -6042 END
START -12 -444 12800 -4446 7943 -5830 END
START -840 -1452 13136 -5333 7064 -5812 END
START -1324 -308 13592 -5114 6190 -6306 END
START -800 -948 12044 -4495 5736 -6575 END
START -468 -1464 11660 -4114 6026 -6376 END
START -532 -2308 11656 -3895 5902 -5889 END
START -640 -3024 10944 -2662 6049 -5268 END
START -616 -2600 10828 -1913 5313 -4406 END
START -1440 -2448 10712 -1180 3262 -4287 END
START -1304 -1904 10484 -1124 1362 -4461 END
START -1944 -1700 10892 -1704 399 -4929 END
START -1440 -1788 11260 -1912 -251 -5366 END
START -1396 -2336 11272 -1880 -449 -5260 END
START -904 -2620 10816 -1336 -838 -4910 END
START -1304 -3088 10744 -670 -1122 -4424 END
START -1068 -3180 11272 -179 -2316 -4148 END
START -708 -3672 11212 -400 -2815 -3854 END
START -232 -4044 10992 -280 -3171 -3353 END
START -4 -4168 10964 143 -3298 -2940 END
START 444 -4136 10464 1070 -3156 -2479 END
START 620 -4112 10876 2562 -3473 -1968 END
START -72 -4284 11860 3527 -4043 -1345 END
START -656 -3892 12964 3181 -5436 -1077 END
START -924 -3608 13740 2274 -6685 -1040 END
START -620 -3496 13472 1676 -7295 -841 END
START -388 -3340 13644 2313 -7103 -473 END
START -28 -2796 14476 3822 -7512 -357 END
START 76 -2024 15368 4373 -7455 -350 END
START 160 -1972 15508 4551 -7731 -671 END
START 520 -2052 15144 4478 -7734 -636 END
START 12 -2092 15232 4457 -8027 -439 END
START 108 -2028 15520 4966 -8813 -75 END
START 24 -1772 15980 4849 -8826 459 END
START -316 -556 16360 5535 -9183 523 END
START -396 144 17008 5589 -9890 76 END
START -264 148 17124 5096 -9886 -300 END
START -620 -364 17580 4657 -9403 -429 END
START -576 -596 18484 5482 -9112 -435 END
START -952 -480 20632 5992 -9831 -290 END
START -1204 -536 22548 5364 -10290 -371 END
START 540 396 23536 11002 -14364 -339 END
START -3480 -2576 14592 17010 -18608 -1965 END
START -296 -204 12096 3712 -10182 2167 END
START -972 -428 30612 1477 -6642 421 END
START -676 -2528 22252 1341 -7312 825 END
START -1024 3252 29408 3516 -6406 -10 END
START -1180 -3936 31940 1201 -4505 493 END
START 372 1392 30232 1212 -2530 551 END
START 572 -2004 31972 2932 763 1123 END
START 608 -1044 30492 566 2765 3212 END
START 136 -4 26280 1514 5988 3762 END
START -264 764 27044 1456 6027 3648 END
START 68 1320 24204 349 6502 3544 END