START -4832 -2676 16484 2042 1249 1684 END
START -3212 -672 17588 1871 1200 2276 END
START -3404 -1292 18360 2077 1179 1557 END
START -5668 -1864 17528 2618 1147 574 END
START -4504 -1692 16280 2479 1211 -56 END
START -4480 -2424 16416 2185 1127 97 END
START -4644 -2464 16488 1668 1000 570 END
START -4132 -2152 16692 1203 690 895 END
START -4800 -1796 16748 703 429 996 END
START -5168 -1852 16516 170 -101 737 END
START -4804 -1324 15968 75 -419 344 END
START -4916 -1684 15860 228 -563 45 END
START -4636 -1484 15848 379 -539 -221 END
START -4536 -1872 15776 478 -380 -381 END
START -4128 -1856 15740 449 -187 -510 END
START -3708 -2236 15556 538 -38 -274 END
START -3576 -2524 15392 360 186 278 END
START -3340 -2316 15244 376 482 627 END
START -3284 -2300 14956 -48 621 900 END
START -3372 -2116 14552 -82 566 1090 END
START -3608 -1916 14148 165 687 858 END
START -3356 -1740 14140 317 666 453 END
START -3272 -1372 15300 511 20 -129 END
START -2952 -1432 13648 392 -918 -639 END
START -2748 -1488 13072 1383 -2005 -1122 END
START -2324 -2336 13180 1605 -3262 -992 END
START -3856 -1000 10584 -3080 26 -178 END
START -2804 -3788 13356 158 -428 -551 END
START -2940 -2980 13544 -2596 -334 221 END
START -2900 -2552 11736 274 -434 -97 END
START -2908 -3092 12988 24 2 -6 END
START -2008 -1708 12148 1262 25 -42 END
START -1824 -2572 13588 1214 -1498 267 END
START -2208 -1136 16568 1016 -2807 572 END
START -2796 -2376 15008 826 -3304 761 END
START -3300 -1840 15508 -567 -4142 892 END
START -3476 -2284 16000 -888 -4695 578 END
START -3100 -2276 14128 -1315 -4289 425 END
START -2736 -2756 15076 -1216 -4432 117 END
START -2052 -2960 10116 -521 -3993 452 END
START -1536 -1868 13260 -24 -5146 2 END
START -2608 -3264 16560 -229 -6523 581 END
START -1236 -1168 15736 743 -5389 1403 END
START -728 -2372 16416 -807 -7090 1707 END
START -1100 -476 16492 190 -6535 729 END
START -2228 -3616 20116 2223 -7311 185 END
START -2904 -1676 17660 -2349 -7606 1385 END
START -1476 -848 18108 3528 -8440 217 END
START -1172 -2564 17392 846 -8828 925 END
START -456 -704 18804 2022 -9720 819 END
START -848 -1896 20304 -498 -9380 970 END
START -1472 -1380 19604 44 -8305 257 END
START -1664 -3368 19504 536 -7217 496 END
START -1708 -2156 19416 2183 -6354 999 END
START -1704 -3268 20388 3341 -6072 1767 END
START -1420 -2572 20220 2363 -6831 2496 END
START -768 -1216 21128 2959 -7422 2486 END
START -136 -1736 20412 1089 -8153 2780 END
START -268 12 20144 454 -8676 2525 END
START -1220 -1332 19320 -33 -8603 1954 END
START -864 -900 18152 328 -8157 1591 END
START -1640 -1020 19240 2657 -7787 1249 END
START -1292 -2408 18560 3236 -7447 1509 END
START -1032 -644 20868 4094 -7103 1647 END
START 292 44 23672 4657 -6490 1814 END
START -504 -944 22160 1984 -6494 2470 END
START -1184 1652 22056 2109 -5966 1674 END
START -1552 -852 22392 1626 -5045 905 END
START -1572 -388 20864 960 -4408 977 END
START -1796 280 22684 3097 -4147 587 END
START -1792 -428 24272 3618 -3004 581 END
START -1924 -928 20316 4255 -2417 829 END
START -1556 512 24084 4631 -1883 845 END
START -1800 416 24596 4774 -1540 417 END
START -1324 712 25908 2938 -1577 421 END
START -1460 500 25780 1494 -1025 360 END
START -1196 460 25872 876 -549 146 END
START -796 636 26036 935 256 -47 END
START -988 680 26720 624 -293 -31 END
START -736 868 25524 -173 1453 159 END
START -752 1448 25692 851 2564 -259 END
START -1024 1644 25904 1373 3468 -866 END
START -640 1536 25700 534 3919 -1399 END
START -480 1148 25328 -452 4673 -1467 END
START -536 1180 24332 -1198 5251 -1410 END
START -264 1496 23152 -2150 5754 -1482 END
START -108 2012 21432 -1988 6036 -1673 END
START -164 2516 21060 -913 5448 -2415 END
START -176 1924 21332 -1367 5290 -3125 END
START -300 2076 21208 -2149 5560 -3660 END
START 52 1224 20716 -2130 6158 -4009 END
START 48 680 20360 -2120 7152 -3975 END
START 876 460 19480 -1214 8376 -3864 END
START 772 528 18928 -586 9373 -3467 END
START 164 984 19064 -336 9194 -3635 END
START 64 980 18972 -855 8940 -3991 END
START 152 896 18192 -1437 8179 -4205 END
START -56 756 17856 -1881 7370 -4325 END
START -8 596 17556 -2034 6884 -4527 END
START -320 1040 17968 -2144 6824 -4873 END
START -708 476 18120 -2712 6575 -5160 END
START -308 612 17892 -3266 6958 -5184 END
START -260 428 17600 -2990 7448 -5276 END
START -228 500 17024 -3178 8064 -5204 END
START -536 968 16280 -2773 8443 -5453 END
START -416 388 15336 -2399 8582 -5844 END
START -348 112 14880 -2250 8249 -5974 END
START -124 -184 14628 -2466 7715 -5851 END
START -124 -204 15056 -3091 7274 -5520 END
START -496 116 13388 -4744 7415 -4932 END
START -1048 476 12516 -4440 6691 -5334 END
START -1236 384 11448 -5397 6532 -5705 END
START -1516 -552 10764 -4918 5032 -6400 END
START -1556 -668 9992 -5036 4152 -6799 END
START -1328 -1760 9524 -4732 3656 -6837 END
START -1024 -3132 9688 -4379 3084 -6384 END
START -740 -2944 9008 -3174 2830 -5466 END
START -1284 -2728 9724 -2442 2166 -4649 END
START -1592 -2768 9780 -2169 1615 -4299 END
START -1408 -2588 9692 -1919 1367 -4056 END
START -1756 -2456 9748 -1513 911 -4105 END
START -1824 -2716 9500 -1274 493 -4573 END
START -1360 -3164 8832 -481 321 -4705 END
START -1260 -3676 9196 245 -919 -4904 END
START -624 -4460 8924 765 -1876 -4801 END
START 28 -5064 9204 1778 -2528 -3953 END
START -380 -4924 10316 2181 -3248 -3074 END
START -320 -4696 11152 1289 -3982 -2403 END
START -768 -4668 11128 362 -4587 -1837 END
START -872 -4416 10272 1469 -4741 -1365 END
START -1284 -3456 11592 2297 -6104 -1631 END
START -892 -3528 12504 2290 -7373 -2639 END
START 216 -3836 12540 2231 -8169 -2948 END
START 760 -3996 12776 3006 -8232 -2753 END
START 568 -4776 13868 3247 -8232 -2249 END
START 660 -4540 14248 4101 -8941 -1393 END
START 124 -4816 14460 4243 -10452 -746 END
START 224 -2928 13724 5025 -11735 -623 END
START 52 -252 12680 1885 -8721 -544 END
START -1480 -4048 16476 4453 -10202 -1806 END
START -472 -2152 16264 867 -9766 -1641 END
START -328 -3692 16584 4618 -8984 -2309 END
START 216 -4424 16568 3971 -8832 -1573 END
START 876 -3036 18588 6996 -8546 -1644 END
START 1008 -4456 20016 5401 -8475 -1004 END
START 1332 -2828 20268 5583 -8757 -197 END
START 868 -3180 21136 4364 -8939 725 END
START 700 -1424 20720 3701 -9078 950 END
START -64 -1148 20492 4022 -8592 428 END
START -580 -692 19896 4479 -7946 -361 END
START -16 -184 20608 6519 -7497 -1045 END
START 464 -576 23768 7422 -6748 -1548 END
START 816 -1500 24192 4982 -7141 -1176 END
START 1348 -1512 25248 3920 -6588 -539 END
START 1276 -1404 25112 3559 -5884 236 END
START -1292 -4828 19244 2197 -9421 982 END
START 1324 2308 31720 4316 -1332 326 END
START 796 -4484 27624 1159 -3749 475 END
START 1020 4756 26184 1821 -717 307 END
START 744 -2316 27708 5804 441 -481 END
START 1232 736 30000 988 1495 548 END
START 1036 528 24428 2139 2712 294 END
START 1436 -2724 24984 -362 4006 987 END
START 1444 1284 24760 -340 3924 1171 END
START 920 -232 23300 -2135 4674 1903 END
START 1104 292 20220 -2859 4544 2276 END
START 1184 188 21712 -342 6054 1815 END