START -4888 -2552 16240 -328 594 1229 END
START -4744 -548 9504 -1760 -109 1460 END
START -4292 -824 13848 -218 -83 1248 END
START -5080 -2188 15608 493 -118 1393 END
START -5012 -2020 15336 662 55 1338 END
START -5264 -1800 15468 1056 243 1141 END
START -5152 -1752 15412 1255 661 1055 END
START -4440 -1596 15548 1429 1025 1133 END
START -4972 -2108 15604 1450 1445 1187 END
START -4940 -2052 15664 1245 1057 1263 END
START -5144 -1684 15936 401 555 1434 END
START -5548 -1280 15924 -256 -72 1151 END
START -5500 -1064 15856 -638 -322 746 END
START -5220 -1056 15888 -644 -140 389 END
START -5008 -1260 16264 -645 13 113 END
START -4900 -2172 15248 -537 461 44 END
START -4452 -1980 15696 167 829 101 END
START -3952 -2204 15584 688 2081 393 END
START -4104 -2552 15536 1206 2745 764 END
START -3992 -2232 15276 890 3004 1156 END
START -4324 -2028 14888 290 2624 1251 END
START -4244 -1920 14444 -115 1845 1366 END
START -4448 -1944 13820 -250 1125 1544 END
START -5004 -2076 13920 -22 538 1631 END
START -5360 -1784 14076 372 -67 1583 END
START -5428 -1732 14748 742 -1028 1317 END
START -5420 -1692 15412 548 -976 1153 END
START -4888 -1940 15388 748 -1007 983 END
START -4496 -2064 15604 1182 -421 1266 END
START -4432 -1656 16128 1308 -158 1779 END
START -5492 -1320 16848 1591 -3257 1893 END
START -5512 -672 16508 3080 -6873 1495 END
START -5632 -1092 16704 8406 -10679 241 END
START -5436 316 16208 6828 -7467 358 END
START -5396 76 15376 5816 -6259 -629 END
START -3828 -692 20164 1597 -4179 499 END
START -3972 1208 16628 2484 -4286 -72 END
START -3860 -740 16352 361 -2763 634 END
START -3840 -772 16872 191 -2300 994 END
START -3672 -888 16972 -1520 -1668 1594 END
START -4144 -304 16448 -2020 -1936 1935 END
START -4536 -8 15092 -2779 -2355 1737 END
START -4988 1056 16496 -2766 -2855 736 END
START -5332 328 15924 -2865 -3068 -20 END
START -4528 156 16684 -2161 -3054 -530 END
START -3996 -608 16260 -1876 -2617 -793 END
START -2856 -1780 16764 -2357 -2609 -444 END
START -864 -2216 15792 -2929 -2981 544 END
START 940 -1932 12864 -4885 -1067 1863 END
START -1772 -3556 9936 -3919 1677 2407 END
START -1332 -72 14024 -2232 -414 2114 END
START -3256 -724 14548 -330 -984 1479 END
START -4160 244 14700 -700 -1422 523 END
START -4500 -684 15168 -1700 -1315 -693 END
START -4380 -892 12096 -1834 -1706 -1773 END
START -3024 -3000 11456 -978 -2162 -2303 END
START -1780 -3944 11728 829 -2890 -1779 END
START -1412 -3772 14620 718 -3783 -215 END
START -1400 -2980 16312 506 -4037 1293 END
START -2200 -2056 16808 153 -4085 2795 END
START -3044 -412 16872 139 -4205 2925 END
START -3768 436 16484 115 -3815 1856 END
START -3764 852 15784 -325 -3841 180 END
START -2812 -1648 16624 1515 -4685 -1162 END
START -1280 -1468 15388 1301 -6422 -1103 END
START -620 -4240 16372 1374 -6215 9 END
START -264 -2968 16892 1577 -6541 1545 END
START -904 -3496 17740 2058 -6872 3275 END
START -1496 -1056 18340 2015 -7113 4116 END
START -1720 -648 18216 1618 -7333 4034 END
START -2032 1316 17868 1465 -7331 2929 END
START -1740 480 17392 1187 -7262 898 END
START -412 -408 16240 2029 -7133 -154 END
START 68 -2536 16452 3389 -7410 503 END
START -320 -2468 17276 4039 -7911 2054 END
START -644 -2048 20060 4832 -8550 3292 END
START -852 -1052 17580 3336 -8482 4644 END
START -1028 240 20436 4543 -9232 4634 END
START -2032 456 19064 3379 -8897 3434 END
START -892 1900 20756 2540 -9462 1770 END
START -312 444 20648 3488 -7647 1331 END
START 44 -984 20532 5305 -7150 1418 END
START -80 -576 21600 5241 -6682 2563 END
START 776 -1620 23420 3953 -7722 3741 END
START -2324 1268 26964 2770 -6248 4109 END
START -880 896 22676 5199 -6348 2826 END
START -1212 2308 24628 1740 -4821 3527 END
START -1776 628 22512 3073 -5160 2580 END
START -1696 128 23772 1972 -4651 2887 END
START -696 5176 25484 5759 -1172 2008 END
START -1216 -1844 23764 2958 -2134 3026 END
START -1140 5136 23564 6286 -463 2505 END
START -1796 460 24400 3230 -247 2980 END
START -1648 5292 22572 3026 -1241 2358 END
START -1520 1896 21840 1056 -2232 1849 END
START -1588 4432 20244 2784 -1869 796 END
START -1132 1592 21780 1397 -1606 500 END
START -784 4232 21636 1531 49 -36 END
START -888 3332 21676 -1072 -36 -149 END
START -708 3420 22936 581 78 -1240 END
START -184 3404 22660 434 773 -1486 END
START -188 3140 22268 681 1579 -1849 END
START -88 2952 21808 -31 1671 -1860 END
START -960 2512 21544 425 1582 -2275 END
START -404 3232 21820 558 1954 -2182 END
START -272 3564 22648 1078 2378 -2676 END
START -340 4100 23372 298 2542 -3275 END
START -388 4188 23524 -853 3052 -4037 END
START -80 3720 22736 -1294 3430 -4463 END
START -96 3376 22492 -1557 3660 -4540 END
START 328 3660 22696 -3546 3837 -4605 END
START 32 1988 19364 -1363 4465 -4346 END
START 268 2916 21080 -862 5741 -3675 END
START -192 2728 20256 572 6397 -3698 END
START -544 3288 20212 361 6334 -3764 END
START -312 3704 19828 11 5627 -4343 END
START -576 3528 20348 -983 5590 -4672 END
START -528 4152 20452 -1568 5158 -5227 END
START -480 3012 19544 -2262 5497 -5473 END
START -416 3100 18648 -2003 5867 -5603 END
START -424 2680 17676 -1241 6204 -5652 END
START -412 2616 17668 -788 6105 -5643 END
START -500 2572 16864 -172 6281 -5495 END
START -1096 2772 18020 328 5742 -5762 END
START -856 2944 18396 -898 5519 -5989 END
START -960 3156 18252 -1959 5259 -6245 END
START -664 2748 18272 -2733 5202 -6614 END
START -264 2500 17772 -2763 5643 -6715 END
START -48 1744 17176 -2328 6413 -6412 END
START -204 1560 16708 -2117 6896 -6001 END
START -608 1808 15412 -1329 7319 -6043 END
START -740 2016 15016 -1152 6603 -6403 END
START -344 1836 14360 -1934 5818 -6718 END
START -164 1164 13732 -2828 4956 -6805 END
START -136 692 13120 -4731 4172 -6478 END
START -56 316 11548 -4899 3492 -6401 END
START -20 -1440 12036 -5979 2880 -6024 END
START 44 -40 11056 -6204 2957 -5749 END
START 48 -1164 9984 -5922 4299 -5344 END
START -288 -1264 10236 -5654 5065 -5138 END
START -220 -1520 11160 -3328 7814 -4917 END
START -140 -1832 10692 -1921 4111 -4820 END
START -304 -1752 11000 -377 1721 -4829 END
START -124 -1744 11112 -1205 1637 -4684 END
START 76 -2284 10760 -1796 1170 -4378 END
START 292 -2772 9680 -1837 986 -3832 END
START 600 -2856 8988 -1285 561 -3276 END
START 464 -2584 8920 -854 -155 -2772 END
START 580 -2608 9472 -285 -1274 -2483 END
START 596 -2428 10068 339 -2383 -2130 END
START 356 -2452 10804 -94 -2637 -1740 END
START 436 -2208 10336 160 -2663 -1321 END
START -40 -1856 10720 525 -3134 -1125 END
START -420 -1784 11236 753 -3558 -1171 END
START -676 -2136 11212 71 -4295 -1310 END
START -228 -2400 10288 261 -4093 -1128 END
START -208 -2716 11004 1932 -3948 -817 END
START 68 -2368 12864 3202 -5654 -212 END
START -180 -1636 14136 3605 -7320 314 END
START -664 -860 15212 3755 -8587 486 END
START -828 -296 15500 3157 -9156 130 END
START -712 -292 13680 3021 -7746 -428 END
START -1064 -580 14736 3131 -6422 -1354 END
START -444 -1412 15296 4420 -6192 -1924 END
START -372 -1880 16940 5677 -6431 -1378 END
START 92 -1796 18252 6100 -6461 -125 END
START -580 -1168 19700 5567 -6860 965 END
START -1032 -508 19964 4228 -7660 1251 END
START -812 292 19684 3732 -7758 986 END
START -1088 660 19752 3840 -7614 -26 END
START -772 376 20028 4472 -7064 -971 END
START -984 -148 21068 4892 -6668 -1368 END
START -756 -788 21820 4876 -6721 -1117 END
START -1392 -1212 22040 4440 -6716 -393 END
START -2000 -616 22740 3176 -6862 267 END
START -1660 -612 22804 2586 -6470 424 END
START -1744 444 23048 2199 -5173 710 END
START -1092 1792 24224 6343 -8225 986 END
START -3248 -4072 26208 14280 -13093 -769 END
START 48 13264 25132 4436 -135 145 END
START -3664 124 26268 2596 -3743 413 END
START -1748 1820 25856 -2000 -3242 1187 END
START -1260 2500 25224 2136 -2418 136 END
START -580 2272 27664 -77 -914 661 END
START -648 2288 24896 1748 92 530 END
START -660 996 26308 1019 1249 1461 END
START -740 3052 23716 415 2909 1925 END