START -4800 -3360 17564 1485 1037 1423 END
START -3884 -436 12244 -763 763 1963 END
START -4612 -1660 16876 -171 389 1516 END
START -5236 -3104 16448 761 190 919 END
START -5332 -3092 16580 943 32 670 END
START -4820 -3104 16728 970 -180 449 END
START -4712 -3084 16544 618 -299 620 END
START -4480 -3068 16580 578 -455 684 END
START -4752 -2848 17008 455 -383 809 END
START -4920 -2556 17248 139 -369 717 END
START -4972 -2520 17000 -334 -136 547 END
START -4992 -2704 16568 -152 152 364 END
START -5152 -2952 16500 386 558 231 END
START -4852 -2916 16752 565 663 127 END
START -4664 -2752 16344 138 743 131 END
START -4640 -3092 16096 -233 711 46 END
START -4496 -3260 15784 -181 461 117 END
START -4204 -3392 15532 80 438 319 END
START -4032 -3188 15200 188 442 393 END
START -3912 -3036 15180 175 231 391 END
START -3692 -3164 14684 58 412 383 END
START -3752 -3316 14556 237 563 481 END
START -3508 -3168 14372 326 757 565 END
START -3460 -3272 14244 140 864 488 END
START -3192 -3288 13788 238 836 455 END
START -2536 -3140 13552 402 872 757 END
START -2564 -3160 13704 309 732 1085 END
START -2728 -3100 13880 -38 686 1259 END
START -2676 -2964 13580 -770 539 1312 END
START -2640 -2776 13204 -1115 392 1321 END
START -2588 -2812 12276 -900 369 1211 END
START -2652 -2716 11880 -365 391 1031 END
START -2892 -2672 12240 669 -581 866 END
START -3016 -2964 12416 2266 -2865 577 END
START -2024 -2996 12596 3828 -5811 546 END
START -1332 -4160 12460 5964 -7902 981 END
START -1364 -3192 10856 6458 -8210 1542 END
START 952 104 15636 -2588 -4098 3523 END
START -1088 1964 13264 -4534 -3727 2246 END
START -1324 -1664 16968 -1669 -5269 1390 END
START -120 -464 7892 -4789 -4506 1089 END
START -2628 -5548 11596 1888 -4903 214 END
START -2848 -3028 12432 -710 -6553 1471 END
START -2328 -2516 13304 3203 -7206 853 END
START -2388 -4252 15152 502 -7089 1968 END
START -1812 -2120 16072 2558 -7436 2013 END
START -1772 -2688 17400 84 -7248 2302 END
START -1608 -1288 16184 541 -6989 1239 END
START -1292 -2524 15304 193 -6774 885 END
START -2016 -2524 16288 1952 -7167 698 END
START -2120 -3264 17360 1414 -7569 1127 END
START -2380 -2700 17308 2183 -7839 1101 END
START -2132 -4136 17940 1766 -8231 1414 END
START -776 -2252 17376 1990 -8430 1772 END
START -512 -2676 18484 1615 -8486 1782 END
START -132 -1820 17184 1750 -8213 1210 END
START 488 -2888 19244 3903 -7821 1100 END
START -476 -2336 19872 4355 -7092 1830 END
START -1264 -3152 21232 5040 -6728 2267 END
START -1216 -2372 21548 3328 -6997 3104 END
START -628 -704 21392 3223 -7591 3283 END
START -416 -864 20908 2608 -7546 2873 END
START -52 -220 20776 2516 -7561 2369 END
START -296 -508 20532 2361 -7377 1732 END
START 152 -648 20652 3192 -6877 1372 END
START -1008 316 23208 2370 -6777 1988 END
START -1068 -468 22924 4503 -6192 2111 END
START -1048 376 23476 4634 -4608 2211 END
START -900 1156 23628 3617 -3643 2391 END
START -680 1096 23284 4435 -4048 2428 END
START -1092 1204 23012 4925 -2853 2307 END
START -588 1316 24536 5125 -2334 1608 END
START -720 440 22516 5111 -3234 1897 END
START -1796 -3236 20996 5752 -5328 2247 END
START -828 5120 24724 10358 -2777 871 END
START -680 1664 19120 9330 2519 741 END
START -1432 5248 25076 5714 -244 863 END
START -956 596 21520 3361 637 839 END
START -1056 1436 23440 2761 181 1460 END
START -1132 1060 21100 2195 2817 1588 END
START -1900 -1748 4276 6792 -563 -190 END
START -2576 1964 21556 3315 1031 311 END
START -1124 2492 19820 402 1242 -155 END
START -1176 1816 19576 -611 -1470 -1008 END
START 64 464 19624 1519 -2031 -1962 END
START 488 244 19424 -369 -672 -961 END
START 748 -1732 19328 392 544 192 END
START 620 -140 18756 -325 1629 1002 END
START 652 672 18344 733 1852 934 END
START 400 768 18176 570 1655 869 END
START -124 1292 17420 1094 1723 396 END
START -360 1904 19096 1090 1777 -248 END
START -752 884 19900 -88 1365 -1101 END
START -552 1800 19724 -660 1539 -1326 END
START -288 1080 20252 -591 1930 -1362 END
START -460 580 19964 -2513 2536 -1073 END
START -532 376 19944 -866 2035 -1050 END
START -696 1552 20404 -2001 3715 -529 END
START -1876 1860 23528 -3852 2483 -157 END
START -2904 1796 19976 -1405 7222 -844 END
START -1280 1388 22640 -2030 5720 -1845 END
START -2984 2144 19284 -7699 3769 -631 END
START -1476 1720 22700 -1025 3109 -2699 END
START -1452 684 22208 -1289 4340 -2237 END
START -1376 1648 21604 -726 5079 -1918 END
START -1752 1220 21392 -1294 4930 -1907 END
START -1660 2920 20820 -1659 4775 -2114 END
START -2180 2996 21664 -1374 4953 -2841 END
START -1816 2884 21272 -2884 5996 -3543 END
START -1724 2724 19616 -2075 6463 -4288 END
START -1716 1520 18712 -1561 6265 -4622 END
START -1272 1840 18684 -698 6132 -4640 END
START -1292 996 19152 -606 5913 -4520 END
START -1336 1080 18800 -1016 5937 -4223 END
START -1368 1612 18636 -816 6044 -4098 END
START -1616 1536 18548 -988 6009 -4298 END
START -1120 1924 18316 -1454 5385 -4663 END
START -1156 1612 18068 -1730 4875 -4895 END
START -1468 1444 18024 -2136 4861 -4943 END
START -1412 1276 17744 -1625 5238 -5311 END
START -1780 1312 17600 -1009 5875 -5681 END
START -1540 1216 17892 -683 6260 -6380 END
START -976 88 17100 -795 6770 -6474 END
START -1056 36 16628 -1168 6532 -5993 END
START -1216 140 16820 -1361 5888 -5943 END
START -860 -400 16264 -2388 5606 -5584 END
START -932 -364 15180 -2683 5241 -5158 END
START -1228 -632 13276 -2914 4770 -4860 END
START -1512 276 13472 -1489 3892 -5223 END
START -1216 -872 13424 -1568 3675 -5517 END
START -596 -772 14504 -2946 2905 -5415 END
START -1340 -792 13216 -1493 1437 -5127 END
START -1036 -3580 8668 -3352 -126 -5018 END
START -884 -1440 12224 -911 1300 -4731 END
START -1064 -2908 12488 -1689 2123 -3741 END
START -972 -780 12096 -526 1872 -3963 END
START -884 -2300 12028 -780 2127 -3798 END
START -696 -2748 10828 -905 2253 -3444 END
START -468 -2284 9472 -648 2595 -2595 END
START -832 -5036 8808 -930 1614 -2059 END
START -600 -3272 9660 -409 268 -2023 END
START -596 -3432 10736 1066 -1196 -2138 END
START -520 -3000 10992 947 -1918 -2167 END
START -244 -2956 10912 1692 -2011 -2125 END
START -448 -2772 10820 1785 -2002 -1684 END
START -740 -2400 11276 2463 -2694 -1730 END
START -1064 -2688 11364 1459 -3321 -1690 END
START -888 -2632 10788 2103 -3695 -1867 END
START -472 -3344 10648 2746 -4115 -1359 END
START -628 -2572 11912 3703 -4618 -775 END
START -1052 -2496 13360 3224 -5339 -576 END
START -1244 -2396 14176 1867 -6446 -484 END
START -952 -2564 13760 1294 -6530 -387 END
START -1356 -2016 14028 2590 -6834 -689 END
START -748 -2964 15288 3347 -7392 -1424 END
START -116 -3552 15808 3966 -7507 -1315 END
START 108 -4128 17156 4918 -8064 -458 END
START 96 -4220 18556 4785 -8438 959 END
START 184 -2752 19576 4460 -8682 1922 END
START -200 -1524 19344 4053 -8005 2560 END
START -456 -512 19400 3875 -7485 2613 END
START -1356 76 18768 3719 -7064 2265 END
START -2392 620 18796 4306 -7502 1185 END
START -2352 520 19364 4726 -8272 262 END
START -2488 448 20004 3688 -8864 177 END
START -2512 320 20852 2248 -9208 -64 END
START -2124 140 21440 2204 -8698 -10 END
START -1848 508 22284 2730 -8415 152 END
START 592 -2008 22640 3655 -7248 1018 END
START -192 4200 15156 -2031 68 1604 END
START -1524 2132 20996 7401 -5179 -1026 END
START -1720 -492 23228 -1359 -4120 263 END
START -1900 5300 23764 5541 -3685 -822 END
START -2788 -2592 26212 1535 -2517 -220 END
START -2100 3552 27796 2706 -2910 -1323 END
START -2084 -272 25476 1209 4 -595 END
START -1736 1712 26384 1881 1613 -339 END
START -1836 1104 26620 494 3548 22 END
START -1304 3604 25576 160 5419 -276 END
START -1968 1544 23880 29 4470 -802 END