START -5848 -2436 17804 859 553 398 END
START -5404 -952 11388 -965 -56 558 END
START -7448 -5312 18044 -687 914 202 END
START -5528 -1860 17188 342 663 100 END
START -5476 -1624 17148 -424 1333 -36 END
START -5768 -1992 16680 -1146 2052 -407 END
START -5936 -2468 15608 -1073 2506 -647 END
START -5196 -2704 15056 -319 2588 -403 END
START -5100 -2960 14984 -20 2632 -13 END
START -5032 -2776 15108 -350 2003 172 END
START -4884 -2352 15304 -1289 1337 42 END
START -4816 -2492 14316 -1779 927 -193 END
START -4448 -2340 13992 -1833 969 -223 END
START -4272 -2476 13832 -1958 1071 -396 END
START -4152 -2516 13136 -1833 1623 -401 END
START -4500 -2932 11656 -592 1744 -511 END
START -4180 -3172 12360 669 1479 -296 END
START -4012 -3264 12860 495 1291 316 END
START -4284 -3152 13184 -467 857 836 END
START -4272 -2756 13288 -1704 386 1147 END
START -4084 -2396 13004 -2563 11 1122 END
START -4292 -2280 12728 -2799 -182 679 END
START -3768 -2304 12132 -1894 77 326 END
START -4060 -2676 11052 673 -1971 -65 END
START -4516 -2732 11844 3027 -4500 -407 END
START -4732 -2656 12332 4614 -7648 -645 END
START -3032 -1748 13472 7781 -11100 -1054 END
START -4172 -2708 13036 9962 -10349 -1434 END
START -1056 -2952 15284 7028 -14196 -799 END
START -1768 1288 16992 -6276 -6488 410 END
START -3468 -2800 13372 -1271 -6088 34 END
START -2964 -1288 13424 -2902 -5485 644 END
START -4444 -1928 16240 999 -5274 167 END
START -4440 -2256 16556 -1253 -6006 590 END
START -4188 -564 15680 -312 -6344 -401 END
START -4316 -1564 16856 -1423 -7354 -1001 END
START -3460 -1816 17692 -380 -7257 -1596 END
START -2916 -4072 17812 -1266 -6667 -759 END
START -2124 -3632 18564 -1558 -6478 -122 END
START -1288 -4272 16292 -2615 -5346 752 END
START -1512 -3448 15108 -1756 -4850 1136 END
START -1968 -3588 14400 555 -4919 812 END
START -2368 -3216 15608 1457 -6783 372 END
START -1844 -3728 17484 1242 -7778 301 END
START -1384 -3928 18028 468 -8216 857 END
START -968 -3628 17316 470 -8274 1547 END
START -636 -2752 17440 1153 -8177 1678 END
START -1164 -2324 18116 692 -7679 1210 END
START 36 -2564 16352 902 -7117 908 END
START -428 -2960 16500 1966 -7172 1060 END
START -700 -1348 17432 2567 -6776 2035 END
START -1132 -2488 19452 3265 -7916 2377 END
START -1436 -1208 20652 2829 -8237 2384 END
START -1708 -380 20384 1823 -7928 1948 END
START -1120 248 22304 1589 -7134 760 END
START -188 -964 20756 -145 -6328 366 END
START -580 -2556 19020 546 -5430 278 END
START 144 -2480 19008 960 -4389 1135 END
START -344 -2896 18376 2880 -4271 1425 END
START -1384 -1412 19896 4275 -5414 1939 END
START -1184 -1048 21924 3354 -6274 1665 END
START -1376 -432 23020 1028 -7136 1497 END
START -684 -812 23260 -160 -6416 936 END
START 508 -2268 21176 1161 -5681 953 END
START 904 -1716 22164 2591 -3823 1277 END
START 736 -1632 21572 2528 -2273 1510 END
START 488 -1388 21364 1856 -1783 1951 END
START 300 -1572 21160 2097 -1706 1910 END
START -328 -1800 21316 1187 -1858 2162 END
START -708 -1732 21120 1287 -2419 2407 END
START -900 -1268 21164 1321 -3833 2226 END
START -276 -976 21188 914 -3710 2155 END
START -840 -404 21592 773 -3555 1918 END
START -652 -56 21952 606 -2674 1059 END
START -400 -1144 21192 -137 -2036 451 END
START 248 -1804 20756 -341 -1435 735 END
START 464 -1528 19672 511 -400 1065 END
START -140 -1316 19180 545 -128 1411 END
START 96 -1752 19068 568 -539 1620 END
START -444 -636 17892 1204 -1193 1360 END
START -208 -652 18904 2106 -1830 976 END
START -160 -3796 23032 1585 -821 1168 END
START -284 -464 21688 129 -742 1030 END
START -740 -284 22284 -291 395 798 END
START -836 48 21720 -195 651 573 END
START -1388 164 20972 764 460 -171 END
START -944 372 21044 -481 1029 -402 END
START -944 228 20604 568 960 -681 END
START -676 84 20944 603 982 -1070 END
START -252 -364 21360 792 1372 -1041 END
START -152 -416 21436 946 1700 -794 END
START -328 -60 21300 1006 1841 -707 END
START -492 432 21548 1244 2116 -1093 END
START -240 572 21808 1131 2456 -1435 END
START -1164 -76 20632 788 3156 -1985 END
START -428 912 22072 538 2092 -2571 END
START -136 520 21540 607 1892 -2940 END
START -308 8 21992 491 2277 -3095 END
START 280 -156 21756 624 3147 -2747 END
START 308 -456 21432 867 4036 -2217 END
START 300 -628 20612 1571 4719 -1734 END
START 228 -108 20592 2307 4877 -1368 END
START 0 232 20240 2143 4818 -1305 END
START -332 1024 20364 2085 4549 -1716 END
START -676 1552 21012 1127 4523 -2511 END
START -380 1520 20544 364 4657 -3491 END
START -168 1180 19460 -100 4692 -4022 END
START -296 620 19172 -78 4555 -4356 END
START -84 1524 19292 -486 4334 -4586 END
START 292 144 19460 -420 4524 -4784 END
START 836 -248 18984 457 5464 -4137 END
START 288 392 19040 880 6538 -3653 END
START 464 588 19076 1295 7601 -3522 END
START -100 1312 18336 1367 8007 -3535 END
START -232 1552 18204 1293 8022 -4040 END
START -704 1876 18124 147 7737 -4571 END
START -600 1624 17908 -503 7242 -5391 END
START -456 628 17452 -1830 6815 -5501 END
START -120 760 16356 -2265 6490 -5392 END
START -244 68 15128 -2588 6587 -5191 END
START 108 448 17060 -1514 6681 -5218 END
START 192 -2072 15876 -3682 7411 -4307 END
START -112 -1108 15008 -3258 8310 -3782 END
START -556 -976 14924 -2804 8533 -3552 END
START -1152 -512 15264 -2818 7995 -3788 END
START -1144 -516 14224 -2759 6967 -3972 END
START -1184 -788 13684 -2654 6037 -4028 END
START -1388 -684 13140 -2379 5465 -4254 END
START -1592 -916 12884 -2440 4590 -4592 END
START -1464 -1364 12372 -2661 4122 -4868 END
START -996 -2056 11900 -2506 4144 -4556 END
START -1392 -2412 12084 -2318 4282 -4074 END
START -988 -2916 11580 -1879 4293 -3493 END
START -1084 -2584 11524 -1540 4007 -2675 END
START -1356 -2096 11496 -714 3347 -2575 END
START -1488 -2116 10848 -575 2800 -2626 END
START -1588 -2328 10588 -1009 1578 -2610 END
START -1864 -2316 10936 -1045 741 -2637 END
START -1976 -2200 11088 -956 -530 -2917 END
START -1652 -2412 11056 -797 -1119 -2884 END
START -1520 -2388 11180 -230 -1764 -2675 END
START -1128 -2288 11800 144 -2162 -2477 END
START -1044 -2564 12072 -149 -1737 -2012 END
START -1424 -2316 11740 264 -1313 -1667 END
START -1664 -2100 11588 446 -1629 -1690 END
START -1816 -1928 11160 464 -2220 -1869 END
START -1956 -1772 11080 974 -3284 -2037 END
START -2244 -1744 12028 1134 -4919 -2458 END
START -1432 -2120 13040 781 -6262 -2564 END
START -592 -2320 13756 630 -6444 -2031 END
START -432 -1924 14072 934 -6159 -1504 END
START -480 -1600 13484 1532 -5993 -1411 END
START -1176 -1400 13100 1896 -6219 -1881 END
START -1152 -1844 13304 1920 -6433 -2476 END
START -1012 -2112 13508 2749 -6539 -2640 END
START -488 -2312 14160 4417 -6831 -2402 END
START -664 -2056 16080 5140 -7507 -2024 END
START -740 -884 17928 3954 -9535 -2178 END
START -472 -1040 17220 2379 -11500 -3137 END
START 168 -1628 16220 1019 -9689 -3280 END
START -504 -2260 17244 1999 -9319 -3438 END
START -68 -3056 19024 3847 -9818 -3247 END
START -84 -2656 20220 4270 -9830 -2565 END
START 88 -2136 20780 4441 -9083 -1971 END
START -280 -2056 21164 5775 -7774 -1298 END
START -688 -1228 21628 6217 -7487 -1175 END
START -520 -724 21940 5711 -7251 -1350 END
START -508 -676 21576 4515 -6749 -1835 END
START -32 -1852 21376 4235 -6456 -1920 END
START 36 -2256 21856 4706 -6034 -1117 END
START -1052 -2188 24436 9561 -9796 -927 END
START -1060 -1356 22708 13665 -11823 -1072 END
START -1344 -1624 21768 19585 -8388 -2003 END
START 3416 -3104 32767 9647 -7141 2262 END
START 216 5436 28224 1824 159 883 END
START -2468 -656 22560 2489 -3389 -304 END
START 744 2568 25052 155 -2151 -738 END
START 312 -696 22928 1812 -2048 -606 END
START 776 -120 25712 -396 -1490 317 END
START 1116 912 25156 -891 -347 820 END
START 1144 -208 26764 -647 159 1433 END
START 1224 768 24180 -1344 2179 2299 END