START -5096 -3500 17708 419 926 800 END
START -4764 -8 11312 -1653 517 1194 END
START -7232 -5912 19776 -1151 880 828 END
START -5964 -3612 17508 855 126 850 END
START -5316 -3508 16532 902 478 1050 END
START -5416 -3180 17104 287 787 993 END
START -5768 -3284 16776 -217 729 868 END
START -5224 -3516 16536 -245 717 919 END
START -5232 -3476 16256 -250 1140 1194 END
START -5664 -3104 16328 -285 686 1059 END
START -5368 -2704 16112 -717 291 722 END
START -5548 -2672 15720 -877 -40 295 END
START -5360 -2860 15732 -1149 -471 -3 END
START -4940 -3540 15312 -1064 -331 -5 END
START -4544 -3744 15116 -714 190 524 END
START -4460 -3712 15168 -345 504 880 END
START -4408 -3552 15148 -196 768 1150 END
START -4356 -3532 14812 -6 837 1441 END
START -4420 -3116 14540 80 784 1543 END
START -4924 -2808 14528 -20 525 1131 END
START -4880 -2520 14504 -461 457 512 END
START -4820 -2800 14092 -477 356 -103 END
START -4544 -3396 13636 -231 636 -241 END
START -4260 -3836 13556 65 532 190 END
START -4416 -3852 13816 11 447 715 END
START -4344 -3784 13544 -50 356 1206 END
START -4596 -3300 14024 28 591 1485 END
START -4728 -2832 14060 60 567 1212 END
START -4664 -2228 14576 -328 495 857 END
START -4748 -2208 14264 -953 559 358 END
START -4308 -2404 13564 -586 362 202 END
START -4480 -2696 13484 405 -354 229 END
START -4480 -3072 14812 1283 -2430 248 END
START -3740 -3140 14208 3022 -4961 370 END
START -4072 -2640 14620 3298 -5516 758 END
START -4828 -4016 13740 5935 -5810 477 END
START -4796 -1384 12212 6426 -5600 167 END
START -4876 -2312 11208 7288 -5769 -753 END
START -2576 1036 13540 -3331 -18 334 END
START -4300 -5216 13156 959 -543 -511 END
START -2420 -1916 12484 -2417 -1400 859 END
START -2844 -2036 12672 1939 -2345 731 END
START -3028 -2540 15228 -952 -3789 1676 END
START -3740 -544 15228 -1924 -4642 1517 END
START -4168 -252 16568 -2109 -6151 748 END
START -3168 -1004 15252 -2697 -4714 52 END
START -3524 -3020 12228 -2448 -3774 -684 END
START -2836 -2476 14108 -494 -4236 -1542 END
START -1268 -4260 14156 1230 -4170 -565 END
START -628 -4160 13872 3119 -3759 616 END
START -1004 -4764 13784 3399 -4175 2096 END
START -1928 -2716 15620 3179 -5501 2565 END
START -2356 -2084 17556 1476 -6679 2499 END
START -2876 -1060 16368 527 -6653 1354 END
START -2492 -1856 15808 1608 -6392 -33 END
START -1192 -2828 15300 2600 -6457 -652 END
START 88 -5056 14224 2197 -6385 239 END
START 1068 -5556 14836 2654 -6927 1512 END
START 1084 -4976 15604 3341 -7027 2942 END
START 404 -4232 15952 4044 -6919 4111 END
START -796 -1140 17340 4479 -7232 4265 END
START -1352 -1248 19888 5450 -7543 3465 END
START -1772 -1696 20916 3614 -7134 3347 END
START -1808 964 22460 3571 -7471 2487 END
START -2316 -276 22492 1585 -7538 1966 END
START -1588 -832 20812 1033 -6971 1615 END
START -1632 -1080 21348 2036 -6706 1724 END
START -1220 -1216 20116 2395 -6705 2202 END
START -2176 -904 20392 3021 -6678 2784 END
START -2624 -996 21532 2908 -7339 2876 END
START -2032 -388 22632 2799 -8214 3501 END
START -2352 156 23796 3254 -7716 3374 END
START -2084 504 22772 3569 -6297 3153 END
START -1772 1492 21948 4281 -3718 2647 END
START -1596 -812 21944 1760 -4295 3133 END
START -2020 2584 19316 2277 -4141 3124 END
START -2332 -272 17880 7653 -4070 2692 END
START -3184 -228 21932 10546 -7402 2839 END
START -2528 -452 21532 10854 -7060 3432 END
START -1408 1176 21360 9908 -5296 3193 END
START -452 4004 22752 -665 -1823 4449 END
START -1852 2052 22596 3341 -2505 2394 END
START -1660 1652 21676 3226 -1257 2309 END
START -2116 2284 23852 4782 3004 2575 END
START -4496 2972 21036 4889 205 2833 END
START -1480 3540 21236 2090 1097 784 END
START -3040 2048 24532 1145 -1307 -39 END
START -1688 1136 22044 566 -183 144 END
START -1484 632 23320 2252 106 652 END
START -1636 1540 23908 2986 2339 1114 END
START -2196 2300 23640 2301 3317 932 END
START -2548 4492 22888 569 3835 371 END
START -2732 4056 21736 -11 4907 -502 END
START -2696 3028 22548 1499 4709 -1846 END
START -3076 840 20732 -5010 5975 -2597 END
START -1800 2580 21480 -3315 5382 -3332 END
START -4000 -592 21996 -6670 -2824 -3491 END
START 772 6952 27736 -7046 1798 -2832 END
START 1008 -2040 16044 4884 5474 -3258 END
START -1752 -576 21088 -1306 6097 -1864 END
START -1268 6228 21360 4648 6388 -2714 END
START -2628 464 22844 2405 6789 -3148 END
START -2304 5136 21728 -109 6429 -3748 END
START -2320 3840 21732 1591 5677 -5005 END
START -2400 2700 21544 -1635 5738 -5168 END
START -1996 4232 21192 -812 5741 -6062 END
START -1560 1512 20656 -1640 6406 -6160 END
START -1436 2204 19400 -1487 6851 -5787 END
START -1124 1532 18988 59 7116 -5369 END
START -1124 1572 18452 458 7426 -4851 END
START -1448 2712 19084 536 6889 -5069 END
START -1288 2160 19148 -526 6038 -5743 END
START -1192 1900 18944 -1688 5455 -6003 END
START -724 1168 18960 -2031 5203 -6051 END
START -448 336 18420 -2099 5944 -5611 END
START -220 516 17632 -1945 6468 -4855 END
START -788 1600 17668 -1564 6734 -4723 END
START -856 1796 16644 -1935 7057 -5137 END
START -1052 2096 15528 -2026 6796 -5577 END
START -956 844 13424 -2163 5751 -5816 END
START -848 1336 12976 -2225 5263 -5736 END
START -940 744 12600 -2369 4311 -5882 END
START -1036 1232 12096 -3485 3606 -6241 END
START -888 872 11280 -3286 3337 -6821 END
START -920 396 11828 -4441 2322 -6963 END
START -868 1772 13172 -4889 1971 -6950 END
START -1192 -2272 8552 -4334 -705 -7172 END
START -988 200 8488 -3873 215 -7182 END
START -388 -2264 11656 -2675 1686 -6439 END
START -652 -1708 10704 -3067 2001 -5551 END
START -208 -1952 10788 -1074 1520 -5391 END
START -344 -1976 9668 -1692 2293 -4762 END
START -844 -1932 10188 -1214 1828 -4595 END
START -1240 -2196 10492 -1860 564 -4710 END
START -1080 -1736 9608 -1661 -1097 -5142 END
START -592 -2860 9332 -1266 -2211 -4953 END
START -388 -3492 10780 -794 -2939 -4387 END
START -332 -3444 11168 -751 -3399 -3664 END
START -436 -3264 11336 -89 -3758 -3355 END
START -556 -3156 11212 208 -4039 -2783 END
START -976 -2792 12076 598 -4831 -2688 END
START -888 -2808 12792 -151 -5699 -2735 END
START -860 -3352 12960 -586 -6249 -2528 END
START -216 -3624 12820 200 -6161 -1960 END
START -264 -3236 13160 1452 -6230 -1302 END
START -240 -3240 14012 2610 -6516 -815 END
START -196 -3464 14108 3158 -6319 -335 END
START -836 -2768 14968 4027 -6162 -66 END
START -1360 -2608 16012 3864 -6708 -458 END
START -1104 -2524 16592 3368 -7414 -747 END
START -1316 -2536 16912 3187 -8661 -957 END
START -584 -2304 17708 4139 -9276 -698 END
START -204 -1788 19064 5056 -9072 -416 END
START 4 -1548 19812 6016 -8061 -42 END
START -480 -716 20764 5800 -8075 -26 END
START -1456 -256 20440 5539 -8976 249 END
START -2468 -808 19736 5390 -6702 -884 END
START -2148 -104 18488 5024 -6123 -1071 END
START -1644 240 19360 5994 -7547 -1643 END
START -1544 244 20024 5769 -7985 -1655 END
START -1184 456 20864 5544 -8277 -1316 END
START 744 360 21148 9199 -9468 -1180 END
START -3372 -2108 15256 4032 -5664 4 END
START 400 2340 18780 12757 -5637 -877 END
START -1804 -1012 23252 6500 -1475 805 END
START -2524 4960 19636 9173 -390 -399 END
START -2848 2160 24492 8470 -777 -1594 END
START -3140 4104 26160 5136 -923 -1703 END
START -2536 2616 22860 7092 -663 -2430 END
START -2440 368 24412 5250 -1206 -1997 END
START -1908 3072 25116 4778 146 -1745 END
START -1612 1276 26356 3802 1270 -1567 END
START -2424 3348 24072 1923 2209 -1496 END
START -2752 3244 23812 3541 2587 -2672 END