START -5044 -1680 20172 815 1823 1006 END
START -6536 -2244 17260 -305 860 950 END
START -4596 376 15160 392 1306 663 END
START -5240 -520 16260 679 1106 119 END
START -4744 -1112 15884 554 1022 -212 END
START -4956 -1760 16192 565 781 -118 END
START -5000 -2148 16020 619 663 97 END
START -4576 -2220 16168 457 802 524 END
START -4580 -2204 16504 164 840 1051 END
START -4500 -1956 16476 -145 909 1508 END
START -4560 -1440 16608 -440 1231 1619 END
START -4696 -932 16084 -642 1695 1400 END
START -4676 -860 15472 -647 2512 872 END
START -4684 -1056 14816 -663 2953 307 END
START -3932 -1408 13888 -706 2942 102 END
START -3872 -1772 13004 -381 2964 363 END
START -4032 -1980 13184 331 2799 766 END
START -4200 -1592 14204 164 2734 1037 END
START -4184 -1336 14880 -1284 2903 1137 END
START -4372 -1056 15288 -2874 2576 1188 END
START -3920 -1428 12916 -3391 3205 1212 END
START -4052 -1576 11988 -3222 3207 1098 END
START -4092 -1812 10868 -2425 3567 668 END
START -3884 -2196 10460 -1400 2727 554 END
START -4208 -2404 11288 -653 1265 891 END
START -4972 -2120 13968 -760 -3504 1226 END
START -5228 -1188 14276 -374 -7276 1030 END
START -5284 -1408 14272 1492 -10191 565 END
START -4876 -656 13068 5245 -11172 -272 END
START -5184 -1868 12476 14065 -8766 -2159 END
START -4544 -3732 10244 5975 -6416 -620 END
START -4408 6576 15908 -315 2330 765 END
START -6052 -6928 13776 940 235 1197 END
START -4412 624 14164 -2647 -4820 1940 END
START -4656 3784 16180 -2319 -6090 1123 END
START -4884 -1096 18848 -6809 -6091 1246 END
START -5060 4360 15208 -10375 -4396 -55 END
START -4716 -3012 10072 -6058 -3826 -2781 END
START -3116 -4272 11196 -433 -3179 -3462 END
START -2612 -2904 12080 3506 -3185 -2147 END
START -2720 -3532 13888 3606 -4522 -219 END
START -2864 -1404 15516 2558 -6131 1016 END
START -3124 -1168 17036 682 -6955 1309 END
START -2504 -1120 16168 -812 -6921 1070 END
START -1868 -1636 15160 -1307 -6708 654 END
START -1228 -1060 14528 1735 -6237 -449 END
START -1144 -2280 11928 3493 -5560 -251 END
START -1388 -5184 14600 5424 -6639 395 END
START -1152 -3044 15632 4958 -8265 1392 END
START -988 -2580 16132 4619 -9772 2757 END
START -1312 -1608 18480 3765 -10456 3505 END
START -1100 -368 19140 3245 -9438 2746 END
START -596 -8 19056 3563 -7733 1937 END
START -344 -520 17700 4841 -5778 954 END
START 700 -620 16104 6795 -4487 918 END
START 220 -588 16528 8489 -5205 1181 END
START 288 -364 18940 7579 -6740 2291 END
START -672 536 21932 6061 -8326 2541 END
START -904 2268 21840 5211 -8316 2518 END
START -2160 4048 24508 3956 -10400 2313 END
START -660 3784 26052 3397 -9646 1699 END
START -1492 2828 24128 2496 -10378 1175 END
START -360 2056 24208 2740 -9295 1234 END
START -500 1660 24260 3022 -7961 1501 END
START -464 1400 23876 4363 -6136 1888 END
START -392 2064 24284 4679 -4408 2794 END
START -1468 2456 24540 3359 -2016 3982 END
START -1656 784 24100 9176 -4779 2924 END
START -4092 1148 19688 4695 -4413 4449 END
START -2712 4872 25960 6072 -1933 4295 END
START -3860 3936 25740 2350 -3794 4535 END
START -3604 3876 25640 2389 -5392 4413 END
START -3956 4748 25268 2182 -4884 4047 END
START -3868 5140 25704 2469 -3411 2837 END
START -3656 4364 25056 2809 -1874 1297 END
START -3724 4972 24732 849 -880 553 END
START -2964 4052 24196 524 1380 371 END
START -2680 3528 23624 -1781 2007 535 END
START -620 8536 28888 -2605 -1118 514 END
START -1708 2964 22504 1631 -1592 -770 END
START -1228 4108 21120 -230 1176 2 END
START -1948 4468 21032 1026 1150 -894 END
START -1748 5000 21860 791 1934 -1965 END
START -1376 4604 21996 97 2281 -2773 END
START -972 4280 21200 -430 2442 -3620 END
START -584 3720 20696 -334 2696 -4046 END
START -380 3384 20204 -152 2899 -4001 END
START -620 3816 19832 370 3146 -4013 END
START -724 4320 19864 795 2862 -4578 END
START -252 4064 20704 627 2695 -5127 END
START -56 3916 21000 155 3294 -5331 END
START -128 4080 21264 -116 3880 -5725 END
START -212 4092 20528 -330 4430 -6130 END
START -436 4256 20036 -707 4432 -6509 END
START -508 4244 19536 -1141 4163 -6949 END
START -308 3360 19048 -1435 3919 -7031 END
START 4 3036 18816 -1573 3924 -6749 END
START 96 2856 18292 -1454 4220 -6421 END
START 12 3028 18044 -1325 4263 -5954 END
START -48 3552 18420 -1437 4612 -6129 END
START 24 3680 18180 -1581 5194 -6514 END
START 40 2948 17628 -1461 5272 -6803 END
START 244 2260 16832 -1208 5277 -6644 END
START 40 2132 16632 -1062 5029 -6357 END
START 112 2116 16968 -1326 4351 -6225 END
START 260 2232 16628 -1812 3980 -6049 END
START 132 2020 16652 -1744 3862 -5966 END
START 52 1808 16428 -2080 3919 -5974 END
START 264 1396 16056 -1919 4149 -5787 END
START -160 764 15628 -2263 4459 -5102 END
START -556 1704 15380 -2330 4277 -5033 END
START -436 1332 14892 -2285 4103 -5097 END
START -588 1176 14704 -3170 3858 -4748 END
START -724 1888 14264 -3721 3890 -4832 END
START -664 1972 13624 -3467 4022 -5378 END
START -168 1068 13424 -3235 4388 -5491 END
START -96 92 13152 -3602 4558 -4948 END
START -4 848 13524 -2984 4491 -4492 END
START -128 -624 13084 -3443 3815 -3851 END
START -828 364 13160 -4141 2530 -3586 END
START -836 832 12188 -4099 1806 -3936 END
START -908 916 10924 -4208 2484 -4257 END
START -720 952 10036 -2754 2565 -4629 END
START -236 -1356 10776 -1861 2300 -4681 END
START 228 -840 10904 -1966 1826 -4078 END
START 2000 -904 12468 -2554 1860 -3018 END
START 1316 -2108 9636 -2147 1475 -2982 END
START 832 -2360 8516 -970 1321 -2708 END
START 816 -2652 8984 -1878 1526 -1857 END
START 716 -3052 8008 -379 691 -1374 END
START 380 -2764 9524 1972 -727 -1170 END
START 396 -2720 9804 3170 -2669 -974 END
START 264 -1944 10940 3806 -4856 -820 END
START 272 -1372 12268 2926 -6303 -1004 END
START 24 -1668 12972 1376 -6756 -1202 END
START 72 -2396 12608 1048 -6423 -1030 END
START 532 -3008 11912 2679 -5637 -270 END
START 412 -2880 12348 4755 -5134 844 END
START 32 -2428 13464 6204 -5825 1690 END
START 144 -1292 14704 6008 -6642 2577 END
START -1004 -460 15472 4880 -7848 2638 END
START -1340 -132 15960 4182 -9013 2183 END
START -1228 -172 16072 3313 -9701 1705 END
START -852 100 16372 3783 -9572 1288 END
START -1324 -112 17324 4459 -9632 828 END
START -972 -272 19052 4577 -10846 509 END
START -848 -136 20564 4371 -11126 521 END
START -240 -376 20664 3637 -10871 830 END
START -52 104 21404 3572 -10632 1318 END
START -548 956 22568 4190 -10755 1349 END
START 4668 4196 22732 7717 -16133 2441 END
START -1732 -3176 24404 17382 -14296 -1473 END
START 3500 3592 16008 -8779 -185 4346 END
START -1624 3488 19440 12798 -9056 170 END
START -1388 -2504 23148 -4408 -6436 3801 END
START -1844 8244 22000 8566 -6091 214 END
START 372 -1692 32767 602 -5002 1268 END
START 3748 8464 32767 -1600 2101 4138 END
START -2500 -300 31212 2151 2971 2796 END
START -2336 1212 31828 3561 3623 3327 END
START -3380 7740 27884 7412 3362 2598 END
START -2512 3732 24876 5766 4783 2068 END
START -2376 5120 22604 -2763 1042 2302 END
START -1200 4592 20048 746 2053 775 END
START 80 2464 19768 235 3001 1091 END
START 512 2228 20904 158 884 1593 END
START 1148 2808 19860 -2070 2752 2193 END
START 1012 3352 18144 -891 3567 2423 END
START 824 4208 19880 -1259 4096 1947 END