START -6324 -2604 16512 432 491 564 END
START -8372 -3820 14120 -1156 -155 624 END
START -6380 -1832 15956 -242 -514 273 END
START -5620 -2752 15428 84 -627 231 END
START -5244 -2604 15468 -104 54 538 END
START -5340 -2800 15532 20 785 793 END
START -5380 -2888 15372 -140 944 912 END
START -5296 -2760 14912 -251 999 1004 END
START -5320 -2668 14808 -201 736 961 END
START -5072 -2512 14556 -52 467 1006 END
START -5232 -2296 14596 156 395 1225 END
START -6084 -2132 15028 405 -184 919 END
START -5764 -1904 15736 201 -657 472 END
START -5556 -1736 15772 76 -272 209 END
START -5788 -1740 17264 -192 -420 39 END
START -5208 -1904 16232 377 888 52 END
START -5296 -2024 16328 136 1450 116 END
START -5152 -2128 15948 -200 1817 179 END
START -4784 -2200 15704 -805 1449 584 END
START -5016 -2440 14984 -1196 1172 988 END
START -5292 -2284 14092 -1038 690 1188 END
START -5356 -1816 14000 -710 140 1127 END
START -5544 -1916 14008 -583 -518 807 END
START -5164 -1932 14236 -600 -621 622 END
START -4920 -2120 14536 -983 -1019 554 END
START -4800 -2324 14720 -1181 -879 686 END
START -4836 -2228 14936 -1586 -933 1126 END
START -4764 -1732 15596 -2077 -1374 1296 END
START -4912 -1744 15012 -1642 -4238 976 END
START -4884 -1556 14992 2450 -8681 251 END
START -4440 -1720 13612 928 -6606 451 END
START -4252 -2788 12096 2507 -7460 260 END
START -4868 -1680 12680 3529 -7029 -178 END
START -4468 -1048 13264 3042 -8565 -405 END
START -3268 -1936 18608 2739 -10116 -596 END
START -2560 712 12732 -2967 -5052 521 END
START -4332 -916 16408 -4067 -4458 618 END
START -4364 -1716 15372 -3375 -5043 478 END
START -4344 -1404 15436 -3006 -4370 201 END
START -4828 -2156 15072 -2593 -4061 -78 END
START -4320 -2328 16044 -679 -3955 -499 END
START -4256 -3976 12872 685 -2640 -602 END
START -3700 -3972 13332 646 -2160 -422 END
START -3492 -4744 10980 -1190 -1870 350 END
START -3016 -4844 14028 -190 -4355 676 END
START -2704 -1900 17192 -821 -4803 1160 END
START -3496 -1800 17596 -970 -4693 936 END
START -3920 -2332 16932 -1415 -4473 471 END
START -3464 -2592 15876 -412 -3986 -191 END
START -2376 -2660 14872 997 -3577 -554 END
START -1352 -3664 15076 1772 -3603 -285 END
START -1048 -3320 15704 2026 -4218 711 END
START -1704 -3112 16312 1429 -4644 1510 END
START -2620 -2276 16844 1023 -5332 1848 END
START -2804 -2032 17172 63 -5819 1875 END
START -3200 -872 17768 -898 -5972 1278 END
START -2876 -1020 16284 -1093 -5685 -263 END
START -1156 -1816 15240 809 -5518 -1535 END
START 532 -3780 13576 1370 -5041 -1315 END
START 964 -3608 16292 3112 -5134 -100 END
START 144 -4404 15348 4032 -5215 1646 END
START -1364 -3664 15240 4530 -5843 2820 END
START -2228 -2936 16600 3781 -7586 3482 END
START -2092 -1052 17964 2866 -9209 3731 END
START -2136 -40 19376 2378 -9776 2537 END
START -1152 -484 19768 1712 -9052 1343 END
START -252 256 20548 2188 -7674 114 END
START -152 -1744 19456 2648 -6358 -419 END
START -176 -2876 18880 3955 -5726 294 END
START -696 -3264 18180 4447 -5618 1542 END
START -784 -2376 19844 4826 -6659 2428 END
START -820 -1700 19872 4011 -8089 2792 END
START -72 -1136 23576 4187 -9107 2656 END
START 16 364 22928 2722 -9191 2421 END
START -460 292 24260 1418 -8374 1403 END
START -912 -164 24428 3447 -9308 596 END
START 336 1164 25180 898 -166 1208 END
START -1824 -2448 23488 3455 -4028 1092 END
START -1708 -1220 25080 5094 -2151 1963 END
START -2096 212 26292 5204 -1140 2496 END
START -2336 860 27312 3146 -2376 2688 END
START -2888 1320 27528 697 -3157 2078 END
START -2160 1548 28016 -668 -2153 1277 END
START -1784 592 26360 155 -790 848 END
START -1972 196 25652 270 121 892 END
START -1336 604 25348 814 1236 793 END
START -1640 968 24448 1401 2318 423 END
START -2092 1056 24424 837 2747 171 END
START -1544 708 22788 1358 3585 -283 END
START -1436 1508 24052 439 2976 -559 END
START -948 1396 23892 198 3345 -893 END
START -1032 1344 24300 -218 4145 -1132 END
START -728 1112 24168 -1080 4907 -1489 END
START -752 1048 22800 -1461 6090 -1617 END
START -744 1244 21704 -578 6942 -1739 END
START -952 1632 21188 -36 6906 -1991 END
START -1092 2144 20968 63 6649 -2480 END
START -1284 2588 21728 -764 6017 -3154 END
START -1436 2184 21328 -1977 5678 -4048 END
START -700 1188 20320 -2234 5871 -4293 END
START -392 340 19656 -2172 6441 -3828 END
START -844 1148 19428 -1539 7075 -3529 END
START -1328 1372 18700 -1075 7042 -3870 END
START -1332 1952 17888 -963 7230 -4361 END
START -1260 1868 17856 -774 6769 -5030 END
START -1284 2080 17676 -1217 6374 -5792 END
START -1104 1596 17060 -1907 5505 -6495 END
START -772 1428 16232 -2280 4759 -6955 END
START -372 -232 16644 -2106 4491 -7002 END
START -52 -936 17004 -1753 5140 -6215 END
START -68 -888 16548 -1372 5939 -5124 END
START -180 -352 15872 -544 6813 -4514 END
START -920 528 15756 -419 7054 -4361 END
START -1172 2008 15524 -76 6214 -5240 END
START -1512 1684 15972 -1822 5847 -6234 END
START -1204 1428 14652 -2795 6415 -7043 END
START -1124 404 14744 -3545 6424 -7496 END
START -624 -1444 14212 -4214 7355 -7111 END
START 40 -1736 15544 -3751 9223 -5976 END
START -608 -1772 12764 -4655 10301 -4371 END
START -1240 -772 14020 -3707 10695 -3558 END
START -2356 -736 12404 -2378 6591 -3772 END
START -2928 20 12112 -1794 2876 -4772 END
START -3072 -28 12488 -2267 1572 -6103 END
START -2328 -920 11928 -2915 1781 -6839 END
START -2284 -1692 12412 -3244 1894 -6884 END
START -1828 -2600 12748 -2958 855 -6567 END
START -1392 -3028 12372 -2614 1018 -5628 END
START -1488 -3220 12016 -1849 1902 -4761 END
START -1596 -3756 11240 -906 2569 -4072 END
START -1700 -3716 10640 11 3138 -3589 END
START -2216 -3704 10980 525 2003 -3661 END
START -2268 -4212 10568 695 932 -4163 END
START -1576 -4980 10504 665 144 -4470 END
START -1156 -5560 11164 644 -411 -3816 END
START -964 -5852 11896 774 -1796 -2870 END
START -352 -5508 11964 734 -2015 -1597 END
START -944 -4676 11780 782 -1616 -593 END
START -1632 -3772 11760 1186 -2076 -347 END
START -2240 -3580 11372 1403 -2525 -529 END
START -1516 -3684 11228 2152 -3160 -821 END
START -1288 -3864 11752 2701 -3723 -693 END
START -920 -3696 12264 2691 -4725 -725 END
START -480 -3780 12448 2569 -5729 -535 END
START -316 -3736 12832 2525 -6098 44 END
START -776 -3524 12792 2716 -5712 547 END
START -1064 -3208 12236 3809 -4877 861 END
START -1860 -2464 12384 5131 -5264 774 END
START -1652 -2248 12704 5837 -6841 346 END
START -1460 -1856 13268 6200 -8439 104 END
START -1436 -1632 15012 6521 -9671 -100 END
START -1676 -1488 16820 6347 -10400 -269 END
START -1316 -512 18268 6379 -9956 -139 END
START -2076 -408 18828 5786 -10164 -469 END
START -1328 -444 18192 5819 -9659 -934 END
START -1648 -480 19376 5258 -9291 -1125 END
START -1428 -1292 20592 4651 -9668 -1304 END
START -676 -1536 21328 5374 -9374 -1038 END
START -1004 -1500 22276 4836 -9188 -225 END
START -1428 -824 23220 4769 -7843 231 END
START -1944 -228 23000 4862 -6361 354 END
START -1896 676 22080 5043 -4493 444 END
START -2348 1104 22104 6398 -3107 380 END
START -2684 2148 22164 6429 -3534 -87 END
START -2808 2312 22420 5994 -4313 -873 END
START -4100 3344 22116 4158 -3714 -1156 END
START -2932 -884 25740 12168 -12770 -2277 END
START 4024 13288 32767 9687 -4173 -2423 END
START -2624 1388 27472 -1855 -5235 -873 END
START -896 -172 20328 -1539 -4280 -1141 END
START 152 -440 24176 1530 -2417 -1206 END
START 952 1392 25936 -1467 -1246 -516 END
START 1536 -680 25036 -1249 -436 -299 END
START 1552 -508 25872 -2001 300 214 END