START -3312 -1912 17760 660 862 1354 END
START -2720 -1484 11140 -415 -121 1722 END
START -2280 240 15692 88 491 1657 END
START -4096 -1452 16780 -23 325 1430 END
START -4624 -1208 16548 -48 438 1152 END
START -4708 -1048 16604 -34 85 681 END
START -4408 -900 16604 -119 183 278 END
START -3832 -924 16620 -322 348 124 END
START -3528 -1024 16456 -531 757 204 END
START -3812 -1152 16044 -605 844 296 END
START -3456 -1152 15892 -843 973 367 END
START -3528 -1212 15108 -900 1199 463 END
START -3532 -1492 14280 -577 998 393 END
START -3204 -1764 13644 -223 879 458 END
START -3176 -1596 13292 31 1033 550 END
START -3228 -1380 13168 298 267 452 END
START -3184 -1140 13128 653 -443 295 END
START -2944 -1128 13532 861 -1137 314 END
START -2716 -924 13780 934 -1517 468 END
START -2880 -976 14260 713 -1571 777 END
START -2520 -656 15092 -112 -2191 965 END
START -2648 -832 14568 -1140 -5098 746 END
START -2572 -1020 13532 -1818 -6564 417 END
START -1944 -1104 12340 -857 -6183 299 END
START -1556 -1148 10996 1131 -3577 316 END
START -1880 -724 11216 2752 -1389 770 END
START -2500 64 12420 4434 -1880 611 END
START -2496 616 13040 5069 -4151 117 END
START -2640 -1096 14992 6027 -8255 -728 END
START -1656 396 12188 7591 -12240 -1718 END
START -776 -620 12832 9827 -14278 -2555 END
START 1048 -344 12816 10466 -13994 -2677 END
START 9880 2912 14944 -488 -951 1070 END
START 328 -2160 10636 45 -37 20 END
START -624 -5432 12328 1571 -4518 1159 END
START 776 3060 9360 3957 -6188 1076 END
START -240 -1488 14580 3320 -7619 764 END
START 584 1412 13724 1024 -10870 209 END
START 1792 760 15036 459 -12243 -569 END
START 2604 -196 15420 -1468 -12550 -525 END
START 2812 -1184 15852 222 -10809 -139 END
START 2216 -1256 14840 1359 -10280 679 END
START 1584 -500 15896 3697 -11112 1148 END
START 1656 252 16424 4979 -11470 1578 END
START 1848 1068 17720 5736 -12298 1677 END
START 1720 2128 19716 5260 -13344 1316 END
START 1748 2588 21024 4357 -13953 895 END
START 1300 2056 21992 3671 -13564 876 END
START 1268 2236 23528 4106 -13631 639 END
START 1296 2324 24932 5150 -13013 285 END
START 1640 2532 26096 5541 -11405 220 END
START 1808 2836 26388 5456 -10047 286 END
START 1628 3192 27408 5175 -9368 121 END
START 2176 3188 28492 4575 -9083 65 END
START 2196 3184 29688 3854 -8609 213 END
START 2144 3260 30184 3401 -7443 141 END
START 2424 3184 30152 3521 -5383 126 END
START 3716 4876 32767 -686 -297 204 END
START 192 2712 32767 -1244 16860 411 END
START 2372 2712 24912 4528 7830 1150 END
START 1452 3948 26936 5436 2264 1485 END
START 2180 5008 25548 2606 -705 1093 END
START 572 4844 26980 -1044 -5676 68 END
START 2412 4648 27104 -3999 -4369 -704 END
START 2812 3840 25152 -3789 -152 -1292 END
START 4008 2940 23640 -2280 3339 -1483 END
START 4724 2588 21384 -734 5728 -1491 END
START 4664 2808 22208 65 6814 -1512 END
START 4952 2824 21312 -2069 5802 -1081 END
START 5160 2776 20616 -2700 5820 -651 END
START 4776 2608 19580 -3172 5456 -345 END
START 4516 2652 19156 -3326 4905 -161 END
START 3984 2244 18848 -3149 4323 -112 END
START 3916 2268 18800 -2772 4030 -239 END
START 3716 1728 18524 -1923 4501 -258 END
START 4200 2008 19100 -1349 4852 249 END
START 4612 2168 18380 -1106 4927 909 END
START 4016 2892 19180 -133 5518 1478 END
START 3244 4004 19964 140 5401 1711 END
START 2284 4240 19460 85 6581 1081 END
START 2424 4276 20260 -2831 7000 1369 END
START 1444 3284 19812 -2060 5964 818 END
START 1568 3772 19840 -2913 5209 784 END
START 1444 3064 19456 -3932 4842 932 END
START 1488 2900 19452 -5394 3727 1134 END
START 1680 1572 18744 -5974 4888 1369 END
START 2792 2224 15972 -6547 5687 2690 END
START 1764 1836 17572 -2771 6643 1843 END
START 1120 2348 19244 -2369 5181 1849 END
START 432 2876 19720 -3746 4886 1572 END
START -156 2020 18224 -3517 5146 296 END
START 0 1344 17600 -3982 6193 -548 END
START -56 -124 15856 -3226 7185 -1048 END
START 696 404 17676 -1881 8056 -1007 END
START 464 -80 17132 -1749 6378 -828 END
START 436 -332 16672 -2434 5865 -600 END
START 532 -964 15872 -2409 3401 -509 END
START 580 -1376 15520 -2776 3888 -349 END
START 388 -1572 15776 -2567 4392 -56 END
START -228 -1916 16624 -1876 5333 232 END
START -280 -1988 16124 -1601 5038 379 END
START 988 -4276 14988 -448 5937 372 END
START -3176 -2724 15388 -2387 7760 1279 END
START -780 -1124 13612 -3377 8943 884 END
START -3388 -3100 16792 -2562 4075 742 END
START -40 -608 11880 -2965 5782 1324 END
START -2796 -2144 13376 -1014 3097 984 END
START -3420 -2312 14228 -67 3253 557 END
START -4108 -2512 14480 469 4678 505 END
START -3888 -2768 13740 922 4742 438 END
START -4312 -2760 13960 848 5096 720 END
START -4720 -2428 14104 649 4419 1122 END
START -4776 -2328 13516 126 3312 1058 END
START -5300 -2408 13432 -510 2318 1177 END
START -5724 -2460 13780 -1179 1380 1289 END
START -6148 -2440 13572 -1527 1001 1571 END
START -6920 -2380 13956 -1583 359 1694 END
START -7376 -2736 14128 -1288 -274 1416 END
START -7264 -3080 14116 -809 275 1548 END
START -7292 -3136 14284 -456 1304 2112 END
START -8004 -3028 14628 -48 1735 2613 END
START -8612 -2984 14772 -382 1548 2820 END
START -9356 -3232 15508 -939 966 2578 END
START -9596 -3188 16156 -1536 71 2052 END
START -9336 -3648 16560 -1747 -183 1377 END
START -8592 -4416 16904 -1323 398 1266 END
START -8196 -5116 17264 -701 1119 1743 END
START -7988 -5476 17476 163 2449 2774 END
START -7692 -5264 17856 77 3145 4232 END
START -7744 -4676 17116 -1186 3036 5687 END
START -8048 -3196 15980 -2730 2005 6843 END
START -8312 -1152 15200 -4170 255 7064 END
START -8128 916 14516 -4885 -649 5972 END
START -7748 1712 14124 -4084 -874 4059 END
START -6024 1768 14472 -2316 -649 1983 END
START -4728 992 15608 -1837 -160 312 END
START -2832 392 16216 -2354 -349 -711 END
START 164 -628 15628 -2732 -423 -1016 END
START 1704 -620 15484 -2734 -1917 -19 END
START 3348 368 14020 -2961 -591 983 END
START 3472 1572 14880 -2312 -2713 2120 END
START 2948 2596 16144 -2386 -2851 1860 END
START 2952 3680 17316 -3475 -4654 655 END
START 3560 3572 17360 -4630 -4922 -1216 END
START 4716 2512 17164 -3988 -4714 -3073 END
START 6248 2024 16592 -2436 -2743 -3891 END
START 6464 352 17212 -848 -1882 -3557 END
START 6740 -564 17268 480 -1301 -2323 END
START 6140 -532 17552 1488 -55 -217 END
START 5092 -72 18200 1409 515 1680 END
START 4068 644 17908 668 -14 2832 END
START 2880 1436 17736 267 -708 3435 END
START 1344 1760 18068 306 -1007 3196 END
START 168 2044 18504 457 -454 2395 END
START -672 2292 18968 369 233 1472 END