START -4484 -976 15844 1133 1480 1153 END
START -5364 -392 14248 35 439 1703 END
START -2604 40 12784 500 1749 1224 END
START -4964 -1204 14024 934 1368 968 END
START -4220 -1136 13708 1355 1449 1145 END
START -4120 -748 13460 1312 1393 1412 END
START -4388 -516 13048 916 683 1243 END
START -3712 -200 12196 455 -446 823 END
START -3740 -136 11696 85 -67 335 END
START -3972 -472 11700 91 -798 -454 END
START -3856 -976 12228 31 -3637 -1293 END
START -2956 -1644 12108 67 -5150 -1667 END
START -2024 -1484 11864 619 -5864 -1296 END
START -2524 -944 12216 1819 -5144 -946 END
START -2684 -1604 11700 2611 -5706 -884 END
START -2340 -1224 11996 4844 -7266 -1435 END
START -2072 -1572 11292 5537 -7903 -1179 END
START -2044 -920 11932 7844 -9502 -1483 END
START -1988 -820 13644 11271 -10496 -1899 END
START -1688 564 16648 9809 -11423 -1239 END
START 3560 5032 9508 349 -2316 1042 END
START -1672 2572 11616 1972 -1693 -636 END
START -1592 876 13188 2768 -6247 -1688 END
START -1228 2448 13332 2229 -6038 -2359 END
START -1072 16 13320 2835 -7005 -3126 END
START -168 -480 13904 3690 -6960 -3133 END
START 580 -472 14696 4625 -7049 -2463 END
START 1032 -104 15928 5700 -7273 -1497 END
START 652 804 17092 6012 -7636 -395 END
START 168 1812 18496 5306 -8684 -48 END
START 136 2640 18808 3320 -10281 -204 END
START -288 2944 18796 1764 -12020 -1163 END
START 48 2312 19444 1591 -12789 -2483 END
START 792 1496 20348 2642 -11985 -3135 END
START 1276 752 21616 3657 -10638 -2994 END
START 1568 596 22236 4340 -9016 -2353 END
START 1248 724 21828 4203 -8420 -1375 END
START 860 1160 21968 3810 -9258 -849 END
START 832 1664 22128 3470 -9919 -729 END
START 1032 2208 23044 1998 -9973 -389 END
START 904 2644 24640 2524 -10264 -718 END
START 1512 2964 24972 2126 -8962 -1008 END
START 1464 2540 25400 2273 -7637 -1157 END
START 1532 2572 25420 1910 -6928 -1121 END
START 1348 2292 25824 1510 -5834 -958 END
START 1212 2020 25688 1431 -4432 -744 END
START 1092 2064 24832 2125 -2797 -673 END
START 1472 2336 24360 3113 -1702 -596 END
START 1368 2904 24828 2948 -1748 -500 END
START 1480 3328 24976 1620 -2195 -688 END
START 1816 3264 24956 309 -2351 -939 END
START 2164 2760 24892 -627 -2131 -1168 END
START 2268 2128 24884 -1370 -1367 -1134 END
START 2592 2008 24284 -1663 -460 -1063 END
START 2852 1584 23996 -1662 802 -1033 END
START 3308 1312 22692 -1165 1773 -882 END
START 3548 1424 22124 -590 2320 -587 END
START 3720 1396 22136 -450 2545 -323 END
START 3792 1344 21932 -816 2576 -115 END
START 3960 1320 21440 -1640 2225 235 END
START 3516 1132 21492 -2403 2098 685 END
START 3660 1164 21140 -2716 2151 980 END
START 3736 1284 20660 -2704 2117 1251 END
START 3788 1384 20588 -2811 1849 1605 END
START 3808 1408 20400 -3058 1868 2011 END
START 3464 1936 20800 -3134 1458 2344 END
START 3412 2508 20924 -3367 1183 2545 END
START 3416 2960 20400 -3399 1368 2611 END
START 3496 2896 20232 -2917 1612 2581 END
START 3408 2700 20840 -2518 2068 2775 END
START 3764 2244 21176 -2756 2727 3198 END
START 3468 2116 21164 -2686 3182 3628 END
START 3120 2096 20704 -2299 3654 4167 END
START 2840 2296 20464 -1936 4371 4399 END
START 2364 2424 20676 -1545 4323 4316 END
START 2060 2484 20824 -1941 4500 4348 END
START 1124 2520 20704 -3303 4962 4431 END
START 856 2540 20328 -4747 4796 4401 END
START 336 2572 20104 -5498 4512 3667 END
START 476 2380 19448 -6734 4373 2912 END
START 944 1892 18420 -8395 5407 2686 END
START 1296 1320 17860 -6152 8665 2302 END
START 616 -396 16892 -7947 9034 2726 END
START 2504 100 17516 -4471 11224 2651 END
START 168 -876 18028 -3616 10407 2597 END
START -492 -464 15804 -2350 8091 2622 END
START -988 332 16952 -2107 6565 2102 END
START -1028 88 16352 -1471 5493 1500 END
START -2468 -920 17500 -1348 5249 956 END
START -1228 -400 15684 -1483 5674 -122 END
START -660 -1056 15156 -1164 6249 -650 END
START -408 -2092 14416 -503 8209 -629 END
START 712 -3420 15432 771 10884 -27 END
START -3180 -3516 13804 488 14388 786 END
START -852 -1688 14480 -790 12630 1264 END
START -2432 -2064 15476 -1134 9168 1318 END
START -1912 -2196 14164 -343 5589 1372 END
START -2428 -1760 14856 -194 4956 1554 END
START -3028 -1784 14684 -168 4566 1295 END
START -3432 -1560 14572 -717 3823 749 END
START -3424 -1696 13428 -743 4151 438 END
START -3532 -1776 13228 41 4236 499 END
START -3688 -1904 12880 774 4292 819 END
START -4052 -1724 13004 1140 3991 1206 END
START -4648 -1524 13040 1269 4197 1450 END
START -5508 -1244 13896 423 3734 1397 END
START -5840 -1412 13468 -373 2164 1102 END
START -6192 -1712 13308 -965 1837 1156 END
START -6704 -1764 13384 -1155 257 1363 END
START -6832 -1856 13520 -1256 251 1554 END
START -7516 -1912 13348 -1253 356 1671 END
START -7716 -1720 13232 -824 -291 1728 END
START -8188 -1760 13380 -240 -493 1600 END
START -8964 -1912 13796 248 -878 1404 END
START -9296 -2224 14492 502 -863 1295 END
START -9740 -2768 15116 687 -617 1053 END
START -9592 -3232 16184 779 -843 736 END
START -8792 -3488 16524 218 -707 860 END
START -8212 -3728 16256 -226 -567 1496 END
START -7900 -3656 15752 -28 -646 2301 END
START -7748 -3004 16064 344 -865 2895 END
START -7976 -2844 16768 175 -1768 2952 END
START -7348 -2716 17284 359 -1961 2611 END
START -6136 -2620 18028 603 -1241 2625 END
START -5048 -2712 17708 927 -365 2836 END
START -3752 -2064 17108 1493 5 3338 END
START -2764 -584 16948 1624 -134 3685 END
START -2532 1048 16448 1514 -423 3451 END
START -2044 2556 16312 1370 -828 2971 END
START -1100 3948 16472 786 -1444 2250 END
START -96 4460 16372 127 -1937 880 END
START 724 3940 16784 -289 -2276 -722 END
START 2072 2864 16644 -80 -1806 -2042 END
START 3460 1484 17120 670 -1265 -2367 END
START 4996 336 17292 1137 -1471 -1751 END
START 6120 -1028 16956 1610 -1147 79 END
START 5232 1108 16620 500 -1946 775 END
START 4660 916 17156 -109 -2078 2398 END
START 3484 1668 17116 -655 -2042 2865 END
START 2488 2224 17448 -835 -2526 2634 END
START 1444 2236 17152 -210 -1530 1969 END
START 168 1828 17488 365 -878 1153 END
START -4 1508 17480 502 -760 526 END
START -204 1064 17288 1117 32 286 END
START -564 968 17992 1590 111 380 END
START -612 932 18312 813 800 741 END
START -484 908 18448 -383 721 1193 END
START -644 944 18168 -1244 1007 1565 END