START -3900 -944 17152 2189 1318 1009 END
START -5196 1112 13604 565 734 1574 END
START -3052 -936 15120 1523 1398 1571 END
START -4124 196 16012 1641 1077 1056 END
START -4384 -184 15776 1572 996 635 END
START -4272 116 15764 900 764 119 END
START -4292 52 15220 432 682 -325 END
START -3820 -276 14972 84 160 -726 END
START -3508 -748 14476 124 -174 -923 END
START -3284 -1188 14696 360 -406 -741 END
START -3236 -1692 14620 562 -362 -387 END
START -2724 -1872 14456 487 -648 -167 END
START -2532 -1904 14148 196 -910 221 END
START -2272 -1432 13916 -2 -1364 551 END
START -2248 -1192 13404 316 -1415 557 END
START -2148 -980 13420 847 -1406 610 END
START -2136 -648 13636 951 -1566 678 END
START -2508 -532 13924 561 -2164 425 END
START -2500 -896 13548 778 -2703 66 END
START -2472 -720 13068 1422 -4016 -224 END
START -2480 -1864 12288 2772 -5492 -586 END
START -2388 -1644 12244 4465 -7107 -874 END
START -1884 -1404 13072 6208 -8380 -818 END
START -1392 -1320 12124 8306 -8287 -423 END
START -1344 -452 13480 10293 -10009 78 END
START -1024 -388 13536 12491 -11715 566 END
START 764 4156 16260 -2105 -3452 2767 END
START -3252 -2904 16088 295 -4837 2403 END
START -1576 1748 11428 -820 -7215 1850 END
START -1652 2100 11776 1898 -6516 884 END
START -1372 1704 14824 2144 -8910 469 END
START -900 2688 15068 2048 -9270 -348 END
START 120 1328 15624 1510 -9510 -851 END
START 872 912 15400 1928 -8858 -797 END
START 1280 208 16020 2065 -8467 -401 END
START 1212 628 15440 2194 -8197 -174 END
START 980 336 15944 3001 -8279 125 END
START 824 992 15920 3365 -9015 589 END
START 804 2304 16700 3941 -10064 647 END
START 524 2320 17868 3640 -11393 438 END
START 244 3492 19856 2815 -12633 92 END
START 152 3268 21060 1140 -13391 -725 END
START 724 3620 21568 848 -12732 -1618 END
START 1072 3176 22644 1208 -11628 -1839 END
START 1100 2848 23268 1679 -10128 -1904 END
START 1344 2776 23536 2130 -8637 -1698 END
START 1424 3196 24332 2316 -7376 -1630 END
START 1452 2516 24040 2437 -6107 -1909 END
START 1884 2184 23760 2870 -5463 -1938 END
START 1872 2312 24060 2693 -5189 -1560 END
START 1780 2496 24404 2129 -5444 -1266 END
START 1560 2716 24692 1597 -5656 -997 END
START 1352 3092 25488 900 -5914 -945 END
START 1820 3240 26208 392 -5963 -1526 END
START 2196 2876 26740 -113 -4460 -1834 END
START 2700 2088 26380 4 -2820 -1705 END
START 3156 1968 26436 3 -1348 -1302 END
START 3152 1920 26232 -439 -270 -955 END
START 3472 1988 25384 -863 407 -505 END
START 3252 1628 24676 -853 1029 -117 END
START 3204 1628 24120 -672 1575 172 END
START 3460 1836 24084 -736 2059 415 END
START 3516 2172 23608 -833 2181 525 END
START 3684 2632 23848 -1371 2127 472 END
START 3924 2972 23592 -1977 2423 168 END
START 3776 2552 23096 -2323 3050 11 END
START 4020 2440 22128 -2034 3742 192 END
START 4284 2536 22080 -1784 4094 450 END
START 4400 2396 21668 -1768 4279 729 END
START 4208 2292 21524 -1646 3980 1030 END
START 4376 2336 21932 -1783 3773 1357 END
START 4560 2144 22312 -2330 4141 1820 END
START 4364 2124 22044 -2810 4279 2224 END
START 4088 2216 21804 -3220 4331 2457 END
START 3484 2164 21392 -3432 4962 2540 END
START 3196 2288 20512 -3176 5348 2441 END
START 3148 2360 20432 -3220 5752 2512 END
START 2788 2472 20320 -3780 6276 2458 END
START 2564 2240 20276 -4878 6436 2579 END
START 2196 2104 19752 -6837 7106 3092 END
START 1532 1444 18996 -7590 7194 3173 END
START 548 1016 18320 -6014 8645 3005 END
START -196 860 17776 -5829 8314 2941 END
START -272 864 17944 -5420 9530 2680 END
START -1000 432 18412 -4489 9815 1861 END
START -544 776 18280 -5906 8383 1235 END
START -752 348 18080 -5274 7219 786 END
START 880 -1936 15004 -3029 7331 1274 END
START -1316 -1024 16584 -3850 5855 1141 END
START -1656 -1208 15724 -3635 6657 1636 END
START -1988 -1280 14812 -2801 7537 1767 END
START -2388 -988 15072 -2184 8083 1666 END
START -2544 -1064 15388 -1601 8161 1060 END
START -2740 -1424 16096 -1047 8615 506 END
START -2376 -2168 14796 -1179 9156 342 END
START -3800 48 17240 -2858 14625 797 END
START -3280 -2732 17724 -2109 7115 99 END
START -2936 -1848 13804 -2656 11225 873 END
START -3252 -1852 13368 -2216 7051 1040 END
START -2996 -2228 13044 -1959 4560 986 END
START -3660 -2436 13816 -2086 3649 1338 END
START -3912 -1996 13528 -1992 3895 1615 END
START -4088 -1840 13500 -1542 2713 1475 END
START -4072 -1784 12508 -649 2943 1503 END
START -4032 -1700 12344 15 2966 1707 END
START -4888 -1516 12516 263 2628 1978 END
START -4920 -1000 12780 296 1953 1920 END
START -5496 -828 12868 364 1987 1741 END
START -5316 -1012 12752 675 2368 1462 END
START -5752 -332 13760 -44 2325 1075 END
START -6092 -676 14504 392 914 520 END
START -5924 -1040 14360 262 224 300 END
START -6188 -1604 14748 444 95 332 END
START -6112 -1660 15060 484 816 740 END
START -7016 -1956 15416 406 795 1101 END
START -7812 -2072 15960 -64 377 1101 END
START -8116 -2480 15688 -326 220 823 END
START -8352 -3296 16140 -244 251 512 END
START -8060 -4236 16504 -530 506 789 END
START -8628 -4620 16364 -954 438 1599 END
START -9420 -4580 15868 -1596 79 2567 END
START -10292 -4144 14948 -1686 -654 3317 END
START -11080 -3388 14624 -1808 -1236 3853 END
START -10456 -2484 14368 -1575 -1827 3532 END
START -9416 -2180 13420 -730 -1331 2988 END
START -8880 -1348 14396 256 -1445 2427 END
START -7948 -664 14748 494 -665 1147 END
START -6628 -732 14344 1405 -36 -308 END
START -5264 -184 14304 2485 182 -700 END
START -4356 640 15156 2440 -235 -890 END
START -2992 1484 15704 1253 -1207 -1353 END
START -1064 1844 15568 122 -2113 -1853 END
START 708 1972 15808 28 -3061 -2235 END
START 1696 1864 16888 226 -3476 -2950 END
START 3016 940 17432 608 -3482 -3712 END
START 2660 1656 18412 940 -3785 -4117 END
START 4216 1432 18236 1299 -2393 -4554 END
START 5452 240 17676 2338 -1589 -3900 END
START 5636 -92 18588 2959 -978 -2412 END
START 5840 -168 18892 2517 -717 -994 END
START 5260 288 19312 1581 -1458 -94 END
START 4692 536 19756 9 -1938 779 END
START 3580 624 19580 -1201 -2197 1134 END
START 2820 392 19232 -1456 -2089 1314 END
START 1896 436 19228 -931 -801 1658 END
START 1012 632 19284 -551 160 1853 END
START 228 868 19164 -654 829 1893 END
START -576 1080 18804 -903 873 1718 END
START -1188 1208 18652 -949 623 1325 END
START -1564 1052 18764 -1210 464 864 END
START -1544 760 18472 -1475 606 660 END