START -4368 -1672 15028 813 -169 545 END
START -4124 -1344 15824 755 27 521 END
START -4212 -1708 15744 775 98 419 END
START -4180 -1984 15832 695 680 437 END
START -3932 -2244 15780 645 723 507 END
START -3500 -2232 15280 465 1125 939 END
START -3572 -1980 15208 482 1545 1272 END
START -3672 -1708 14924 548 1227 1291 END
START -3500 -1384 14812 502 526 822 END
START -3280 -1132 15024 430 -275 249 END
START -3016 -1272 15240 -38 -648 -44 END
START -2704 -1448 15148 -592 -946 -133 END
START -2572 -1880 14500 -814 -567 103 END
START -2672 -1780 14144 -745 -324 406 END
START -2632 -1708 13576 -504 -141 288 END
START -2380 -1664 13768 257 -1638 8 END
START -1916 -1988 13320 1453 -2427 -117 END
START -1160 -1952 13068 2311 -3092 64 END
START -1304 -1764 12796 2802 -3650 253 END
START -1816 -1000 13348 3358 -4893 242 END
START -1788 -1300 14000 3355 -6915 -93 END
START -1836 -1616 13336 2899 -8566 -163 END
START -1712 -2360 13636 3821 -9289 -300 END
START -1220 -1716 14164 5397 -9075 -217 END
START -944 -1636 13316 6689 -8895 -11 END
START -152 -1332 13136 8555 -8368 -82 END
START 272 -1168 13192 9965 -8269 173 END
START -1748 -1852 14868 6207 -8081 1492 END
START -224 728 15260 7331 -9613 1479 END
START 84 1244 16844 1486 -3826 1873 END
START -1632 -964 15820 2024 -5882 1348 END
START -412 1364 14704 1223 -7594 727 END
START -208 -436 10784 3459 -9230 109 END
START 740 68 14912 1654 -5968 237 END
START 988 368 15336 2549 -5687 270 END
START 956 440 15656 4189 -5782 797 END
START 56 844 15980 4901 -5665 1459 END
START -664 1604 17112 4529 -6804 1855 END
START -1128 2180 17900 3111 -7983 1623 END
START -1380 2072 19256 1166 -10324 763 END
START -748 2116 19688 529 -9668 -154 END
START 324 1256 19540 95 -9140 -880 END
START 784 860 19576 1212 -8568 -1087 END
START 1072 -52 19632 2263 -7589 -508 END
START 876 -176 20104 2749 -7877 252 END
START 1184 284 20776 3491 -7173 1180 END
START 856 916 22640 4411 -8117 1707 END
START 1036 2456 23636 3485 -8269 1633 END
START 912 2792 24568 2475 -8095 868 END
START 912 2476 24336 1460 -7455 311 END
START 1012 1988 23544 138 -6656 215 END
START 828 1356 23688 491 -6050 35 END
START 1048 1136 23104 532 -5153 106 END
START 976 1260 22612 1333 -4161 90 END
START 1060 1616 22588 2199 -3309 202 END
START 1124 2200 22864 2485 -2933 282 END
START 1216 3180 23588 1872 -3088 245 END
START 984 3328 23676 1009 -3393 -209 END
START 764 3024 23280 244 -3281 -784 END
START 1064 2568 23272 -184 -2939 -1189 END
START 1664 2148 23008 -654 -2462 -1318 END
START 2048 1684 23128 -72 -1518 -1179 END
START 2316 1816 23020 440 -927 -872 END
START 2588 2100 23204 748 -595 -877 END
START 3288 2164 23800 748 -402 -821 END
START 3508 2284 24352 423 -433 -651 END
START 3484 2228 24944 -283 -210 -543 END
START 3328 2096 24944 -921 257 -505 END
START 3348 2048 24712 -1243 788 -363 END
START 3636 2236 24424 -1345 1296 -383 END
START 3780 2292 24120 -1250 1817 -373 END
START 3960 2284 23480 -842 2178 -416 END
START 4252 2656 23412 -393 2223 -374 END
START 4040 2884 23860 -441 2492 -282 END
START 3696 3052 23748 -978 2979 -282 END
START 3536 3220 23620 -1452 3381 -295 END
START 3504 4028 23288 -1866 4081 -237 END
START 2816 2596 22784 -503 2848 -134 END
START 3112 2332 21080 -1095 4626 -39 END
START 3724 2536 20948 -692 4770 303 END
START 3232 2588 21180 -833 5238 500 END
START 3196 2748 20816 -646 5874 542 END
START 2796 2764 20148 -935 6478 768 END
START 2476 2700 19972 -1825 6772 915 END
START 2076 2992 19712 -2297 6462 820 END
START 1464 1992 19252 -4268 6705 1149 END
START 764 1652 16744 -4454 6695 855 END
START 1404 1844 18400 -6820 6478 912 END
START 1516 2664 17160 -7301 7602 585 END
START 1764 404 17716 -7058 9001 483 END
START 2084 2272 19000 -7013 9301 801 END
START 240 -416 17104 -3326 9588 -470 END
START 720 -260 16780 -3068 7849 -223 END
START 560 -100 16532 -2297 7190 -166 END
START 372 -388 16272 -2023 6722 -114 END
START -88 -972 15528 -1589 6745 -49 END
START 8 -1008 15348 -1218 7219 184 END
START -116 -1112 15296 -1334 8352 446 END
START -576 -944 15908 -1034 7727 784 END
START -896 -1396 14296 -213 7326 1028 END
START 1744 -1004 12928 335 13564 1426 END
START -352 -784 13716 -1211 11145 1313 END
START -1848 -892 14128 -1085 11931 1186 END
START -1788 -1004 14112 -1647 8073 1117 END
START -2160 -2784 15376 377 3992 1336 END
START -2128 -3048 10400 -545 5927 710 END
START -2836 -1580 13416 -888 4871 844 END
START -3088 -1732 13760 -514 5059 995 END
START -3352 -1508 13108 93 5674 1284 END
START -4300 -1788 12968 682 5497 1362 END
START -4800 -1584 13108 833 4172 1355 END
START -5200 -1400 13512 305 3707 1265 END
START -5468 -828 14216 -535 3806 1104 END
START -5356 -1204 13904 -1196 1899 1005 END
START -5912 -1304 14348 -1918 1412 1202 END
START -6496 -1508 14112 -2097 1002 1237 END
START -6812 -1540 14020 -2051 473 1040 END
START -7396 -1544 14620 -1609 447 846 END
START -8080 -2068 15312 -1259 632 346 END
START -8684 -2636 15564 -606 1115 -104 END
START -8192 -3028 16556 -220 1464 -525 END
START -7608 -3596 17040 -701 1670 -715 END
START -6748 -4344 16368 -1050 1780 -392 END
START -6200 -4744 15816 -1154 1854 573 END
START -6484 -4808 15856 -1709 1006 1938 END
START -6800 -4504 15328 -2616 -23 3146 END
START -7112 -3572 14832 -3208 -1012 4228 END
START -7376 -2284 14336 -3156 -1613 4805 END
START -7372 -356 15156 -2778 -1580 4521 END
START -6984 504 15296 -2663 -1576 2929 END
START -5884 528 15356 -2340 -1113 1098 END
START -4548 64 15068 -1910 -617 71 END
START -3476 -216 14764 -1295 -664 -362 END
START -2052 -336 14236 -516 -459 -211 END
START -1444 -24 14748 -364 -1643 284 END
START -1236 1004 15268 -1318 -3532 524 END
START -348 1724 15728 -2469 -3646 763 END
START -200 2028 15988 -2945 -4356 230 END
START 432 2452 16044 -2213 -3977 -642 END
START 616 2328 17092 -1606 -3639 -1642 END
START 1556 1772 17144 -802 -2597 -2539 END
START 1736 1140 17940 181 -1879 -2755 END
START 2384 716 18320 690 -1410 -2454 END
START 2872 452 18228 1316 -456 -1703 END
START 2576 288 19240 884 -703 -445 END
START 2444 568 19480 -44 -1044 303 END
START 1992 892 19296 -582 -941 854 END
START 1356 1148 19236 -789 -659 923 END
START 828 1164 19012 -786 -279 642 END
START 440 804 18540 -933 42 274 END
START 260 404 18256 -831 55 106 END
START -120 -8 17876 -661 117 194 END
START -664 -248 17836 -331 264 223 END
START -1060 -560 18204 -214 153 263 END
START -1364 -808 18360 -166 365 380 END
START -1348 -920 17936 -40 630 554 END
START -1516 -936 17860 308 743 703 END
START -1424 -808 17756 191 602 901 END
START -1548 -732 17652 28 660 1149 END
START -1920 -352 17980 -324 506 1153 END
START -2140 -12 18108 -780 535 765 END
START -2232 -288 17976 -1020 823 134 END
START -2136 -700 17764 -773 1373 -430 END