START -2820 -1184 16768 1558 1899 423 END
START -2200 -992 12028 100 954 968 END
START -4068 -4092 13604 310 2333 813 END
START -3228 -1332 15328 474 1129 948 END
START -2596 -772 14760 298 1165 1421 END
START -3300 -364 14332 317 1098 1511 END
START -3540 -132 14212 360 443 1188 END
START -3708 -96 13936 225 123 871 END
START -3544 -284 13496 198 -42 432 END
START -3472 -224 13908 189 -865 30 END
START -3320 -248 13940 -89 -984 -119 END
START -3384 -212 13980 -655 -959 -253 END
START -3204 -544 14428 -1317 -2877 -436 END
START -2492 -536 13516 -1425 -4107 -452 END
START -1932 -456 12640 -1242 -4483 -103 END
START -1740 -160 11592 -222 -4541 141 END
START -1792 604 11464 819 -5298 184 END
START -2116 -560 12196 1434 -6064 282 END
START -2740 -504 12544 1906 -7050 -109 END
START -2556 -384 12476 2696 -8156 -678 END
START -2456 80 13080 3452 -9140 -1428 END
START -1328 -412 13416 5411 -10055 -2420 END
START 80 -120 13076 5898 -10707 -3010 END
START 1236 -604 12296 8044 -10741 -2899 END
START 1332 -636 12728 8469 -9831 -1868 END
START 2188 2764 12304 4928 -11227 -825 END
START 2632 3184 12560 972 -3568 -148 END
START -156 1000 17936 2052 -5036 -926 END
START 944 972 9808 -1058 -9461 -675 END
START 1876 1820 14600 237 -8838 -1321 END
START 1440 84 11016 7766 -10223 -2455 END
START 2476 428 19004 -230 -8825 -943 END
START 852 628 15848 1669 -9659 -1814 END
START 1876 -156 15800 1934 -10325 -1725 END
START 1924 112 15808 1840 -11363 -1547 END
START 2516 -468 17056 2807 -11031 -916 END
START 1764 -204 19076 2914 -11839 -124 END
START 1724 1248 20188 1705 -11959 714 END
START 1488 1984 21376 4114 -11830 100 END
START -136 2820 25004 2882 -14813 -757 END
START 1036 3676 25748 2716 -13286 -1509 END
START 988 3648 27140 1930 -11977 -2305 END
START 1996 2976 27240 2889 -10548 -2441 END
START 2316 2936 27420 2816 -8936 -1706 END
START 2424 3180 28028 2798 -8449 -1255 END
START 2932 3492 28772 2694 -8241 -850 END
START 2684 3884 29816 2635 -7107 -525 END
START 2376 4192 30280 2589 -5694 -577 END
START 2600 4348 30520 2298 -4554 -724 END
START 2748 4328 30648 1663 -3317 -756 END
START 2968 4104 30104 962 -2285 -1018 END
START 3704 3840 29516 464 -1059 -1049 END
START 3908 3488 28568 80 407 -897 END
START 4288 3440 27680 -196 1591 -686 END
START 4352 3148 26344 -386 2716 -559 END
START 4764 2744 24916 -430 3344 -363 END
START 4620 2376 23680 -400 4085 53 END
START 4312 2216 23032 -511 4423 238 END
START 4200 2196 22164 -859 4945 363 END
START 4048 2116 21416 -1293 4857 382 END
START 4132 1860 20572 -1541 4681 191 END
START 4516 1300 19908 -1504 4712 357 END
START 4688 1204 19680 -1357 4656 735 END
START 4808 1236 19808 -1180 4589 1208 END
START 4656 1412 20004 -1163 4522 1626 END
START 4644 1488 19492 -1235 4586 1980 END
START 4464 1476 19380 -1291 4457 2433 END
START 4084 2064 19852 -2023 4915 2867 END
START 3928 1160 19588 -3083 4633 3484 END
START 2260 2156 22796 -3093 2899 4388 END
START 3024 2916 19016 61 3239 3554 END
START 3380 2132 20272 -616 3121 3846 END
START 2964 2556 19432 -828 4048 3870 END
START 2904 2080 19968 -993 5366 3958 END
START 2744 2016 19696 -1644 6450 4190 END
START 2344 2032 19320 -2130 7126 4428 END
START 1528 1652 18204 -2740 7047 4685 END
START 1008 2704 19368 -3229 6514 4276 END
START 428 1712 18136 -4117 6565 3762 END
START 48 2328 18160 -5732 6185 3425 END
START 608 2680 18440 -5473 7099 2973 END
START 368 1708 17512 -5528 8103 2554 END
START -68 972 16568 -3634 8349 1880 END
START -1228 1264 18204 -3974 7676 1522 END
START -1260 -80 15696 -2089 7671 1313 END
START -1636 932 18076 -2620 5670 1018 END
START -1716 284 16680 -1520 5292 274 END
START -1608 188 17108 -891 5018 -262 END
START -1620 200 18040 -1000 5631 -546 END
START -1060 44 18060 -1484 5739 -688 END
START -1200 -364 17696 -2215 5932 -545 END
START -832 -356 16960 -2917 5773 -208 END
START -1324 -496 15764 -2742 5899 -201 END
START -1704 -1072 14280 -2174 12587 516 END
START -3188 -1184 17064 -2544 10506 -74 END
START -3616 -728 15420 -2108 8787 -55 END
START -1976 -1300 14588 -920 6326 447 END
START -2772 -924 16296 -1298 4989 513 END
START -2572 -1144 14808 -915 4777 564 END
START -2864 -1516 15024 -1551 4009 619 END
START -3832 -836 14064 -1553 2861 1064 END
START -4708 -1228 13420 -1123 5253 1095 END
START -3264 -984 12564 -426 3113 1166 END
START -3760 -1024 12440 -43 2348 966 END
START -3984 -732 13016 155 2021 923 END
START -4312 -580 13624 -122 1249 794 END
START -4648 -684 14024 -442 919 348 END
START -4376 -988 14004 -794 957 -100 END
START -4248 -1560 13392 -441 1615 -65 END
START -4100 -1672 13784 208 1355 216 END
START -4224 -1868 14324 100 819 477 END
START -4532 -2016 14772 -356 154 896 END
START -4780 -2128 14368 -77 169 1525 END
START -5660 -2260 14800 771 474 2103 END
START -6952 -2232 15924 1080 399 2192 END
START -7908 -2512 17128 8 124 1894 END
START -8848 -3004 17212 -1317 -50 1588 END
START -9880 -3904 17156 -2334 -129 1402 END
START -11176 -4908 17028 -3097 -164 1403 END
START -12592 -5920 16520 -3877 -65 1637 END
START -13248 -6196 15876 -4224 -57 1986 END
START -12148 -5412 14800 -4386 25 1989 END
START -9752 -4396 12960 -3306 245 2052 END
START -7840 -3172 12332 -1788 105 2239 END
START -5776 -1836 12308 -1128 -789 2067 END
START -4224 -676 13108 -767 -1621 1682 END
START -2792 480 14552 -2076 -3060 1239 END
START -1412 1196 15352 -3348 -3731 357 END
START 368 1444 16036 -2704 -4301 -454 END
START 1368 1888 17664 -2112 -4187 -678 END
START 2816 2472 18836 -1941 -3542 -1092 END
START 3532 2764 19408 -1528 -2893 -1359 END
START 4092 3036 19916 -1607 -2506 -1653 END
START 4688 3492 19800 -2115 -1722 -2146 END
START 5036 2892 19312 -2871 -1365 -2880 END
START 5624 1804 18608 -2692 -1572 -3465 END
START 6020 520 17896 -1342 -606 -3146 END
START 5720 -416 17632 68 203 -1888 END
START 5048 -264 17824 347 689 -349 END
START 4136 -272 17936 -171 744 1112 END
START 3232 372 17644 -861 -241 2262 END
START 2076 992 17856 -1338 -1187 2611 END
START 928 1508 17880 -1544 -1777 2282 END
START 216 1708 17868 -1485 -1386 1511 END