START -4680 -320 17588 884 255 354 END
START -4552 1160 11608 -372 -132 596 END
START -7344 -3248 16656 219 379 -42 END
START -5164 -476 17012 997 409 -335 END
START -4896 -504 17124 1102 283 -480 END
START -4824 -604 17112 754 320 -314 END
START -4504 -700 17024 353 315 -131 END
START -4252 -468 16740 113 213 92 END
START -4220 -372 16872 -221 -62 320 END
START -4516 -288 17016 -628 -333 373 END
START -4420 -240 17052 -1044 -547 321 END
START -4696 -840 16876 -1067 -327 248 END
START -4532 -1144 16508 -558 -23 358 END
START -4260 -1060 16292 9 196 557 END
START -4228 -696 16564 182 29 720 END
START -4388 -268 16204 173 -205 725 END
START -4392 -64 16492 219 -228 529 END
START -4744 -68 16548 206 -184 158 END
START -4488 -16 16632 -64 -166 -180 END
START -4420 -260 16620 -379 -63 -316 END
START -4212 -544 16284 -735 -50 -289 END
START -4136 -640 16184 -950 -289 -189 END
START -3788 -708 15968 -1001 -361 7 END
START -3788 -620 15872 -872 -432 5 END
START -3748 -816 15456 -600 -310 -145 END
START -3380 -644 15264 -291 -252 -347 END
START -3036 -636 14760 -68 52 -471 END
START -2468 -1000 14224 59 287 -483 END
START -2136 -832 13496 -120 644 -380 END
START -1748 -1220 12388 -562 -2631 -51 END
START -912 1188 11600 869 -5007 -286 END
START -1876 -3084 12120 3868 -7278 -523 END
START -1492 1416 9752 4646 -7998 -586 END
START -2212 -592 11624 6065 -8999 -1293 END
START -1928 1000 11780 6248 -9931 -1790 END
START -972 160 12048 7348 -11022 -1938 END
START -1944 1088 7068 4762 -10585 -1046 END
START 1392 2544 13036 -3176 -3025 948 END
START -404 -1240 10992 -31 -3592 530 END
START -312 556 9960 2834 -3995 554 END
START -700 120 11144 2335 -4919 950 END
START -1372 1532 11976 2813 -6845 722 END
START -1436 1868 13516 1965 -8812 298 END
START -1668 2236 14960 1779 -9312 -381 END
START -1176 1368 16544 2400 -8708 -1190 END
START 3048 -368 28352 1108 -5384 -687 END
START 1344 1044 18916 4020 -6655 -1795 END
START 868 -12 17608 5826 -6090 -1602 END
START 1008 100 17936 5727 -5710 -561 END
START -20 192 18304 5734 -6122 491 END
START -728 608 18528 5547 -6848 1313 END
START -932 1628 19612 5353 -7660 1652 END
START -1140 1980 21812 3722 -9131 1597 END
START -568 3284 22256 1502 -9861 983 END
START -68 2760 21792 732 -9781 9 END
START 468 2372 21164 1110 -9093 -543 END
START 252 1480 20756 2059 -8273 -502 END
START -420 1700 21632 2070 -7805 -34 END
START -700 1300 20676 2731 -6850 315 END
START -988 1224 21092 3446 -6893 601 END
START -808 1788 21416 3635 -7120 993 END
START -676 2428 22832 3524 -7340 1041 END
START -268 2908 23508 2613 -7613 717 END
START 56 3160 24080 2029 -7030 460 END
START -56 3196 24524 1555 -6170 315 END
START -56 3208 24732 1198 -5215 29 END
START 76 2992 25056 1468 -4153 -119 END
START 212 3048 25312 1577 -3083 -153 END
START 228 3192 25596 1371 -2181 -239 END
START 784 3464 25832 985 -1584 -259 END
START 992 3644 25924 522 -1279 -219 END
START 1364 3856 26496 -160 -1080 -344 END
START 1596 3768 26772 -847 -631 -734 END
START 2052 3524 26736 -1359 24 -857 END
START 2548 3524 26608 -2107 419 -987 END
START 3288 2904 26484 -2774 743 -1248 END
START 4356 2656 26232 -3692 1023 -860 END
START 4392 2584 25964 -4439 1508 -382 END
START 4756 2616 25652 -5260 2145 -33 END
START 4952 2308 24700 -5374 3468 323 END
START 4904 2040 23804 -4813 3971 588 END
START 4876 2284 22996 -4552 4523 971 END
START 4532 1932 22324 -4521 4837 1251 END
START 4420 1816 21364 -4585 4747 1520 END
START 4220 1920 20940 -4777 4699 1927 END
START 3812 2284 20472 -5118 4518 1949 END
START 4016 1700 19952 -5429 4690 2100 END
START 3840 1756 19476 -5398 4230 2269 END
START 3640 1300 19484 -5474 3985 2413 END
START 3336 1660 19692 -5237 4429 2780 END
START 2260 340 19820 -6756 4624 3369 END
START 2496 1572 19048 -8002 5528 3679 END
START 1484 -120 20308 -8893 7017 4387 END
START 1012 780 17124 -10127 8564 5168 END
START 132 912 19276 -7961 9217 4463 END
START -184 492 17328 -7732 10312 4535 END
START -1032 76 16872 -5273 11163 3978 END
START -1712 140 16704 -4684 10843 3427 END
START -2572 -92 15548 -3676 10140 2852 END
START -3372 -332 16676 -4000 9021 2049 END
START -3560 -612 17020 -3905 8902 1397 END
START -3388 -2036 15384 -3115 8494 914 END
START -3052 -2252 15752 -3012 9484 854 END
START -3212 -2780 16172 -3267 10158 1054 END
START -3524 -3032 16576 -2921 9961 1620 END
START -3952 -3096 15984 -2811 10624 2242 END
START -4076 -3284 14392 -2163 9519 2901 END
START -4236 -3056 13880 -1461 9063 3278 END
START -4976 -2612 14428 -1934 7237 3057 END
START -5052 -2776 13392 -2389 7423 2557 END
START -5116 -2652 12696 -1825 6844 2201 END
START -5360 -2304 12712 -1250 7348 1870 END
START -2700 -2980 11176 -456 12990 2925 END
START -5188 -104 13940 -2933 4322 -153 END
START -6384 -3020 13972 -745 3764 1267 END
START -4828 -2660 13160 -896 4273 1583 END
START -5196 -2420 13948 -1043 4885 2201 END
START -5452 -2088 12880 -1829 3959 2604 END
START -5424 -1620 11448 -2105 3816 2748 END
START -5916 -1600 10716 -1577 2528 2581 END
START -6004 -1284 10832 -679 1161 2194 END
START -6300 -1248 11648 -378 448 1624 END
START -6496 -1488 11892 -512 420 1131 END
START -7104 -1324 12212 -1206 -531 861 END
START -6024 -1008 11492 -1099 -2406 516 END
START -6360 -1540 12068 -960 -2994 706 END
START -6540 -1568 12872 -589 -3690 1115 END
START -6628 -1556 13248 -136 -2861 1544 END
START -7484 -1448 13268 1015 -2391 1629 END
START -8108 -1376 14008 2238 -2457 1221 END
START -8868 -1552 15232 2074 -2607 683 END
START -9468 -2204 15700 1236 -3071 339 END
START -9720 -2880 15408 1337 -2760 468 END
START -10976 -3264 15904 1590 -3125 513 END
START -12048 -3584 16224 1497 -3427 628 END
START -12012 -3628 15632 1806 -3163 947 END
START -11792 -3104 15564 2626 -3464 959 END
START -10576 -1920 15496 3107 -3462 1017 END
START -9464 -688 15456 3633 -3652 62 END
START -7980 -324 14884 4893 -2886 -1234 END
START -5996 60 14896 6076 -2344 -1550 END
START -3812 972 16196 5208 -2784 -1992 END
START -416 832 15380 4209 -3686 -3244 END
START 2364 504 16452 4563 -4129 -3564 END
START 3788 600 18404 3626 -4420 -3584 END
START 5556 324 18344 2532 -3492 -3741 END
START 6292 -60 18080 2344 -3137 -3295 END
START 7044 -904 17340 2617 -3282 -2994 END
START 7956 -2300 17764 3443 -4000 -1664 END
START 7252 628 20428 2647 -3478 -321 END
START 4952 -8 19928 1572 -3882 -55 END
START 6632 8 17412 1022 -2679 1469 END
START 5152 -240 18072 1359 -2407 2120 END
START 3364 252 17716 1996 -1800 2863 END
START 1960 652 18092 2276 -1305 3151 END
START 628 1184 18336 2315 -1068 3289 END
START -496 1780 18364 2005 -707 3471 END
START -1696 2568 18856 1613 -859 3178 END
START -2544 3136 19200 933 -624 2308 END
START -3112 3008 19668 98 -392 1280 END
START -2876 2448 19184 -515 -241 608 END
START -2864 1868 19532 -742 24 178 END
START -2260 1428 19480 -856 569 131 END
START -3004 1364 20604 -1282 1222 156 END
START -2632 1376 20248 -2201 1780 -203 END
START -2464 912 19248 -2143 3232 -398 END
START -2436 252 18232 -1307 3783 -346 END
START -2316 -240 18160 -792 3613 -172 END
START -1888 -380 18104 -1352 3196 301 END