START -632 2144 21864 7405 -11263 2236 END
START -548 2140 21924 7087 -11293 2141 END
START -312 3040 22648 6718 -11101 1820 END
START 316 3548 24608 5189 -10920 924 END
START 1260 2956 23904 3946 -9940 191 END
START 1692 2104 24420 4059 -8788 261 END
START 1128 1716 24792 3718 -7509 981 END
START 852 2492 24776 3874 -6558 1605 END
START 340 2400 25360 3762 -5785 1886 END
START 112 3508 25412 2928 -5867 1679 END
START 312 3940 25296 2129 -6357 1011 END
START 648 3760 25232 1381 -6353 139 END
START 916 3096 25224 842 -5841 -204 END
START 1152 2388 24828 863 -4728 -4 END
START 884 2268 24584 1023 -3474 334 END
START 920 2532 24476 1372 -2355 661 END
START 1156 2856 23836 945 -1495 975 END
START 912 3588 23656 945 -1308 908 END
START 900 4108 23804 657 -1196 458 END
START 1376 4028 24612 -210 -575 -59 END
START 1704 3412 24000 -11 -187 -239 END
START 1920 3808 23336 98 -100 -304 END
START 1836 3688 23660 -582 579 -303 END
START 1716 3660 23460 -1074 829 -616 END
START 2456 3424 22880 -1349 1360 -773 END
START 2864 3060 22948 -1223 2008 -817 END
START 3452 3056 22784 -1267 2504 -631 END
START 3704 3340 22736 -1695 2454 -485 END
START 3820 3536 22752 -2312 2168 -428 END
START 3940 3468 22396 -2928 2064 -410 END
START 4020 3300 22108 -2765 1639 -379 END
START 3992 2884 22068 -2855 2019 -176 END
START 4044 2448 21748 -2614 2224 119 END
START 4152 2684 21808 -2156 2287 385 END
START 4396 2692 22144 -1896 2429 731 END
START 4408 2868 21844 -1802 2679 1092 END
START 4104 2772 21848 -1524 3052 1346 END
START 4132 3024 21676 -1358 3218 1623 END
START 3500 2932 21560 -1479 3407 1554 END
START 3200 2956 21584 -2049 3098 1322 END
START 2828 2944 21624 -2852 3089 1098 END
START 3156 3388 20548 -3204 3780 872 END
START 2664 1884 20344 -4454 5187 1148 END
START 2888 2692 19724 -6230 5724 1458 END
START 2516 2480 19256 -5929 7261 1550 END
START 2036 1880 19032 -7063 7243 1815 END
START 552 -380 14480 -5076 8376 1047 END
START 1608 4160 20628 -8352 7229 983 END
START 1716 -728 21800 -2293 9754 -385 END
START 676 992 16044 -4748 9556 -350 END
START -280 -700 15824 -4129 8682 -674 END
START 216 420 16476 -2972 7128 -963 END
START 660 248 15916 -3283 6772 -953 END
START 1152 -240 14688 -3395 7124 -826 END
START 1060 -896 13776 -3068 8762 -506 END
START 156 -892 14416 -2587 10119 -188 END
START -656 -440 15452 -1747 9770 -60 END
START -1248 -1176 14312 -1437 10599 -25 END
START -1480 -1104 13952 -1249 9478 -96 END
START -2148 -972 13516 -1617 15349 285 END
START 660 424 12904 -2977 7739 -730 END
START -1692 -1220 12860 -2487 8976 -577 END
START -1956 -1096 13084 -1828 6779 -291 END
START -2728 -2864 13764 -1045 5019 -132 END
START -3364 -1996 14432 -959 6114 635 END
START -3468 -2224 14060 -312 5290 1125 END
START -11068 4920 12804 -3341 5330 963 END
START -3616 -1544 12900 -2336 4258 1039 END
START -4868 -1968 13308 -2588 3020 1029 END
START -5408 -1980 13004 -2481 2751 883 END
START -5576 -2144 12316 -1807 2604 851 END
START -5808 -2008 12200 -913 2027 947 END
START -6332 -2004 13056 -778 1112 938 END
START -6432 -1820 13316 -763 -15 894 END
START -6700 -1748 14120 -705 -637 913 END
START -6956 -1980 14720 -496 -262 1231 END
START -7504 -2028 15148 -765 279 1578 END
START -8016 -2288 14720 -766 718 1639 END
START -8568 -2524 14960 -411 317 1606 END
START -9720 -2756 15544 -182 -400 1364 END
START -9892 -2944 16476 -48 -1128 923 END
START -9848 -3248 17412 -173 -1146 605 END
START -9144 -3488 17172 -281 -631 873 END
START -9336 -3744 17312 -711 -448 1485 END
START -9864 -3952 16676 -1535 -1008 2095 END
START -9636 -4036 15404 -1646 -1465 2638 END
START -9352 -3428 15148 -1107 -1646 2936 END
START -8660 -2532 15128 -437 -896 2616 END
START -7628 -1192 14852 -249 -434 2053 END
START -6376 -300 14824 -668 -1427 746 END
START -4372 -192 14128 -1222 -2146 -314 END
START -2800 -376 13828 -820 -2801 -780 END
START -940 -656 14332 -189 -3367 -983 END
START 680 -456 14252 408 -3129 -381 END
START 664 696 15004 616 -3173 124 END
START 1476 1532 15372 330 -3711 -186 END
START 2768 2120 15196 101 -4362 -431 END
START 2980 2848 16056 49 -5428 -1085 END
START 3604 2836 16564 -559 -4267 -2226 END
START 4128 2164 16676 321 -4536 -2985 END
START 5068 2000 17268 1281 -2963 -2811 END
START 5028 1688 17328 2197 -2195 -2605 END
START 5268 1112 17660 3005 -1540 -1700 END
START 4436 1164 18696 2042 -1514 -662 END
START 4408 1120 18524 930 -1960 -262 END
START 4004 1036 18008 636 -1619 297 END
START 3320 1020 18656 671 -1088 598 END
START 2900 896 19112 284 -1128 753 END
START 2356 956 18976 -74 -423 871 END
START 1672 584 18812 211 230 762 END
START 840 420 18588 989 768 527 END
START 692 84 19208 1305 1129 546 END
START 556 -24 19164 1144 1682 856 END
START 292 -92 18644 878 2100 1330 END
START -336 236 18784 498 1837 1726 END
START -864 392 18568 274 1328 1878 END
START -1368 220 19008 30 1169 1808 END
START -1572 268 19808 -909 1005 1715 END