START -3880 -2008 16836 1862 2196 1078 END
START -4152 -3232 13432 991 1241 1375 END
START -3396 -972 15532 1644 1901 1176 END
START -4080 -1788 14836 2044 1513 675 END
START -3820 -1432 15048 1549 1168 429 END
START -3912 -1380 15024 980 939 83 END
START -3856 -1664 14992 571 763 -272 END
START -3416 -1904 14468 143 916 -316 END
START -3276 -1848 14276 -22 821 -273 END
START -2816 -1744 14236 -433 548 -184 END
START -2672 -1828 14180 -919 535 -153 END
START -2136 -1824 13712 -1160 711 -163 END
START -1696 -1940 13120 -820 1108 10 END
START -1460 -1564 13064 -735 989 379 END
START -1316 -1284 12048 -44 -1790 197 END
START -1248 -972 11992 626 -3862 -104 END
START -1332 -1256 10688 2111 -4558 -658 END
START -904 -2184 10912 4104 -3688 -895 END
START -1016 -2272 10536 5095 -3193 -547 END
START -568 -2620 12548 7977 -4396 -661 END
START -1380 604 9652 8572 -7153 -476 END
START -1960 -1696 10728 13123 -11315 -1499 END
START -1012 1456 10360 14774 -14431 -1761 END
START -360 4140 4172 6361 -16037 -374 END
START 2308 5028 13644 249 -1264 154 END
START -3000 200 12332 2227 -5765 -140 END
START -1456 -476 14312 3368 -6600 -805 END
START -4368 1848 11920 -512 -7799 -872 END
START -2264 1356 11380 1878 -8157 -1424 END
START -684 648 12000 4729 -9356 -1771 END
START 216 900 13552 3132 -11236 -1007 END
START 192 1352 16988 3875 -11767 -942 END
START 652 1944 18164 2386 -12414 -1113 END
START 84 1040 19540 631 -12110 -1278 END
START 268 236 18228 47 -12181 -1522 END
START 200 -476 17804 2284 -10536 -1536 END
START 432 -456 18532 4849 -10567 -1190 END
START 1004 960 20152 5521 -10773 -647 END
START 1396 1912 22396 5309 -12514 -670 END
START 2192 1900 24180 4548 -12991 -710 END
START 1952 2156 23956 2733 -13112 -549 END
START 1504 1704 24896 2271 -12180 -511 END
START 1180 1688 25152 2190 -10890 -125 END
START 616 2252 25900 3269 -9298 -278 END
START 732 2484 26764 3587 -8949 -788 END
START 1160 2872 27796 3674 -8391 -1215 END
START 1260 2812 29192 3301 -7715 -1676 END
START 1532 2532 30116 2577 -7122 -1938 END
START 1716 2020 30808 1414 -6271 -1759 END
START 1836 1672 31344 864 -5303 -1562 END
START 2416 1536 31984 427 -3922 -1439 END
START 2840 1308 31952 44 -2217 -1284 END
START 3564 1144 31456 -65 -649 -1097 END
START 4308 1064 31032 63 403 -817 END
START 4744 1244 30848 -72 1261 -392 END
START 4780 1252 30328 -757 2785 241 END
START 4168 1148 29412 -1544 4155 697 END
START 3964 1124 27820 -2033 5536 895 END
START 3760 1024 26120 -2058 6613 988 END
START 4020 1148 24624 -1778 7264 1186 END
START 3916 1472 23644 -1492 7697 1457 END
START 3844 1828 22512 -1318 7757 1512 END
START 3660 1976 21884 -1504 7235 1463 END
START 3688 1980 21316 -1943 6790 1512 END
START 3364 1804 20972 -2543 6549 1706 END
START 3092 1716 20064 -2842 6939 2016 END
START 2748 2372 18940 -2451 7483 1977 END
START 2688 792 19828 -4394 8767 2637 END
START 3688 1292 17864 -5991 9500 4018 END
START 1672 1684 16948 -2774 7024 3105 END
START 1312 1688 17472 -1827 6228 2975 END
START 1440 2456 17228 -1375 6979 2859 END
START 992 1804 17652 -2061 7570 2558 END
START 616 2012 16164 -2189 8158 2342 END
START 856 2104 18124 -4201 8149 2623 END
START 156 1668 15972 -5584 8111 2762 END
START -356 2520 16812 -6593 8321 2711 END
START -1028 -292 10928 -6288 9819 2237 END
START -1804 440 13496 -6567 10001 1591 END
START -1316 1952 17636 -5680 10788 708 END
START -1944 -540 12868 -1306 9414 -547 END
START -948 -96 13264 -971 8619 -463 END
START -880 140 14260 -1284 6638 -599 END
START -936 -372 13688 -244 4751 -741 END
START -1080 -636 14600 -174 4448 -593 END
START -1328 -1084 14376 -436 5131 -507 END
START -1768 -1376 14440 -639 5805 -584 END
START -3080 -1596 15040 -784 12559 148 END
START -1056 -372 11208 -1206 9705 -488 END
START -2808 -2376 16932 -3 9768 375 END
START -3148 -1472 12116 -723 9964 -874 END
START -3488 -1660 14192 270 7245 -805 END
START -3192 -1732 14544 803 4241 -788 END
START -3200 -2124 14412 847 2617 -892 END
START -3376 -2356 14776 -390 2159 -914 END
START -3516 -2852 13924 -888 4092 -727 END
START -4076 -3204 13812 -1283 3601 -246 END
START -4404 -3112 13656 -678 3296 309 END
START -5040 -2976 14012 -623 2638 660 END
START -5532 -2852 14468 -908 2290 968 END
START -6040 -2904 14780 -1348 1322 1120 END
START -6240 -3112 14836 -1656 892 1210 END
START -6580 -3460 14864 -1668 855 1636 END
START -6864 -3508 14772 -1668 887 2053 END
START -7496 -3640 14124 -1028 1034 2338 END
START -8448 -3760 14532 -77 1136 2451 END
START -8844 -3948 15648 3 849 2351 END
START -8992 -4080 15964 -861 774 2404 END
START -9112 -4048 15976 -1879 110 2433 END
START -9008 -4416 15876 -2723 -609 2240 END
START -9220 -4900 15480 -3226 -1288 2303 END
START -9536 -5456 15468 -2952 -1648 2930 END
START -9668 -5544 15544 -2582 -1747 3714 END
START -8964 -5120 15232 -2171 -1400 4509 END
START -8220 -4176 14640 -1715 -954 5322 END
START -7592 -2772 14768 -1912 -1405 5716 END
START -6844 -980 15012 -2958 -3030 5239 END
START -6572 -216 15216 -4064 -3910 4034 END
START -5424 -48 14868 -4129 -4262 2778 END
START -4684 -60 15016 -3638 -3958 1913 END
START -2860 -400 14232 -2297 -3542 1397 END
START -2204 4 13896 -84 -3463 1080 END
START -188 1044 13776 1044 -2761 921 END
START 776 1468 15084 1233 -3871 1582 END
START 748 2544 16848 -262 -4574 1560 END
START 1064 2772 17648 -2703 -5665 605 END
START 1828 2592 16616 -3707 -4916 -474 END
START 2332 2044 15776 -2749 -5235 -1209 END
START 3060 1536 15644 -249 -3331 -1831 END
START 3456 1272 16028 2077 -1821 -1676 END
START 3156 1168 17544 3061 -1195 -1150 END
START 2792 1140 18668 2521 -1432 -1024 END
START 2800 912 19704 1134 -1846 -653 END
START 2548 760 19728 -229 -1761 -17 END
START 1904 668 19656 -793 -1237 373 END
START 1132 560 19612 -1086 -644 187 END
START 964 668 19676 -1327 -15 -185 END
START 488 352 19356 -1090 619 -461 END
START 504 120 18428 86 1769 -593 END
START 228 -268 18448 1331 2548 -584 END