START -3880 -1720 15768 645 227 3077 END
START -3876 -1372 10520 -411 -618 3541 END
START -2724 600 14200 424 -296 3711 END
START -5132 -1552 14284 943 -340 3170 END
START -5160 -1004 14624 854 -807 2752 END
START -4976 -800 14376 806 -1231 1874 END
START -4532 -808 14356 986 -1109 1245 END
START -4256 -564 14200 1075 -786 856 END
START -3992 -740 14124 1175 -1135 249 END
START -3148 -944 14480 918 -1230 -48 END
START -2512 -1232 14316 798 -1076 235 END
START -2152 -1404 13896 1295 -543 678 END
START -1172 -1084 13116 2109 383 1352 END
START -1220 -628 13696 2188 259 1979 END
START -1916 -564 13212 1897 -3269 1998 END
START -2064 -248 12284 2030 -5664 1817 END
START -2252 452 11508 2631 -7639 1130 END
START -2692 -292 12100 3917 -8798 205 END
START -2368 -768 12704 3709 -9650 -308 END
START -1716 -1092 13680 4081 -10047 -536 END
START -792 -1000 14400 4376 -10632 -335 END
START 532 -952 13948 5195 -9598 437 END
START 1228 -424 13928 6430 -9161 1320 END
START -96 -1592 12076 8510 -7411 2466 END
START -976 608 12088 11584 -9342 2594 END
START -1836 -1492 11012 8232 -10499 3352 END
START -2584 720 19648 4960 -7740 2889 END
START -3036 1040 17788 3128 -3858 1792 END
START -1548 -136 24560 943 -11604 1705 END
START -892 476 16604 -1109 -8031 626 END
START 360 -232 16028 18 -8822 640 END
START 1208 -984 14872 1733 -9486 1110 END
START 616 -56 15680 2634 -8432 1720 END
START -484 272 16528 3511 -8782 1540 END
START -1896 2916 19076 2082 -9564 1081 END
START -1396 1000 19724 1049 -9518 15 END
START -512 1236 19420 -463 -9692 -967 END
START 784 352 20012 1240 -9448 -1797 END
START 1716 60 21096 2086 -10187 -2150 END
START 2432 -92 20712 1951 -9838 -1731 END
START 1840 -528 21596 772 -9791 -865 END
START 1376 -96 21504 666 -9770 -418 END
START 860 -8 21288 837 -9074 -440 END
START 856 196 21468 1494 -8643 -921 END
START 1104 452 21592 1556 -8447 -1547 END
START 1648 464 21536 1572 -8340 -2318 END
START 2692 48 21912 1836 -8147 -2718 END
START 3412 -36 22208 2707 -7580 -2197 END
START 3732 168 23596 2182 -7689 -1101 END
START 4208 1020 23568 774 -6403 144 END
START 2584 1028 22936 519 -6604 718 END
START 2340 1576 22900 337 -6139 485 END
START 1884 1856 23184 155 -5757 -258 END
START 2392 1660 23288 -269 -5177 -993 END
START 3052 1204 23104 295 -3981 -1147 END
START 3568 1020 23148 1181 -2581 -679 END
START 3320 1168 23604 1811 -1757 -74 END
START 3352 1868 24212 1424 -1710 354 END
START 3080 2100 24560 362 -1755 612 END
START 2904 2460 24484 -616 -2004 569 END
START 2972 2584 24536 -989 -1875 118 END
START 3252 2280 24560 -1069 -1357 -504 END
START 3900 2016 25024 -762 -265 -794 END
START 4036 1744 25240 -1126 744 -618 END
START 4660 1644 24556 -1558 1575 -361 END
START 4572 1480 23696 -1683 2137 -16 END
START 4620 1608 23120 -1775 2545 386 END
START 4528 1744 22620 -1754 2750 412 END
START 4572 1604 21904 -1702 2798 259 END
START 4668 1724 22340 -1801 2906 192 END
START 4476 1624 22336 -1867 3348 7 END
START 4652 1472 22440 -1977 3915 71 END
START 4744 1248 22260 -1922 4755 404 END
START 4832 1016 21680 -1560 5726 929 END
START 4560 1540 21092 -1315 6280 1496 END
START 4076 2432 21092 -1722 6259 1602 END
START 3548 3480 21184 -1801 6323 994 END
START 3720 1892 20928 -2358 5582 597 END
START 2824 544 19168 -2488 4723 762 END
START 4344 1276 20272 -1162 4933 649 END
START 4004 1528 20196 -2172 5821 1595 END
START 3400 1824 20352 -3234 6134 2225 END
START 2832 2004 19312 -3974 6508 2523 END
START 2076 2124 19076 -3703 6455 2243 END
START 1420 1032 18224 -5471 6839 2389 END
START 752 2220 20504 -6074 7069 2140 END
START 160 -56 16796 -5854 8456 1887 END
START 108 1212 17968 -6025 9994 2165 END
START -380 408 14332 -5488 10332 1939 END
START -1220 132 15876 -4285 11029 1274 END
START -380 -1424 11548 -1298 11167 817 END
START -1696 -888 13440 -542 10173 520 END
START -2112 -288 16560 -268 8853 416 END
START -1824 -932 15520 300 6657 343 END
START -2392 -972 16228 246 5764 362 END
START -2388 -1036 16064 92 5864 288 END
START -2480 -1260 15484 441 7594 69 END
START -2676 -1052 16052 250 7917 -202 END
START -2172 -1688 15936 452 9162 -340 END
START -4344 -1780 16836 808 12806 201 END
START -2376 -1284 16620 -843 11211 -300 END
START -4128 -2456 16376 -380 12068 354 END
START -7168 1824 15304 -3191 9699 -73 END
START -2080 -2224 14500 -1277 9686 409 END
START -4368 -3368 14996 -378 6423 963 END
START -4640 -3008 14832 -243 6855 1688 END
START -5040 -2696 13848 -546 6807 2441 END
START -5888 -2316 13376 -633 5720 2845 END
START -6784 -2268 13024 -1099 3565 3026 END
START -7440 -2052 12540 -1247 2748 3198 END
START -8944 -2104 13560 -1188 1646 2881 END
START -9708 -2028 15096 -1514 106 2361 END
START -9780 -1956 15428 -1992 274 1758 END
START -9724 -2468 15028 -1846 986 1096 END
START -9144 -3040 14628 -1125 2234 938 END
START -8704 -3800 14376 132 1610 1342 END
START -8792 -4052 14516 53 2273 2148 END
START -8364 -3704 13648 -436 1505 2908 END
START -8520 -2852 12744 -878 331 3608 END
START -8480 -1840 12860 -1479 -1537 3757 END
START -7872 -480 12520 -2377 -3714 3484 END
START -7848 520 13152 -1809 -4709 2493 END
START -6612 836 13576 -125 -3357 1031 END
START -5836 156 14228 1232 -1918 -357 END
START -3148 -156 13900 1382 -1977 -1113 END
START -1316 -292 14028 683 -2209 -823 END
START 996 -1496 12988 1447 -4663 188 END
START 624 820 14144 171 -5619 1468 END
START 284 1484 15808 -1890 -6252 2616 END
START 68 3144 15580 -3581 -7369 1967 END
START 112 3812 15324 -2598 -7366 22 END
START 836 3628 15656 125 -5445 -2406 END
START 1736 2992 17204 2984 -2993 -4445 END
START 3308 2196 18472 3959 -675 -5422 END
START 4120 1400 18736 3171 -219 -5150 END
START 5144 792 18260 2154 -37 -4253 END
START 5204 516 18220 1144 -582 -2816 END
START 4780 212 18344 469 -1295 -1254 END
START 3884 380 18812 -124 -1652 -176 END
START 3064 604 19568 -610 -1658 108 END
START 2248 540 19284 -604 -1029 68 END
START 1984 428 19500 -335 -175 -140 END
START 1388 348 19508 -341 548 -138 END
START 760 112 18652 -402 1044 10 END
START 44 152 18944 -282 1391 35 END
START -148 44 18732 -273 1588 60 END
START -388 -232 18708 -237 2027 -14 END
START -424 -440 19016 -730 2098 69 END
START -512 -492 18912 -1078 2001 269 END
START -440 -240 18760 -1254 2001 564 END