START -3176 -244 18016 1545 -763 891 END
START -5020 -1876 17128 -372 -2315 1431 END
START -4320 -684 14528 1048 -2218 1082 END
START -3920 796 16872 1169 -2207 1065 END
START -4516 1532 16628 1107 -2552 767 END
START -5080 2016 16840 1151 -3535 -293 END
START -4856 2044 16868 677 -4474 -1345 END
START -4132 2000 16200 602 -4356 -1956 END
START -3736 1916 15276 1447 -3158 -2191 END
START -4480 2076 16024 1893 -2497 -2384 END
START -4620 2472 17000 2294 -2978 -2899 END
START -4748 3116 18124 2635 -3085 -3238 END
START -5092 3808 20276 2889 -3827 -3870 END
START -5268 4076 21848 2391 -4716 -4844 END
START -5128 3924 23148 1847 -5106 -5920 END
START -4628 3040 23892 691 -3694 -6711 END
START -4084 2092 24820 -772 -1133 -7043 END
START -3592 816 25416 -506 32 -7557 END
START -3336 -172 26356 -827 973 -7751 END
START -2656 -1288 26112 -1770 1873 -7809 END
START -1552 -2000 25652 -1938 3353 -7637 END
START -480 -2948 25108 -2257 6117 -6741 END
START -392 -3652 24592 -1740 8762 -5574 END
START -568 -4088 23936 -2133 10692 -4539 END
START -912 -4080 22300 -2181 11544 -3629 END
START -1076 -4036 21552 -2513 11541 -2961 END
START -1476 -4148 19212 -3067 12294 -2385 END
START -1888 -3352 18640 -3362 12071 -2017 END
START -2508 -3364 17316 -3514 10484 -1823 END
START -2412 -3556 15924 -3038 9894 -1709 END
START -2328 -3744 14440 -2744 10132 -1266 END
START -3104 -3544 13792 -2604 9302 -937 END
START -3104 -3200 12792 -2853 8297 -703 END
START -2868 -2864 11712 -3511 6730 -504 END
START -3052 -2488 11072 -3852 5302 -186 END
START -2968 -2268 10580 -4006 4170 -266 END
START -3312 -2184 9892 -3801 3320 -200 END
START -3928 -2252 9864 -2851 2976 -235 END
START -3448 -2288 9444 -2123 2888 -363 END
START -2992 -2420 9044 -1832 2353 -378 END
START -2804 -2456 8600 -1119 2066 -217 END
START -2668 -2192 8468 -52 1384 147 END
START -2984 -2004 8576 794 771 346 END
START -3328 -1904 8936 1486 385 415 END
START -2944 -1700 9032 2157 31 410 END
START -3040 -1476 9364 2596 -258 432 END
START -3100 -1288 9640 2893 -1437 306 END
START -2916 -1212 9868 3049 -1943 261 END
START -2980 -1244 10188 3266 -2361 234 END
START -2640 -988 10868 3545 -3238 233 END
START -2364 -780 11232 3671 -3440 521 END
START -2376 -452 11808 3584 -4022 792 END
START -2108 -16 12336 3076 -4854 988 END
START -2776 -36 12312 2557 -7423 835 END
START -2152 376 11668 3145 -9222 593 END
START -1312 464 11296 4350 -10646 167 END
START -1284 648 11624 5951 -11937 -230 END
START -1796 -76 11916 8012 -11919 -557 END
START -1516 340 12952 8382 -12360 -1018 END
START -1340 124 13128 8639 -13377 -1285 END
START -876 -1156 14212 10452 -15057 -1390 END
START 0 1016 13704 11695 -16493 -1636 END
START 1348 -132 11920 5853 -19441 -838 END
START -2260 -3488 3452 7383 -16712 -420 END
START 1188 1268 15888 4481 -9411 842 END
START 432 -1684 16840 6508 -9746 897 END
START 984 -84 15876 4571 -12163 1380 END
START 880 320 17548 4770 -11374 1356 END
START 644 668 19356 3286 -13036 1333 END
START 940 624 20808 2138 -14162 1387 END
START 1104 540 21904 1169 -13857 1391 END
START 996 -1524 21976 1767 -13869 1246 END
START 1288 -936 22496 1756 -12399 1050 END
START 2304 -1880 21816 2014 -10252 855 END
START 3284 -2744 20724 2866 -8888 1297 END
START 4060 -3456 20692 3764 -8514 2418 END
START 3776 -3100 21276 3661 -8345 4040 END
START 2556 -2072 21892 2936 -8367 5648 END
START 1128 -1136 22760 1796 -10253 5997 END
START 1060 -964 23380 1214 -10175 5529 END
START 1260 -1244 23212 1566 -7318 4701 END
START 1632 -1896 24328 2436 -6032 4382 END
START 1416 -1836 26120 3008 -10348 4894 END
START 912 -1452 28864 5750 -8196 5677 END
START 1548 -2636 25976 2279 -6909 6760 END
START 2436 -208 31204 1445 -374 7416 END
START 848 -252 30276 311 -5253 8060 END
START 2148 1016 30980 -682 -2581 8111 END
START 2168 1144 28992 -799 -1499 8134 END
START 2272 1484 28376 -30 1285 8502 END
START 1712 2200 27612 596 3531 8826 END
START 960 3464 26624 189 4471 8804 END
START 436 4492 25740 -327 5250 8125 END
START 280 5024 24636 -804 5414 7057 END
START 472 5460 23788 -1034 5179 5928 END
START 640 5528 23788 -1508 5107 4842 END
START 748 5124 23816 -2069 5404 3871 END
START 1792 4528 22848 -1968 6268 3550 END
START 1980 4568 22080 -1141 7598 3693 END
START 1708 4968 21736 -1024 8632 3617 END
START 1040 5460 20644 -1706 9179 3154 END
START 1304 5436 19248 -2421 9162 2419 END
START 900 5484 17592 -2727 9131 1595 END
START 944 5484 16816 -3066 8286 578 END
START 1464 4764 16020 -3275 8028 -245 END
START 2128 3948 14956 -3680 8127 -512 END
START 2324 3288 14060 -2900 7919 -635 END
START 2672 2888 13276 -3171 7668 -412 END
START 2740 2504 12272 -3220 6983 -162 END
START 2508 2404 11540 -2889 5791 -89 END
START 2304 2064 10968 -2493 4430 -242 END
START 2192 2196 10468 -1746 3729 -522 END
START 2004 992 10196 -1376 2740 -795 END