START -4464 16 17648 969 -1481 -419 END
START -4484 848 13580 -371 -2828 12 END
START -5180 -1312 15568 53 -1460 -588 END
START -4968 1064 16856 1467 -2161 -1170 END
START -4896 1400 17360 1792 -3114 -1645 END
START -5088 1444 18080 1739 -4888 -2284 END
START -5140 1328 18424 1625 -5386 -2690 END
START -5188 1128 19284 1236 -5077 -2993 END
START -5136 1500 20680 839 -4853 -3445 END
START -4768 1928 22012 334 -4309 -3903 END
START -4876 1916 22972 -132 -3706 -4499 END
START -5104 1648 23608 -889 -2136 -5251 END
START -5124 1304 23784 -827 -206 -5643 END
START -5148 912 23704 184 1437 -5930 END
START -5128 380 24268 662 2320 -6207 END
START -4736 -88 24656 295 2754 -6249 END
START -3824 -420 24516 -299 3296 -6113 END
START -3460 -1112 24096 -874 4303 -5677 END
START -3100 -1524 23544 -1086 5607 -5198 END
START -3388 -2060 23100 -1391 6224 -4714 END
START -3124 -2132 21464 -1528 7834 -4349 END
START -3648 -2172 21484 -1964 8881 -4207 END
START -3652 -2568 19656 -2352 9814 -4051 END
START -3532 -2768 19180 -2120 10320 -3831 END
START -3340 -2820 17936 -2038 10402 -3401 END
START -3384 -2968 16568 -1884 9892 -2989 END
START -3472 -3088 15580 -1516 8603 -2420 END
START -3692 -2484 14516 -1670 8051 -2127 END
START -3920 -2724 13576 -1847 7873 -1828 END
START -3908 -2700 12512 -1930 7377 -1683 END
START -3828 -2764 11492 -2243 6327 -1553 END
START -3616 -2812 10660 -2487 4970 -1240 END
START -3340 -2428 10496 -3023 3867 -963 END
START -3252 -2200 9572 -3153 2661 -902 END
START -3148 -2484 8924 -2153 2333 -883 END
START -2664 -2680 8724 -822 2150 -437 END
START -2652 -2552 8052 576 2198 58 END
START -2888 -2244 8240 1485 1538 61 END
START -2492 -2120 8176 2044 1018 -68 END
START -2220 -2100 7716 2883 440 -251 END
START -1668 -2428 7956 4282 144 -101 END
START -1340 -2528 8864 5173 152 269 END
START -1908 -2656 9508 5467 -785 617 END
START -1772 -2252 9848 5141 -948 867 END
START -1980 -1996 9820 4847 -1804 919 END
START -1768 -1488 9956 4435 -2874 991 END
START -1716 -1512 10360 3992 -4082 879 END
START -1252 -1284 10940 3645 -6020 910 END
START -1416 -1540 10492 4129 -8699 1033 END
START -1608 -1620 11716 5101 -11059 1442 END
START -1880 -932 12132 5813 -13316 1487 END
START -1668 -1480 12448 6986 -15224 1327 END
START -1652 -2256 12560 8715 -15833 1072 END
START -768 -336 13116 11305 -16956 813 END
START -240 252 12800 12452 -17473 896 END
START 1280 364 19228 16786 -18421 755 END
START 1172 860 13776 5859 -19955 3278 END
START 2224 1564 16504 2272 -7367 4075 END
START -588 -1632 15872 4003 -9216 3813 END
START 1056 -1732 14740 2195 -9667 4600 END
START 156 -216 13272 3644 -9312 4598 END
START 24 -3156 13920 6196 -11384 4494 END
START 1452 -128 16656 7490 -12124 4984 END
START 268 -708 19368 6973 -12574 5848 END
START 1324 1504 23048 4920 -12492 6074 END
START 1644 1356 23228 2755 -12686 6016 END
START 2064 1144 22048 2357 -11731 6031 END
START 1688 -424 21280 3263 -10910 6037 END
START 904 1164 22360 4453 -9714 6640 END
START 632 1884 24192 4913 -9428 7128 END
START -224 2304 25996 3960 -9891 7232 END
START -436 2828 27908 2155 -8689 6815 END
START -864 2416 29100 142 -10922 5994 END
START 1268 1580 27752 -738 -11367 5127 END
START 1532 1064 29560 -924 -8736 5089 END
START 1052 1464 30400 -726 -6439 5462 END
START 528 1428 29240 780 -4415 6115 END
START 1488 2240 30692 -431 -3333 6050 END
START 64 2108 29932 -644 -1269 6482 END
START 260 2668 28944 -1689 -1638 6363 END
START -336 2744 28676 -2940 -1070 5729 END
START 280 2248 27700 -3756 -384 5158 END
START 776 2136 26972 -4058 561 5124 END
START 736 2444 26712 -4012 1429 5155 END
START 1028 3080 25788 -3783 2454 5076 END
START 1116 3756 24480 -2814 4587 5040 END
START 1060 4468 23076 -1625 6519 4948 END
START 636 4872 21828 -536 7921 4550 END
START 352 5632 20616 -270 8367 4056 END
START 676 5932 18756 -410 8578 3511 END