START -5192 -204 17848 1086 -356 -849 END
START -5716 360 15624 -50 -1288 -529 END
START -4220 -60 14764 755 -531 -867 END
START -4912 936 16536 772 -1546 -1788 END
START -4372 712 17000 815 -1937 -2001 END
START -5096 504 17672 605 -1900 -1941 END
START -5424 612 18164 500 -1703 -1845 END
START -6096 788 18476 439 -1236 -2022 END
START -6476 1288 19028 645 -1453 -2991 END
START -6024 1832 19864 352 -1662 -4120 END
START -6032 1812 20680 -231 -1768 -5472 END
START -5760 860 21136 -597 -1585 -6878 END
START -5088 -680 21780 -222 -996 -7848 END
START -4192 -2068 22776 222 -248 -7787 END
START -3400 -3228 23612 61 773 -7004 END
START -3348 -3908 24460 -485 1434 -5943 END
START -2840 -4136 24724 -1322 2379 -4865 END
START -2984 -4136 24304 -1891 3198 -4395 END
START -2916 -4452 23756 -2661 3865 -4308 END
START -2472 -4540 22604 -3067 4425 -4285 END
START -2476 -4912 21892 -2927 5738 -4139 END
START -2316 -5516 19880 -2708 8103 -3792 END
START -2808 -5144 19080 -3022 10023 -2956 END
START -2672 -4704 17692 -3086 9545 -2101 END
START -3072 -4112 15536 -2714 8909 -1441 END
START -3712 -3872 14112 -2080 7629 -997 END
START -3936 -3384 12752 -2188 7496 -890 END
START -3736 -3052 11432 -2343 7057 -813 END
START -4284 -3244 10568 -2401 6136 -915 END
START -4156 -3420 9392 -2239 4782 -1106 END
START -3692 -3436 8600 -2545 4004 -1388 END
START -3432 -3804 7880 -2240 2363 -1432 END
START -2772 -3952 7308 -1356 1580 -1028 END
START -2740 -4220 8040 -346 1174 -575 END
START -2640 -4024 8156 250 208 -82 END
START -2812 -4040 7944 1023 70 320 END
START -2688 -3588 7752 2475 115 570 END
START -2648 -3268 8424 3726 4 598 END
START -2572 -3156 9168 4304 -586 294 END
START -2064 -3120 8964 4719 -773 -38 END
START -1964 -3116 9344 5329 -1091 -323 END
START -1836 -2932 10096 5437 -1712 -582 END
START -1332 -2896 10372 4937 -2078 -749 END
START -1192 -2652 10620 4226 -2621 -100 END
START -2544 -1740 12132 2840 -4972 591 END
START -2756 -1056 9768 2264 -8795 242 END
START -2944 -272 8104 3501 -9668 -148 END
START -3372 1632 8920 6568 -11179 -1309 END
START -2972 920 9728 9581 -12964 -3216 END
START -2016 -388 10672 10950 -13930 -4750 END
START -536 -1220 14224 13599 -13781 -5580 END
START 476 -1772 12696 14290 -14198 -4613 END
START 640 -2868 13068 13500 -16615 -3480 END
START 3316 -2568 14480 11124 -19104 -2093 END
START 5172 -876 16920 4631 -12093 411 END
START 672 -6508 13272 4421 -10546 867 END
START 1140 -536 13688 7871 -13461 688 END
START 2168 -612 16848 5642 -14210 1050 END
START 2332 -864 18788 5288 -13600 1029 END
START 3180 -744 19172 4772 -13649 1004 END
START 3532 -1068 19948 3650 -13793 768 END
START 4696 -2448 19480 7349 -10836 1185 END
START 4004 -2756 22076 9651 -9090 3095 END
START 3228 -1628 24560 9764 -8522 4950 END
START 2680 -80 25140 7893 -7846 6257 END
START 1104 716 25620 5925 -8306 6111 END
START 840 700 25516 4537 -9334 5096 END
START 280 180 27048 3569 -11043 4372 END
START 1140 -416 27096 3942 -9906 4449 END
START 1376 -428 29068 4804 -7840 5004 END
START 1408 -208 30880 4465 -7849 5624 END
START 1920 212 31188 3235 -7090 6237 END
START 2596 572 31532 2671 -5655 6799 END
START 1680 536 31632 1671 -4614 7039 END
START 1832 756 32200 390 -3470 7037 END
START 1564 648 32400 -673 -1863 7063 END
START 1100 1364 31880 -2379 333 7283 END
START 760 1804 30788 -3362 703 7171 END
START 956 2204 28896 -3158 2117 7168 END
START 512 2692 28032 -3251 2945 7219 END
START 144 3012 27144 -3590 3882 7030 END
START -28 3208 25608 -3544 5396 6629 END
START -264 3372 23928 -3161 7131 6244 END
START -536 4468 23088 -1812 8777 5571 END
START -500 4972 22472 -2715 9177 4607 END
START -416 4320 20900 -3839 10212 4043 END
START -140 3948 18572 -3626 10510 3815 END
START -296 4092 17460 -3542 9380 3678 END
START -436 4508 16140 -4342 8821 3428 END
START -652 4704 14692 -4896 8147 2940 END
START -720 5100 13236 -4643 7285 2070 END
START -908 5448 12860 -3528 6954 558 END
START -528 4912 12544 -4056 6143 -717 END
START 180 4564 11852 -3330 5811 -1873 END
START 564 3516 11656 -2684 4985 -2708 END