START -3200 -1144 15928 1067 525 808 END
START -3636 692 13644 -486 -769 1383 END
START -4452 -2332 15220 580 -870 1363 END
START -3420 -188 14640 1535 -1346 1445 END
START -4012 536 14924 1089 -3108 1554 END
START -4660 1100 14848 957 -4806 990 END
START -5356 1016 14628 777 -6641 189 END
START -5476 788 13812 -427 -7702 -621 END
START -5148 1280 14252 -210 -7800 -1584 END
START -4560 1280 14780 -251 -6766 -2243 END
START -4020 1452 15520 331 -5701 -2772 END
START -3440 1532 16344 1030 -5158 -2839 END
START -3620 1528 17100 2028 -4183 -2680 END
START -3940 1796 17676 3111 -3248 -2501 END
START -4984 1964 18368 3721 -2962 -2629 END
START -5700 3132 19804 4965 -3215 -3387 END
START -5872 3880 20412 5352 -4949 -4593 END
START -5652 4104 21724 5185 -6130 -6023 END
START -5284 3552 22476 4543 -5372 -7116 END
START -5040 2952 23956 2636 -3640 -7763 END
START -4324 2136 24464 -210 -2085 -7820 END
START -3700 992 25020 -1077 -945 -7889 END
START -2636 320 25196 -1209 144 -7933 END
START -1924 -628 25652 -2088 1876 -7565 END
START -1328 -1784 25304 -1859 4731 -6985 END
START -1308 -2752 25604 -1005 7513 -6229 END
START -1900 -2948 26236 -274 8949 -5662 END
START -1904 -3732 24488 -1283 8072 -5096 END
START -1804 -3480 24020 -2563 8764 -4224 END
START -1920 -3652 22436 -2266 9792 -3309 END
START -2336 -3112 22020 -1341 10390 -2743 END
START -2592 -3328 20828 72 11143 -2059 END
START -2948 -3476 18728 347 11454 -1607 END
START -3100 -3104 18464 -36 12213 -1085 END
START -3476 -2552 17968 -1064 10853 -692 END
START -3704 -2608 17012 -2180 9055 -482 END
START -3740 -2660 15404 -3142 8644 -474 END
START -3488 -2632 13904 -3525 8910 -216 END
START -3504 -2744 12688 -3122 8356 4 END
START -3600 -2896 12012 -2362 6459 345 END
START -3488 -2508 11156 -1796 5375 688 END
START -3684 -2392 10944 -1556 4730 1171 END
START -4320 -2056 10632 -1752 3750 1266 END
START -4492 -1552 10560 -2165 2941 986 END
START -4632 -1236 10144 -2424 2387 439 END
START -4148 -1164 10104 -2179 1873 -202 END
START -3328 -1628 9156 -1313 1419 -334 END
START -3032 -1956 8860 -571 1563 -193 END
START -2916 -2092 8588 276 787 87 END
START -3000 -2284 8636 1259 607 420 END
START -2800 -2148 9152 2347 280 831 END
START -2760 -1996 9676 2700 139 1314 END
START -2996 -1544 10088 2847 -196 1671 END
START -3456 -804 10832 2780 -683 1586 END
START -4136 -484 11144 2219 -1600 979 END
START -3784 -628 11360 1858 -2689 398 END
START -3704 -980 11580 1744 -3536 197 END
START -3728 -1248 12280 2045 -3624 396 END
START -3404 -728 12988 2101 -4093 670 END
START -3236 -592 13044 1802 -4481 647 END
START -3052 -444 13720 1326 -5910 639 END
START -2532 -372 12836 1837 -7594 670 END
START -2628 -148 12340 2867 -8766 641 END
START -3312 116 12528 4585 -10217 245 END
START -3088 -176 13248 6665 -10251 -342 END
START -2696 688 13156 6917 -10988 -634 END
START -2080 -180 13776 6801 -10883 -1174 END
START -1360 -332 14128 6579 -10430 -937 END
START -1136 -812 14672 6861 -10493 -460 END
START -1328 84 15096 7051 -10648 51 END
START -812 -756 15628 7744 -11790 509 END
START -512 -16 15416 8064 -12922 1323 END
START -1940 -80 15176 5009 -14062 1901 END
START 1656 4228 20176 3259 -12632 2808 END
START -752 140 19072 2992 -9316 2222 END
START -332 1264 19348 2498 -11316 1674 END
START 376 -248 18432 2895 -10523 1164 END
START 1384 -292 18828 2978 -10705 969 END
START 2132 -1184 18620 3470 -10880 1332 END
START 2692 -2852 19792 4235 -10492 2165 END
START 2912 -2152 19740 4989 -8728 4034 END
START 2240 -904 20668 5464 -8610 6018 END
START 868 1512 21600 4818 -8602 7186 END
START -1136 2712 22372 3908 -8448 7200 END
START -1956 5568 22492 2353 -9525 5441 END
START -2236 4528 22276 1180 -10010 3439 END
START -1316 4124 22968 1302 -8492 2265 END
START -244 2604 22144 646 -9292 882 END
START 1368 1088 20796 627 -7701 650 END
START 1980 -716 19612 2026 -6178 1673 END
START 1704 -1152 19964 3559 -4767 3451 END
START 724 -256 21696 3714 -4963 4945 END
START 3056 1608 20540 3493 -3820 7069 END
START 324 1648 28236 3378 -12352 6408 END
START 216 3116 17984 5001 -2395 6583 END
START -292 2572 23760 1617 -6434 6392 END
START 220 2440 23628 1025 -7107 6073 END
START 564 1240 23556 765 -6054 5722 END
START 780 1452 24732 713 -4154 5937 END
START 1040 1128 25208 1853 -2867 6477 END
START 1364 1476 25668 1800 -1259 7596 END
START 724 2500 26736 1686 286 8491 END
START 652 3472 26312 1502 1137 8452 END
START 176 4148 25504 1345 2774 7931 END
START -564 5080 26192 -1494 1189 7509 END
START -304 4592 24780 -2243 2745 6695 END
START -212 4216 25120 -3143 2094 6295 END
START 348 4308 24956 -3897 3048 6199 END
START -56 4244 25816 -4546 -487 5789 END
START 1124 4824 25692 -4705 2528 5818 END
START 1108 4640 25340 -4792 3011 5739 END
START 508 5348 24812 -4381 5034 5569 END
START 12 6104 24140 -4231 5868 4521 END
START -480 6004 23536 -4189 6785 3213 END
START -8 5716 22360 -3818 8004 2162 END
START 72 5388 21340 -3231 9002 1502 END
START 228 5704 20840 -3042 9164 1037 END
START 308 5768 20024 -3714 9277 608 END
START 608 5696 18528 -4245 8874 333 END
START 480 5708 17732 -4328 9608 -4 END
START 380 5484 16504 -4312 9396 -503 END
START 368 5556 15796 -4204 9010 -1178 END
START 364 5308 14788 -3962 9249 -2196 END
START 808 4572 14160 -3731 8997 -3011 END
START 1432 3712 13140 -3586 9039 -3428 END
START 1820 2640 12712 -2774 9450 -3583 END
START 2224 1876 11668 -3379 9727 -2907 END
START 2248 64 10992 -3158 10123 -2234 END
START 2068 1468 9852 -4554 9453 -1110 END
START 1872 -992 7348 -3704 8789 -699 END
START 1636 -620 8364 -3305 6246 -313 END
START 2548 1364 12596 -1677 3462 -413 END
START 2044 364 11416 -1414 829 -343 END