START -4940 -164 17148 22 -1690 347 END
START -4008 2228 11720 -2141 -2934 908 END
START -2528 1168 13988 -677 -1799 687 END
START -5176 168 16028 1008 -2090 331 END
START -5444 172 15836 1902 -1463 398 END
START -6060 544 16028 3030 -598 253 END
START -7072 1428 16820 3632 76 0 END
START -7616 2392 17520 3599 640 -586 END
START -7720 3608 17824 3653 -390 -1625 END
START -7680 4112 18320 3612 -1975 -2748 END
START -7916 4532 18660 3301 -3180 -3919 END
START -7524 4060 20152 3048 -4174 -5028 END
START -7136 3164 22288 1624 -4793 -5701 END
START -6376 2428 23992 49 -3260 -5968 END
START -5660 1428 25076 100 -1611 -6095 END
START -4884 660 25552 459 755 -5873 END
START -4752 236 25136 939 2914 -5674 END
START -4452 -156 24796 1280 4279 -5660 END
START -4440 -560 24304 807 5172 -5577 END
START -4164 -1192 23084 213 6054 -5636 END
START -3484 -1424 22100 -586 7348 -5387 END
START -3544 -1948 22308 -1586 7135 -5170 END
START -3036 -2480 21100 -2225 7183 -4720 END
START -2664 -3080 19724 -2725 7510 -3792 END
START -2600 -3304 19092 -3192 7778 -2715 END
START -3056 -3452 17452 -3210 8088 -1593 END
START -3284 -3316 15868 -2973 8068 -582 END
START -3880 -3164 14212 -2692 8416 110 END
START -4612 -2836 13180 -2268 7948 309 END
START -4788 -2444 12028 -2067 6560 358 END
START -4900 -1624 10416 -2247 6160 -274 END
START -4356 -2128 10120 -1909 4976 -135 END
START -4568 -2092 9656 -1856 3704 -549 END
START -4112 -1956 9296 -1928 2691 -762 END
START -3636 -2116 9152 -1910 1806 -683 END
START -3604 -2644 9140 -1457 460 -420 END
START -3076 -2820 9344 -1142 439 -39 END
START -3280 -2852 9220 -405 433 220 END
START -2928 -2864 9136 744 550 411 END
START -2728 -2800 9296 2041 910 643 END
START -3032 -2560 9608 2977 556 806 END
START -3120 -2288 9800 3526 263 883 END
START -3508 -2088 10616 3695 -431 860 END
START -3540 -2200 11404 3465 -1271 779 END
START -3204 -2528 11220 2901 -1735 851 END
START -2828 -2548 11304 2459 -2838 1171 END
START -1972 -2520 11392 2197 -4133 1610 END
START -2244 -2124 11344 1971 -4090 2300 END
START -2596 -1608 11492 2543 -4787 2653 END
START -3216 -936 12456 2621 -5008 2807 END
START -4104 -336 12840 2816 -7224 2253 END
START -3272 248 12820 3568 -10014 1705 END
START -2972 372 12256 5675 -12196 840 END
START -2076 -1604 13584 6565 -13589 530 END
START -2000 768 12740 9283 -14891 171 END
START -1456 -684 12968 8566 -14963 574 END
START -2412 -576 13128 7789 -13435 1052 END
START -1940 -588 16500 8863 -12109 1161 END
START -3996 -272 13852 5142 -12160 1719 END
START -2264 124 17104 5455 -13671 1508 END
START -160 2216 17976 3607 -12384 2222 END
START -140 280 18776 4047 -11114 2256 END
START 40 728 19760 5079 -11098 2640 END
START 900 1092 19728 5102 -12006 3072 END
START 784 2176 19480 5193 -11005 3106 END
START 540 1500 18900 5025 -10318 3032 END
START 372 2368 19436 5494 -9443 3251 END
START -44 2144 18968 5033 -9661 3503 END
START -732 2288 19764 4222 -9759 3583 END
START -848 2564 20004 3321 -10175 3652 END
START -304 3180 20376 2609 -10738 3653 END
START -420 2968 20688 2084 -10940 3285 END
START 512 2284 20780 839 -11064 2733 END
START 648 1804 20960 2147 -9718 2031 END
START 1336 824 21596 2403 -9787 1505 END
START 2764 -540 21828 2855 -9077 1957 END
START 3504 -1168 22648 3490 -7416 3365 END
START 3068 -536 24208 3321 -6529 4786 END
START 3040 -344 25044 2422 -4421 6246 END
START 2792 -100 24052 1232 -4521 7338 END
START 2168 -72 23872 626 -7631 7936 END
START 2428 236 24436 570 -6285 8251 END
START 2012 2924 25400 -1311 -10913 7818 END
START 1420 -196 21108 4857 -5757 5650 END
START 3464 1140 24588 -1355 -2403 6960 END
START 1792 1100 25144 268 1164 7478 END
START 924 1152 26656 -218 -4978 7908 END
START 172 1616 26684 -410 470 8538 END
START 216 2460 24004 105 620 9141 END
START -784 3568 24788 -43 1394 9451 END
START -1180 4712 24844 -786 1213 9454 END
START -1828 5808 25292 -2244 216 8848 END
START -2204 7032 25328 -3509 120 7896 END
START -1988 7060 24628 -3894 339 6442 END
START -1816 7336 25080 -4069 1619 5275 END
START -1036 7052 24448 -4094 2655 4529 END
START -760 6740 24024 -3920 3873 4161 END
START -620 6632 22864 -3306 5803 3948 END
START -776 6888 21764 -2323 7234 3451 END
START -1060 7276 21256 -1690 8025 2366 END
START -1268 7452 21052 -1985 8171 880 END
START -700 7060 20068 -2450 8202 -556 END
START 460 6284 18644 -2822 8361 -1574 END
START 964 5128 17580 -2803 8783 -1629 END
START 1124 4716 17268 -3061 8936 -1426 END
START 928 4416 16664 -3950 8322 -1539 END
START 1408 3852 14640 -4181 8168 -1710 END
START 1784 3096 13972 -3501 7694 -1837 END
START 2248 2576 13204 -2281 7622 -1702 END
START 2276 2568 12520 -1509 7020 -1432 END
START 2228 2152 11920 -471 6920 -1388 END
START 2148 1940 11964 -1485 5352 -1167 END
START 2528 1488 11060 -1041 4629 -943 END
START 2488 1448 11820 -2392 2857 -423 END
START 2632 1276 11332 -3085 1302 1 END