START -4820 1084 17980 1704 -2052 -1943 END
START -6280 2324 16828 757 -3442 -1774 END
START -4912 1116 14468 2202 -2858 -2388 END
START -4780 1780 17364 2319 -3562 -2745 END
START -4844 2052 18352 2929 -3486 -3010 END
START -5224 2292 19652 2744 -3396 -3275 END
START -5296 2788 20992 2187 -3382 -3618 END
START -4944 2876 21404 1416 -2959 -4437 END
START -4832 2404 21788 492 -2171 -5461 END
START -4412 1692 22100 -177 -1405 -6287 END
START -3904 560 22476 -387 -901 -6947 END
START -3400 -572 22700 -474 -92 -7051 END
START -2772 -1568 22740 -166 1211 -6708 END
START -2440 -2052 23036 39 2105 -6071 END
START -2304 -2300 23068 -465 2658 -5483 END
START -2468 -2396 22820 -1294 2791 -5238 END
START -2580 -2860 22376 -1710 3889 -4974 END
START -2388 -3164 21692 -2326 5069 -4742 END
START -2576 -3572 20932 -2844 6144 -4411 END
START -2592 -3976 20136 -3105 6470 -4029 END
START -2680 -4228 18692 -3018 7336 -3458 END
START -2568 -4360 17864 -2592 8124 -2761 END
START -2500 -4264 17400 -2765 7889 -2084 END
START -2856 -4304 16748 -2672 7779 -1399 END
START -2888 -3868 16036 -2471 6396 -815 END
START -3096 -3580 14832 -2374 6211 -462 END
START -3056 -3344 14568 -2559 5750 -262 END
START -3036 -3244 13420 -2781 5408 -6 END
START -3500 -2836 12644 -2713 5453 158 END
START -3600 -2668 11892 -2240 4876 241 END
START -3584 -2468 11404 -1784 3959 191 END
START -3584 -2440 11136 -1671 3075 349 END
START -3676 -2508 10460 -1545 2312 500 END
START -3628 -2272 10124 -1274 1854 453 END
START -3720 -2036 9828 -795 1205 344 END
START -3252 -1860 9840 -380 774 309 END
START -3236 -2068 9544 95 724 351 END
START -3060 -2064 9112 900 509 520 END
START -3096 -2040 8988 1797 402 691 END
START -3364 -1972 9264 2544 90 815 END
START -3500 -1816 9600 2762 -773 843 END
START -3300 -1484 10008 2780 -1885 621 END
START -3108 -1472 10376 2512 -2717 596 END
START -3188 -1476 10476 2402 -3887 633 END
START -2896 -940 11300 2174 -5066 422 END
START -2444 -924 11820 1951 -6340 46 END
START -2036 -1432 11376 2802 -8464 -281 END
START -1632 -1476 12004 3932 -10106 -313 END
START -956 -1160 12344 5992 -11673 -321 END
START -600 -2272 13136 7663 -12390 78 END
START -1204 -2208 12972 9826 -13107 137 END
START -1404 -1860 13820 10196 -14680 277 END
START -1544 -1608 13748 11403 -15611 -236 END
START 1824 -1928 22680 8613 -14773 422 END
START 2448 -2108 12912 1843 -11941 417 END
START 96 -344 17740 2493 -9910 520 END
START 2124 -900 15696 3068 -11362 883 END
START 1620 -1708 17056 2980 -9287 1900 END
START 1908 -852 17452 2548 -8640 2534 END
START 1444 -1016 16352 1673 -8924 2898 END
START 772 -1496 16820 1774 -8671 2509 END
START 336 -452 16124 1927 -9278 1867 END
START 68 -468 16568 3518 -9412 1181 END
START -124 -256 18328 4545 -10156 728 END
START -52 -664 20612 3672 -10283 701 END
START 944 544 21260 2094 -10744 824 END
START 1920 -36 20992 1411 -11558 926 END
START 1980 -324 20924 1372 -10237 995 END
START 2332 -868 21224 1515 -9642 828 END
START 2308 -1336 21072 2239 -8442 1089 END
START 2276 -1460 21528 3206 -7741 1887 END
START 2028 -1636 21984 3723 -6576 3096 END
START 1980 -372 21628 3983 -4989 4088 END
START 1512 236 23232 3597 -7024 4515 END
START 2116 832 22600 2832 -7561 4479 END
START 1708 1420 23812 2247 -7566 4188 END
START 1396 1236 24780 1414 -6775 3452 END
START 1696 180 24536 962 -5326 2675 END
START 1456 -748 24680 1668 -4107 2895 END
START 2060 -1228 25992 3566 -3045 3965 END
START 1348 72 27960 3043 -1403 5044 END
START 952 752 28628 1296 -1372 5676 END
START 952 932 28188 -1270 -1598 5834 END
START 756 364 28228 -3107 -4394 6250 END
START 1288 504 27632 -3346 -3759 6449 END
START 1792 768 27748 -3200 -2793 6436 END
START 1336 1200 27832 -2865 -1147 6124 END
START 1400 1200 27112 -2277 1526 5740 END
START 1580 896 25432 -1886 4440 6061 END
START 1608 1136 23272 364 7683 6447 END
START 1196 2204 22652 1415 9865 6691 END
START 1100 2588 20876 985 10333 6718 END
START 824 3348 19804 78 9583 6776 END
START 480 3856 18764 -1322 7386 6510 END
START 368 4092 17224 -2157 6604 5732 END
START -252 4840 17744 -2672 5258 4811 END
START -284 4644 16488 -3009 5005 3601 END
START -232 4348 15996 -3358 4881 2865 END
START 12 3704 14508 -1980 5499 2136 END
START 236 3616 14228 -1422 5837 1829 END
START 244 3524 13108 -1017 5769 1545 END
START 188 3636 13156 -1012 5208 1241 END
START 176 3284 11944 -1050 4724 729 END
START 316 3432 11600 -1644 3803 494 END
START 332 3256 11632 -1975 2173 15 END
START 452 2952 12032 -2044 899 -664 END
START 948 2196 12528 -1908 -134 -1192 END
START 1436 1504 12872 -1548 -369 -1509 END