START -1248 608 14420 11162 -16611 -1081 END
START -1304 -56 13408 12383 -16803 -1409 END
START 2024 1476 20932 6099 -17325 -258 END
START 2272 3316 10652 2431 -10071 180 END
START 1652 692 15904 1816 -8740 -88 END
START 572 -1800 17296 3412 -9185 337 END
START 1068 -188 17684 3783 -8696 991 END
START -412 -184 18364 3466 -8261 1096 END
START 44 -4 18624 3011 -9868 831 END
START 864 40 18132 3495 -9659 666 END
START 1668 -868 18684 4206 -9543 925 END
START 2604 -736 19508 5263 -8619 1533 END
START 2540 -716 19932 5640 -8147 2437 END
START 2472 -1104 19656 5333 -8191 3447 END
START 1092 -1772 19100 4399 -8208 4175 END
START 1096 -768 17876 3716 -9491 4652 END
START 1048 -700 17912 4917 -9968 4961 END
START 972 764 21132 4983 -9847 5394 END
START -372 924 22756 3897 -10165 5413 END
START -448 1504 23668 3126 -10212 5003 END
START -1028 904 23816 2644 -8856 4958 END
START -872 612 23016 2257 -7412 4773 END
START -936 240 23892 1688 -8511 4259 END
START -240 -192 24360 1472 -8883 4308 END
START 148 -420 25348 1617 -9875 4808 END
START 748 -436 26668 1960 -7664 5592 END
START 1060 -712 27500 2011 -6331 6509 END
START 1376 -620 27784 1238 -5781 7508 END
START 1504 -624 27304 949 -4008 8236 END
START 2116 252 27452 -1855 -6004 7946 END
START 1672 -120 27980 -2851 -5232 7729 END
START 2692 -244 25976 -2921 -3479 7656 END
START 2252 528 26376 -2249 -2874 7903 END
START 2204 1360 26564 -1616 -797 7712 END
START 1880 2516 26912 -1521 593 7417 END
START 1948 3368 26816 -1808 1724 6906 END
START 1700 3976 26256 -2289 3007 6322 END
START 1600 4700 25576 -2518 3615 5579 END
START 1488 4752 24912 -2515 4345 4733 END
START 1160 5004 24552 -2577 5150 3993 END
START 1420 4660 23748 -2698 6081 3569 END
START 1648 4568 22392 -2641 7343 3524 END
START 1800 4840 20924 -2400 8650 3531 END
START 1824 5140 19568 -2345 9684 3373 END
START 1332 5728 18292 -2852 9788 2847 END
START 1336 6044 16456 -3781 8658 1862 END
START 1116 5760 14948 -4362 8409 771 END
START 1208 5396 13300 -4286 8190 -48 END
START 1248 4740 12444 -3817 7325 -763 END
START 1604 3780 11608 -2879 7224 -1298 END
START 2072 2784 11680 -1837 7262 -1415 END
START 2408 2196 11204 -1287 7000 -1172 END
START 2400 2168 10712 -1033 6033 -934 END
START 2476 1292 11284 -30 5069 -1060 END
START 2664 1868 11020 -921 4030 -608 END
START 2236 560 9180 -808 2618 -315 END