START -3960 -1820 18888 133 1931 583 END
START -3724 -1492 16508 -1601 1430 1087 END
START -3320 -508 15288 239 1787 727 END
START -3832 -1500 17168 767 2225 527 END
START -3892 -1528 17020 498 1887 685 END
START -4256 -1636 16704 237 1404 590 END
START -4256 -1512 16632 -89 652 411 END
START -3720 -1552 16468 -723 -396 498 END
START -3940 -1592 16164 -1037 -1212 427 END
START -3268 -1296 15724 -1199 -1989 504 END
START -3700 -1224 15704 -1347 -2253 572 END
START -3772 -944 15804 -1473 -2848 380 END
START -3892 -532 15592 -1492 -2495 104 END
START -3800 -84 15264 -1375 -2426 -206 END
START -3980 584 14792 -828 -2324 -550 END
START -4280 488 14940 -59 -2111 -939 END
START -4428 616 14524 765 -1588 -1179 END
START -4812 1060 14908 1643 -1461 -1371 END
START -5072 1260 15344 2538 -2205 -2093 END
START -4848 1468 16196 3162 -2779 -2734 END
START -4796 1056 16648 3453 -3237 -3203 END
START -4884 1560 18244 3121 -3978 -3385 END
START -5496 1860 19852 2679 -4858 -3653 END
START -5436 2264 21216 1859 -5114 -4390 END
START -5284 2212 21800 935 -4032 -5046 END
START -4808 2120 22452 105 -2289 -5659 END
START -4688 1288 22488 733 -418 -6380 END
START -4336 452 23100 1656 585 -6915 END
START -3916 -708 23736 2019 2175 -6877 END
START -3528 -1668 23844 2485 3209 -6541 END
START -3136 -2400 24360 2656 4697 -6070 END
START -2940 -2844 24340 2004 4570 -5500 END
START -2700 -2904 24288 914 4597 -5025 END
START -2728 -3328 23540 778 5319 -4634 END
START -2684 -4064 23404 936 5846 -4234 END
START -2936 -4316 23776 1032 6220 -3755 END
START -2596 -4452 23372 694 6163 -3218 END
START -2924 -4324 23212 -84 7562 -2549 END
START -2832 -4392 21828 -700 9175 -2126 END
START -2772 -4248 19896 -950 10394 -1491 END
START -3212 -3800 18604 -690 10835 -1095 END
START -3816 -3360 17600 -391 10399 -820 END
START -4264 -3312 16616 -533 9993 -790 END
START -4612 -3280 15644 -1052 8830 -948 END
START -4280 -2756 15600 -1808 7872 -1041 END
START -3948 -2792 14664 -3077 6464 -1238 END
START -4056 -2892 13528 -3904 5632 -1221 END
START -3788 -2968 12628 -4109 4797 -960 END
START -3480 -3236 12008 -3706 5534 -385 END
START -3628 -3000 11320 -2600 6305 175 END
START -4068 -2552 9448 -1135 6927 432 END
START -4168 -1672 9920 -243 6357 256 END
START -4568 -1720 10372 18 4752 -180 END
START -4360 -1704 10052 -836 3497 -485 END
START -3772 -2204 9408 -1249 2158 -430 END
START -3964 -1936 10496 -1840 -314 -271 END
START -4256 -1484 10108 -2042 -1208 -549 END
START -3836 -1640 9648 -2341 -967 -233 END
START -3744 -1644 9128 -1266 -1272 -160 END
START -3548 -1492 8772 769 -804 -268 END
START -3740 -1448 9532 2609 -767 -460 END
START -3736 -1836 10784 3269 -732 -760 END
START -3456 -2276 11284 3215 -698 -676 END
START -3200 -2612 11196 3104 -741 -68 END
START -3460 -2216 11560 2890 -1065 649 END
START -3996 -1628 12292 2074 -2245 867 END
START -3796 -812 11712 1214 -3747 561 END
START -3256 -104 11576 1374 -4819 53 END
START -3156 112 11852 2356 -5259 -538 END
START -2668 -1048 10768 3622 -6768 -1407 END
START -2888 -996 13460 4197 -6336 -1743 END
START -2916 -2192 12560 4697 -5614 -1489 END
START -2736 -2440 13116 4844 -6723 -1110 END
START -2220 -2496 12844 5245 -8857 -359 END
START -2480 -3620 13124 5950 -10754 509 END
START -2820 408 10920 6257 -12406 -32 END
START -1512 -1512 13912 7280 -14289 -120 END
START -1724 224 14376 7827 -13682 -204 END
START -1768 -1408 15320 8531 -11680 -117 END
START -1588 -1632 15892 8837 -12556 -467 END
START -724 -1816 14880 8636 -12702 -450 END
START 1812 -976 17416 2724 -10476 1640 END
START -44 -564 15588 5463 -9735 1857 END
START 876 -848 19648 6464 -9732 2758 END
START 300 716 19300 5278 -10415 3388 END
START 532 276 20676 4986 -10458 3547 END
START -244 1724 20108 4783 -10309 3158 END
START 132 3488 21656 3457 -10597 2385 END
START 888 1372 20548 3947 -7165 1743 END
START 984 1580 20984 4780 -7703 1559 END
START 1180 904 20880 4903 -7650 1873 END
START 1096 1620 22004 4135 -6965 2516 END
START 424 1692 22644 2776 -7143 2748 END
START -604 1836 22812 1037 -7063 2168 END
START 824 1000 20360 -347 -7201 1541 END
START 800 912 18888 3139 -4818 1429 END
START 472 712 20096 4374 -5179 1712 END
START 872 1700 21560 5077 -4849 2319 END
START 844 1732 22376 3302 -5016 2941 END
START 728 1528 21352 1998 -5091 3683 END
START -352 1660 23008 1077 -5048 4838 END
START -1060 -260 27360 2904 -14000 2852 END
START 0 7192 13312 5787 -635 1659 END
START -2356 -5304 26076 4100 -3189 1701 END
START -928 -1272 20308 1794 -8898 3115 END
START 80 -960 24396 3774 -7042 4082 END
START 896 -112 27388 2695 -6067 4549 END
START 1716 -320 27812 602 -7402 5523 END
START 2008 -920 27624 -236 -5548 6508 END
START 1880 -1900 27644 1282 -1392 7095 END
START 1452 -1184 26196 3323 3283 8138 END
START -108 -48 25288 3975 5078 9097 END
START -1572 1880 25260 3922 4812 9114 END
START -2172 3660 25016 2181 3104 8693 END
START -2840 4320 25800 -5685 -1726 8548 END
START -2396 3904 25984 -4067 -1334 7175 END
START -2628 3340 26212 -6292 -1114 6800 END
START -1900 2520 25184 -3465 4288 6154 END
START -3752 2944 27496 -3555 2737 6755 END
START -1104 2848 22796 -6912 3693 7601 END
START -1712 4176 23848 -4040 5690 7596 END
START -1968 5432 22392 -6128 2926 7135 END
START -2292 6268 22512 -5825 2763 5455 END
START -2088 6644 23440 -7918 1227 3777 END
START -1196 5688 22640 -8285 2471 2491 END
START -1068 5368 22192 -7223 5135 1726 END
START -1308 5552 21132 -6507 7944 769 END
START -728 5720 19652 -5291 9301 -357 END
START -176 5724 17560 -5104 10309 -1109 END
START 44 5640 16448 -4065 10655 -1834 END
START 372 5124 15364 -4089 9868 -2200 END
START 816 4528 14204 -4522 9288 -2279 END
START 804 4164 13480 -4686 8398 -2201 END
START 884 3932 12880 -4953 6991 -2346 END
START 1536 3372 11208 -4211 7164 -2724 END
START 2204 1612 10024 -3526 7670 -2600 END
START 2416 1512 9788 -3540 8608 -2016 END
START 2560 1460 10420 -1703 9592 -2245 END
START 2052 -212 7784 -1819 8162 -1988 END
START 2540 180 9668 -1423 6512 -1602 END
START 2184 -2800 6524 195 5104 -1331 END
START 2524 -2892 9080 460 1989 -596 END
START 2328 -2464 10872 961 1468 279 END
START 2104 -1836 11516 594 1723 1096 END
START 1316 -1080 12468 732 776 1532 END
START 164 -708 13504 1790 -42 928 END
START -620 -204 15844 1323 -2604 336 END
START -720 -72 16204 3344 -3323 -844 END
START -396 184 17244 2417 -3436 -925 END
START -132 428 17892 2396 -2042 -887 END