START -4156 704 20308 1731 -2149 -1907 END
START -4140 880 20604 1673 -2176 -1869 END
START -4292 1228 21656 1509 -2385 -1981 END
START -4948 1360 22472 1140 -3079 -2673 END
START -4704 1964 23616 320 -2643 -3638 END
START -4296 1268 23152 -527 -1406 -4690 END
START -4128 420 23636 -1094 795 -5337 END
START -3672 -392 23172 -788 1514 -5777 END
START -2792 -1164 22928 -556 2181 -5908 END
START -2500 -2008 22640 -157 2941 -5609 END
START -2300 -2668 22908 -482 3533 -5059 END
START -2084 -2920 22608 -1345 4426 -4349 END
START -2008 -3048 21544 -2012 5140 -3593 END
START -2328 -3196 20900 -2182 7426 -2958 END
START -2748 -3104 20112 -2796 8638 -2580 END
START -3076 -3000 18992 -3000 8676 -2285 END
START -3464 -2856 18504 -3179 8977 -2108 END
START -3180 -3176 16964 -2619 8514 -2015 END
START -3408 -3484 16280 -2434 7926 -1825 END
START -3196 -3288 15344 -2048 6501 -1710 END
START -3308 -3736 13964 -1885 6606 -1518 END
START -3596 -3620 14600 -2043 6360 -1290 END
START -3408 -4136 14456 -1910 5752 -515 END
START -4604 -2780 13416 -2506 4835 -1012 END
START -3760 -3572 12752 -1930 4586 -486 END
START -3584 -3312 11920 -1345 4310 -398 END
START -3712 -3148 12156 -1207 3240 -352 END
START -3732 -3088 11624 -1199 2501 -461 END
START -3184 -3104 10760 -602 2129 -342 END
START -3364 -2756 10756 165 2258 -169 END
START -3372 -2692 10864 417 1783 70 END
START -3368 -2556 10584 397 1022 186 END
START -3564 -2468 10736 216 518 272 END
START -3664 -2448 10500 286 -264 247 END
START -3248 -2656 10548 731 -652 225 END
START -3284 -2536 10644 1360 -429 378 END
START -3472 -2476 10804 2077 -462 205 END
START -3424 -1948 11928 2438 -1716 -61 END
START -2932 -1644 11272 2814 -1178 -325 END
START -2556 -1752 11336 2863 -1676 -653 END
START -2272 -2052 11488 2476 -2399 -673 END
START -1708 -2180 11288 2068 -3437 -593 END
START -1484 -2480 10904 2100 -4062 -476 END
START -1092 -2616 11236 2771 -6605 -199 END
START -1000 -2328 11680 3497 -8800 295 END
START -1184 -1560 12308 4087 -11497 224 END
START -772 -744 11856 6485 -12885 -445 END
START -828 -2044 11804 8718 -12357 -845 END
START -452 -1352 12644 10002 -12233 -1024 END
START 292 -512 14520 12187 -12880 -1639 END
START 1140 -516 15524 13391 -13530 -1870 END
START 2604 1808 19100 4942 -14142 -820 END
START 4652 1456 16636 914 -5153 -580 END
START 2696 -4060 18392 650 -9755 161 END
START 3272 244 11720 4288 -6693 857 END
START 1648 -4868 13944 7922 -6265 1868 END
START 1500 -176 15928 8724 -7345 2955 END
START 1440 460 19520 7333 -9657 3319 END
START 1172 1876 19824 4333 -10706 3240 END
START 244 1540 20288 3082 -10889 2712 END
START -288 3604 22912 -272 -11745 2384 END
START -948 -88 18664 2277 -8976 1010 END
START -752 256 21440 2758 -9003 425 END
START 644 -660 20040 4842 -7916 721 END
START 1012 -356 22292 5739 -7538 1599 END
START 1596 208 23336 3421 -8890 2833 END
START 2376 72 22732 1929 -9332 3924 END
START 1016 -896 21628 1397 -9024 4956 END
START 16 -1336 21184 1661 -9069 5378 END
START -84 -1092 21316 2269 -8485 5612 END
START -384 -264 21880 4244 -7933 5803 END
START -428 1040 23944 4296 -8448 5675 END
START -136 1768 25364 3439 -8718 5558 END
START -1120 1760 25744 3174 -9199 6253 END
START -132 1608 28264 1836 -9271 5808 END
START -1276 1088 29492 1155 -6612 5712 END
START -560 672 27368 1003 -3427 5503 END
START -204 464 27732 2028 -1931 5390 END
START -516 708 28288 1653 -1647 5506 END
START 96 596 28792 780 -2601 5558 END
START 772 776 29408 -801 -2797 5892 END
START 964 472 28708 -2300 -2428 6336 END
START 1356 1092 28892 -3913 -1688 6794 END
START 1624 1472 27208 -4502 -552 7131 END
START 1192 2044 26368 -3780 1357 7051 END
START 1080 2320 25076 -4038 2717 6750 END
START 916 2536 23540 -2912 4813 6249 END
START 1088 2636 21804 -2442 6024 5877 END
START 1048 2604 20428 -1472 7009 5322 END
START 1260 2616 19276 -1841 6827 5047 END
START 1232 2524 18104 -2337 6290 4916 END
START 1716 2540 17396 -3634 5733 5100 END
START 1404 2700 17168 -4817 4440 5246 END
START 1352 2676 15648 -5185 3996 5202 END
START 1116 2656 14488 -4481 3983 5010 END
START 576 3008 13940 -3155 4352 4310 END
START 452 3296 13320 -2404 4909 3325 END
START 440 3456 12888 -99 6053 1912 END
START 656 3652 12628 -22 5596 1093 END
START 532 3204 12548 -21 5233 220 END
START 1164 2856 12816 -1379 4628 -116 END
START 1444 2104 11968 -1891 3999 -325 END
START 1436 1568 11112 -1540 3310 -187 END
START 1420 1480 11108 -398 3106 -85 END