START -1512 4396 28028 2231 -883 -489 END
START -1556 4528 28380 2115 -757 -665 END
START -1324 4912 28852 1810 -322 -984 END
START -1116 5180 29580 1074 867 -1775 END
START -592 4872 29216 434 2545 -2572 END
START 408 4308 28660 59 4501 -2929 END
START 656 3872 27484 -70 6411 -2860 END
START 324 3608 26616 -178 7561 -2977 END
START 420 3708 25940 -572 8345 -3268 END
START 436 3648 25544 -1124 8893 -3794 END
START 1104 3412 24628 -1969 9605 -4067 END
START 1284 3136 23312 -2327 10304 -4076 END
START 1564 2800 21836 -2556 10407 -3908 END
START 1512 2632 20920 -2325 10336 -3847 END
START 1628 2144 19972 -2470 10187 -3758 END
START 1872 1564 19552 -2274 10560 -3452 END
START 1800 1228 18708 -2243 11010 -2702 END
START 1736 1568 18076 -1729 11098 -2254 END
START 1688 2068 17704 -1972 10708 -2152 END
START 1352 2368 17136 -2109 10529 -2042 END
START 1184 2088 16440 -2624 9724 -1796 END
START 892 2004 15664 -2113 9450 -1505 END
START 300 1764 15556 -1787 8876 -1407 END
START 4 2008 15612 -1747 8080 -1685 END
START 308 2136 15708 -1913 7097 -1974 END
START 776 1956 15148 -2408 6704 -1774 END
START 1088 1992 14892 -2501 7068 -1423 END
START 628 2308 15528 -2755 7004 -1247 END
START 480 2552 15544 -3070 7456 -1247 END
START 604 2012 13536 -3706 8429 -790 END
START 192 2496 13712 -3614 9624 -343 END
START -932 1608 12232 -2744 9704 -428 END
START -1084 3660 15552 -2618 7584 -745 END
START -696 2032 14328 -1218 5381 -1493 END
START -392 2352 14324 -1857 3225 -1343 END
START -8 804 14300 -1761 2442 -812 END
START 536 944 13508 -2259 2542 227 END
START 76 856 13724 -1857 3269 1179 END
START -1024 408 12544 -972 3744 1985 END
START -2264 1276 13288 -336 3225 2490 END
START -3476 3048 14928 847 1536 2270 END
START -4264 4724 15888 547 -885 1413 END
START -5136 5792 17552 -861 -1531 359 END
START -6056 6684 18280 -2251 -1114 -1287 END
START -6320 7164 18156 -2607 -473 -2955 END
START -6372 6680 18376 -1323 514 -4420 END
START -6216 6644 18452 -396 1271 -5343 END
START -6756 6700 19092 249 1741 -6269 END
START -6700 6708 19472 191 2045 -7239 END
START -6472 6780 19744 -165 2204 -8235 END
START -6256 6880 19340 -1165 2025 -9512 END
START -5940 6300 19172 -1878 2394 -10906 END
START -5252 5112 18968 -2495 1380 -11996 END
START -4104 3892 18524 -3341 2271 -12525 END
START -3384 2896 18492 -3433 3703 -12738 END
START -2716 1588 17888 -2740 5862 -12502 END
START -2772 828 16868 -2607 7898 -11947 END
START -3296 912 16872 -3430 8028 -11630 END
START -3232 56 15388 -3533 6297 -11724 END
START -2852 -1176 14924 -3943 4844 -11798 END
START -3288 -1692 15268 -4270 4467 -11775 END
START -2668 -2260 14388 -4257 4025 -11955 END
START -2040 -3208 13608 -3165 3629 -12105 END
START -712 -3884 14096 -1779 2115 -11765 END
START 272 -4920 13488 -1283 2556 -11059 END
START 448 -5888 13684 -1025 1917 -9639 END
START 332 -6844 14312 -1390 1295 -8061 END
START 480 -6948 13780 -1316 986 -6531 END
START -424 -6748 14212 -1374 962 -5281 END
START -1096 -6468 14484 -1220 220 -4812 END
START -1140 -6144 13996 -1020 -30 -4914 END
START -756 -6692 13936 -542 196 -5107 END
START 36 -7692 13344 -489 42 -4952 END
START 1084 -8648 12288 -116 -8 -4314 END
START 1308 -9580 12464 506 -492 -2884 END
START 1492 -9556 12868 700 -1173 -1055 END
START 1416 -9748 13152 635 -1583 348 END
START 1340 -9880 13312 1015 -1669 1367 END
START 1644 -10040 13596 1192 -1187 2538 END
START 1644 -10172 13896 1185 -1494 4052 END
START 1284 -9532 13900 897 -1674 5517 END
START 920 -8800 13996 900 -2267 6442 END
START 540 -8012 13976 1199 -2849 7486 END
START -8 -7128 14616 1364 -3495 8325 END
START -848 -6440 15904 1373 -4196 8688 END
START -1088 -6176 16412 1505 -4124 9236 END
START -1080 -5688 16832 1823 -3267 10072 END
START -1564 -4680 16892 2166 -2150 10778 END
START -1844 -3412 18048 2354 -4013 10949 END
START -1616 -2668 17520 2655 -6054 11290 END
START -2068 -1244 18836 2582 -8030 11668 END
START -2436 -1112 19448 4007 -8901 11428 END
START -2304 -392 19432 4074 -8481 11175 END
START -2380 1168 19844 3982 -7493 10776 END
START -2564 1576 20192 3393 -7359 10252 END
START -2564 1568 19188 2951 -5936 10053 END
START -2824 2120 19104 3246 -3320 10134 END
START -3020 2656 18304 2394 -1507 10079 END
START -3412 3192 17984 2666 -393 10006 END
START -4292 4536 18656 2798 -1128 9855 END
START -4704 5072 19044 75 -2791 9864 END
START -4616 5272 18940 -716 -3032 9825 END
START -4272 9012 18040 -1228 -233 8845 END
START -6212 8104 18932 -2098 -1676 7446 END
START -5396 8108 17788 -2285 -1988 5744 END
START -5900 7504 17496 -2761 -1146 4353 END
START -5252 7228 16536 -1754 -1514 3131 END
START -4664 6512 16224 -578 -617 2219 END
START -4116 6288 15712 319 325 1894 END
START -3716 6040 15832 695 267 1644 END
START -3116 5876 15684 316 -176 1456 END
START -2992 6472 15124 192 -856 1251 END
START -3312 5316 14560 -589 -2179 887 END
START -3144 5804 14092 -654 -3495 -10 END
START -2948 5700 14920 1008 -3427 -928 END
START -1180 6556 11572 157 -4765 -1343 END
START -2096 6212 14176 1252 -3543 -2630 END
START -1208 5972 13808 1323 -3740 -3252 END
START -724 5308 14024 1941 -3563 -3766 END
START -260 5420 13316 2506 -3284 -3948 END
START -532 3584 12692 2990 -3352 -3792 END
START -1012 5024 12496 3272 -4231 -3951 END
START -1348 5108 12400 2964 -5353 -4531 END
START -1772 6728 12880 3612 -6494 -5656 END
START -1576 6876 13492 3444 -7394 -6882 END
START -1228 6484 14200 3625 -7808 -8144 END
START -1268 5716 14772 3689 -7685 -8852 END
START -1472 5508 15352 2947 -9338 -9470 END
START -556 4924 16392 1916 -10737 -10307 END
START 260 4080 17320 2019 -11030 -10927 END
START 2188 3356 18232 2748 -10284 -11449 END
START 4036 2500 19064 3154 -8860 -11369 END
START 3848 1276 19300 4159 -7080 -10920 END
START 3544 -360 19984 3542 -7942 -10461 END
START 4008 -2048 20272 2383 -8855 -9863 END
START 4668 -2908 20788 1142 -9156 -9108 END
START 5324 -3956 21456 -3460 -8553 -7134 END
START 4928 -3612 24084 -394 -6147 -6728 END
START 5460 -4468 22812 -1699 -7254 -6107 END
START 5184 -4440 23952 -1000 -5118 -5027 END
START 3372 -5240 22532 -70 -2955 -3633 END
START 2392 -4556 23228 -950 -3350 -2875 END
START 1748 -4252 22396 1253 -2970 -3207 END
START 1848 -3652 22852 775 -4525 -3055 END
START 1960 -3096 23496 1420 -3896 -2770 END
START 1920 -2844 22772 1450 -3280 -2294 END
START 1204 -2676 23092 851 -2564 -1741 END
START 260 -2232 22632 201 -2134 -1204 END
START -308 -1680 22600 -803 -1881 -989 END
START -176 -1056 22096 -1218 -1781 -1133 END
START 88 -1036 21932 -195 -1189 -1337 END
START -336 -564 22904 -1717 -793 -955 END
START 1140 44 22460 272 -917 -1526 END
START 1464 44 23108 -1257 -912 -1306 END
START 1960 -24 21940 -3324 240 -553 END
START 2204 -256 21356 -3073 1510 -68 END
START 2128 64 20912 -2199 2947 325 END
START 2112 484 19928 -1654 3773 629 END