START -5148 -2388 16456 730 1992 1174 END
START -6464 -4044 16964 5 925 1528 END
START -4000 236 16064 -5 1327 1417 END
START -5216 -1964 15644 -426 1158 851 END
START -5048 -2036 14860 -549 1665 859 END
START -4944 -2024 14148 35 1618 749 END
START -4692 -2064 13520 270 1203 614 END
START -4216 -1580 13504 147 1536 514 END
START -4292 -1580 13100 63 1401 47 END
START -4056 -1496 12824 178 1010 -566 END
START -3200 -1624 12644 381 1374 -752 END
START -2640 -1908 11792 1047 1643 -783 END
START -2220 -2408 11264 1833 1985 -457 END
START -1808 -2344 11036 2066 1352 18 END
START -2112 -2512 10956 1413 1017 293 END
START -3088 -2304 11616 248 -1383 180 END
START -2768 -2376 11112 0 -4558 -509 END
START -2632 -2928 11332 869 -7028 -807 END
START -1544 -2016 11660 2330 -7898 -448 END
START -1444 -2068 12784 3203 -9418 44 END
START -1084 -2304 13072 4399 -9470 445 END
START -1344 -1616 12620 6286 -9537 782 END
START -1344 -1744 11732 8092 -9467 809 END
START -3364 -1344 10820 9790 -10253 592 END
START -2960 -2128 9820 11211 -10744 264 END
START -3964 -3404 10868 7983 -14887 236 END
START 3240 4384 10788 1876 -8064 1285 END
START -1576 -2508 15092 3908 -7875 1401 END
START 204 -852 14996 1295 -10884 2229 END
START 448 -888 14940 1391 -10284 2985 END
START -180 -756 15084 2095 -9496 3404 END
START -668 -544 15020 3540 -9526 3588 END
START -1256 512 15548 4057 -9276 3746 END
START -1356 460 16872 4198 -10056 3312 END
START -944 864 17224 3514 -11405 2936 END
START -416 604 17336 2980 -12942 2983 END
START 340 1084 18392 2505 -13478 3162 END
START 1112 1360 19476 2067 -13390 3414 END
START 64 1108 19332 1519 -12989 3909 END
START -292 1292 18856 3170 -13020 3757 END
START -580 1664 19196 4031 -12068 3502 END
START -1360 2132 21828 3832 -15117 2579 END
START 164 1540 22044 4269 -12827 1771 END
START 872 1444 22216 4916 -12750 1579 END
START 1328 1368 23560 5294 -12182 1831 END
START 1032 1068 24012 5259 -10872 2687 END
START 752 1792 24112 4969 -10213 3489 END
START 64 2904 25476 4162 -10428 3477 END
START 148 3600 25660 3792 -9868 2774 END
START 28 3704 26368 3751 -9908 2134 END
START 80 3900 27308 3679 -8628 1659 END
START 160 3692 28156 3351 -7822 1323 END
START 92 3364 28232 3681 -5894 1269 END
START -68 3324 28208 4135 -3672 1314 END
START -148 3816 28308 4357 -1982 1245 END
START -484 4360 28484 4100 -823 1037 END
START -524 4800 28924 3192 -477 586 END
START -372 4944 29388 1771 -731 20 END
START -44 5028 29468 199 -840 -435 END
START 444 4636 28828 -891 -771 -848 END
START 824 4068 28512 -1342 354 -1146 END
START 1048 3388 27896 -1165 1772 -1213 END
START 1628 3080 27316 -556 4032 -1163 END
START 1532 2832 26560 -70 6083 -1180 END
START 1664 2940 25712 116 7438 -1159 END
START 1612 3040 25004 126 8416 -1111 END
START 1076 3344 24380 -344 8951 -1224 END
START 1032 3532 23420 -754 9300 -1530 END
START 908 3456 22824 -817 9640 -1753 END
START 552 3448 22328 -1043 9663 -2031 END
START 1356 3376 21820 -1301 9901 -2473 END
START 1532 2728 21060 -2001 10274 -2382 END
START 1960 2384 19800 -1128 10830 -2187 END
START 1948 2480 19692 -1074 11221 -1818 END
START 1760 2568 18836 -1001 11710 -1549 END
START 1832 2648 17936 -684 11774 -1590 END
START 1684 2508 16892 -543 11954 -1520 END
START 1504 2772 16332 -764 11299 -1489 END
START 1508 3000 15324 -1540 10160 -1426 END
START 1268 2908 14100 -1620 9141 -1506 END
START 1172 2796 13404 -1577 7968 -1405 END
START 868 3104 13224 -1638 6820 -1326 END
START 380 3568 12744 -1869 5666 -1338 END
START -188 3884 12896 -2368 5556 -1259 END
START -508 4348 12256 -2049 5575 -1519 END
START -1316 4772 13584 -2253 4845 -1777 END
START -1776 4852 13736 -2062 4654 -2365 END
START -1960 6120 14416 -1678 4114 -2817 END
START -2792 6336 14480 -216 4023 -3688 END
START -2868 6488 16492 -376 4166 -4246 END
START -3760 6552 16300 -352 4212 -4774 END
START -4228 7572 17564 -455 4422 -6003 END
START -3756 6880 18100 -1861 4865 -7244 END
START -4528 5688 18300 -325 4447 -8863 END
START -3160 6324 18304 761 4681 -9833 END
START -3000 4696 19124 -421 4551 -10011 END
START -2520 4528 19180 -1104 3693 -10337 END
START -2416 3692 19368 -2456 3743 -10081 END
START -2240 3088 19132 -4456 4251 -9608 END
START -2236 2612 18068 -5559 4826 -9739 END
START -2056 1932 18216 -5852 6130 -10056 END
START -1880 672 17160 -5756 6670 -10418 END
START -2048 -4 18128 -4178 7830 -10574 END
START -1676 56 18356 -4267 9665 -10290 END
START -1796 -2080 16044 -3806 9418 -9521 END
START -1844 -1996 14892 -4477 9287 -8673 END
START -2440 -1780 13932 -4746 6484 -8255 END
START -2936 -1420 14380 -4955 5374 -8419 END
START -3076 -1776 14088 -4183 4734 -8475 END
START -2448 -2704 13156 -3254 4199 -8892 END
START -2532 -3404 13516 -2847 4522 -8780 END
START -1124 -5256 12476 -1661 4360 -7818 END
START -2228 -4388 12600 -2114 3241 -6995 END
START -1288 -5212 11576 -2263 2274 -6163 END
START -1228 -6044 10300 -1169 2011 -5108 END
START -1448 -5664 11160 -709 -117 -4590 END
START -968 -6312 11632 -916 -794 -4174 END
START -988 -6700 11800 -1088 -1258 -3773 END
START -452 -7776 11456 -936 -987 -3244 END
START -124 -8276 11108 -138 -16 -2539 END
START 268 -8680 11148 989 239 -1267 END
START 8 -8812 11492 1806 -425 -194 END
START -68 -8916 12188 1802 -1076 680 END
START -124 -8888 12820 1316 -1844 1472 END
START 4 -9092 13664 769 -2458 2201 END
START 600 -9416 13600 717 -2347 3148 END
START 700 -9692 13508 1491 -1929 4517 END
START 224 -9272 13816 2044 -1874 6002 END
START -232 -8648 14324 2221 -2143 7248 END
START -772 -7532 14564 2135 -2200 8457 END
START -1800 -6400 15156 1657 -3196 9252 END
START -2532 -5176 16160 852 -4484 9521 END
START -2776 -4336 16956 192 -4600 9502 END
START -3376 -3556 17804 122 -5309 9404 END
START -3136 -3056 18608 272 -6721 9279 END
START -2432 -3052 18344 567 -7685 9619 END
START -2660 -2352 18640 1008 -8407 10263 END
START -3860 -2044 19500 1671 -8210 10786 END
START -3764 -772 20372 2137 -7944 11288 END
START -5112 632 21000 3897 -7851 11067 END
START -4924 2340 20372 4365 -8464 10435 END
START -5120 3304 19896 6484 -6730 9620 END
START -5608 4452 19820 8570 -5681 8723 END
START -5220 5616 19492 662 -8464 8834 END
START -3540 4876 20868 -424 2396 9005 END
START -5832 6152 19472 -3549 125 7182 END
START -4328 5536 18628 -1213 -1049 5728 END
START -4228 4372 17380 -1021 -1077 5460 END
START -3572 4880 17348 -2288 -595 5591 END
START -1800 4252 17172 -906 -1794 5514 END
START -3632 4900 16036 56 -668 5033 END
START -3616 4696 16468 -186 -1867 4717 END
START -3076 5416 16100 44 -1599 4463 END
START -3312 5744 16140 360 -1543 4240 END
START -3424 6396 16220 659 -1697 3798 END
START -3488 6848 16144 787 -1631 3211 END
START -3668 7096 16112 1386 -1423 2510 END
START -3612 7052 16232 1813 -1349 1664 END
START -3504 6964 15692 2251 -1119 889 END
START -3652 6916 15824 2670 -1273 28 END
START -3108 6944 15628 2429 -1645 -785 END
START -2348 6800 15544 2237 -1814 -1589 END
START -1656 6860 15428 1739 -2429 -2214 END
START -880 6884 15228 1672 -2603 -2842 END
START -656 6672 14952 1585 -2805 -3359 END
START -736 6840 15480 1108 -3739 -4120 END
START -132 6660 15316 486 -4277 -5009 END
START 280 5472 15024 -307 -4686 -5375 END
START 660 4616 14768 -419 -4750 -5639 END
START 1576 4216 14368 57 -4499 -5669 END
START 1696 4548 14560 823 -3897 -5807 END
START 1420 3360 13640 1045 -4074 -5978 END
START 840 2568 11644 2843 -3072 -6151 END
START 444 1644 13456 3033 -4906 -6493 END
START 652 3820 13588 2507 -5923 -7094 END
START 948 956 13672 731 -7691 -7447 END
START 2272 3100 13940 1748 -8138 -7626 END
START 3056 1688 16272 2736 -8212 -7747 END
START 1456 1500 16500 935 -8447 -6847 END
START 1964 -468 16408 1754 -7108 -6161 END
START 880 420 17292 950 -5040 -5643 END
START 208 1728 17784 -641 -5494 -5817 END
START 552 -1680 17780 -761 -4509 -6280 END
START 1488 548 19436 1247 -4046 -7025 END
START 1136 -2440 20648 -387 -5636 -6471 END
START 372 -2812 21304 -1473 -7132 -5970 END
START -108 -4112 22096 -1407 -7757 -5519 END
START 264 -4104 23056 -1471 -7620 -4806 END
START 304 -4064 23144 433 -5753 -4655 END
START 688 -3812 24020 1361 -4726 -4424 END
START -352 -4892 23756 2732 -3522 -4140 END
START -1752 -4532 25444 2497 -4643 -3821 END
START -1024 -4644 24600 1025 -3980 -2951 END
START -1508 -5008 23692 -45 -2153 -2130 END
START -1036 -3844 23964 440 -1844 -1558 END
START -880 -3144 24648 1669 -914 -1092 END
START -820 -1732 23888 567 -1826 -1166 END
START -256 -1200 24132 -59 -2500 -1057 END
START 256 -928 23304 251 -1100 -549 END
START 172 -368 22748 531 -711 -64 END
START -364 344 22592 1182 -1189 -61 END
START -372 712 21096 2244 -1412 -481 END
START -200 1200 20808 3145 -806 -885 END
START 60 1736 20188 2540 1094 -1011 END
START 232 2236 19872 831 2362 -1008 END