START -4908 -2296 17348 1617 1342 890 END
START -5728 -3032 14700 647 694 1259 END
START -5076 -2568 16284 1062 629 1299 END
START -4852 -2172 15928 933 896 1264 END
START -5284 -2136 15852 730 747 1341 END
START -5220 -1936 15304 724 1012 1303 END
START -5512 -1640 15100 863 1146 1161 END
START -5524 -1408 14804 912 909 832 END
START -5348 -1640 14480 1256 631 449 END
START -4976 -1792 14360 1671 670 339 END
START -4800 -2160 14548 1593 587 447 END
START -4068 -2068 14344 1445 263 536 END
START -3248 -2200 13436 1087 135 904 END
START -2952 -1980 13172 1030 -84 1361 END
START -3040 -1568 12528 1214 -25 1694 END
START -3236 -1228 12480 1265 -303 1576 END
START -3040 -1248 12276 1517 -73 1283 END
START -3020 -1300 12488 2070 -237 1007 END
START -3720 -1488 13276 2023 -1938 807 END
START -3668 -1688 13576 1573 -6097 291 END
START -3032 -2400 13108 1401 -7859 207 END
START -2000 -3028 10688 3253 -7727 808 END
START -2280 -2348 10776 4586 -6074 2015 END
START -3000 -2196 11864 7257 -6498 2177 END
START -2568 -996 12580 9116 -10037 1580 END
START -1660 -664 12988 10377 -12371 1312 END
START -1188 -436 13556 12845 -13629 1303 END
START -3288 872 17180 6962 -17590 1768 END
START -1532 1680 19668 -21 -1980 3262 END
START -4248 412 16304 590 -5880 1649 END
START -2036 -1012 12512 3494 -4208 1403 END
START -1648 336 12904 5186 -6298 986 END
START 72 76 14164 5177 -7919 849 END
START 364 -28 15668 5278 -8383 1021 END
START 152 -728 16544 4124 -8625 2163 END
START -532 -984 17804 3443 -9014 3423 END
START -1468 -368 18204 2799 -8114 4694 END
START -2000 1256 17556 3149 -8298 4982 END
START -2036 2452 18004 3946 -7883 4424 END
START -1124 3100 19108 4006 -8751 3353 END
START -92 3004 19488 3392 -9445 2423 END
START 596 1996 20236 3055 -9167 1999 END
START 520 548 19972 2928 -8059 2344 END
START -472 -36 19776 3522 -6539 3393 END
START -528 4 19280 4376 -5815 4345 END
START -1228 656 19704 5082 -6902 4826 END
START -1620 2108 20892 5297 -6882 4955 END
START -2112 3228 22888 4662 -8449 4330 END
START -1956 3428 24200 3391 -8544 3607 END
START -2052 3588 24676 2421 -8141 3197 END
START -2324 3552 25404 1934 -7816 2787 END
START -2140 3536 25464 1429 -6880 2612 END
START -2484 3756 25160 1323 -6121 2190 END
START -1948 3820 24996 2126 -5203 1467 END
START -1892 3508 25368 2834 -3561 1195 END
START -1708 3504 25764 2823 -2531 1128 END
START -1384 3484 25992 1970 -2432 1046 END
START -1592 3356 25444 842 -2145 1237 END
START -1768 3556 25016 516 -2059 1254 END
START -1768 3824 24900 431 -1889 952 END
START -2036 4296 25268 -78 -1720 475 END
START -1724 4380 25136 -770 -1481 -138 END
START -1364 3972 25392 -18 -415 -629 END
START -960 3716 26192 488 1465 -706 END
START -884 3504 26376 211 3244 -423 END
START -916 3940 25592 0 4386 -250 END
START -604 4120 24496 -254 5342 -314 END
START -552 4184 23740 155 6237 -469 END
START -664 4140 23056 -95 6558 -522 END
START -928 4020 22104 -399 6668 -774 END
START -996 3720 21240 -687 6588 -1000 END
START -868 3676 20432 -1041 6359 -1118 END
START -528 3312 19884 -1372 5854 -1313 END
START -64 3104 19312 -1843 5448 -1236 END
START 112 3076 18488 -2105 5137 -894 END
START 8 3528 17904 -1353 5153 -501 END
START -800 4212 18416 -1527 4594 -418 END
START -764 5232 18280 -2424 4733 -640 END
START -1740 5828 17772 -2218 5180 -1057 END
START -2940 7380 16592 -1432 5435 -1941 END
START -3296 7476 16280 1567 5949 -3570 END
START -3024 7856 16520 352 5428 -4635 END
START -3268 9276 17548 235 5167 -6436 END
START -2568 8448 17004 -566 4844 -7718 END
START -2588 7872 17272 -983 5056 -8522 END
START -2276 7216 16828 -1139 5466 -8966 END
START -2480 6560 17184 -1680 5627 -9231 END
START -2600 6380 17276 -1936 5417 -9716 END
START -2384 6048 17608 -1970 5468 -10317 END
START -1956 5824 18196 -2655 5671 -10692 END
START -1496 4960 18932 -3575 5449 -11300 END
START -1040 4288 18920 -5053 7037 -11362 END
START -1056 2936 17792 -6715 7416 -11422 END
START -852 1804 16972 -7798 9034 -11179 END
START -1040 80 14956 -6717 9229 -11191 END
START -120 -428 15500 -7795 9856 -10470 END
START -292 -920 16656 -4985 10480 -10806 END
START -396 -2124 15908 -5194 9681 -10292 END
START -496 -2464 15816 -5992 8254 -9468 END
START -68 -3100 13920 -5915 7537 -9008 END
START -220 -3980 13200 -4856 6978 -8336 END
START -356 -4296 13268 -4642 5841 -8001 END
START 48 -4892 12672 -4103 5304 -7516 END
START 72 -5452 12144 -3578 5152 -6937 END
START -216 -5996 12192 -3303 3942 -6131 END
START -268 -5884 12328 -3188 3434 -5037 END
START -792 -5708 11712 -3153 2726 -4438 END
START -760 -5992 11356 -2650 2265 -3861 END
START -756 -6284 11804 -2349 2080 -3176 END
START -624 -6668 11460 -1942 1737 -2278 END
START -792 -6588 11676 -1699 440 -1433 END
START -1048 -6532 12060 -1978 -396 -840 END
START -520 -7024 11436 -1350 -263 -297 END
START -396 -7456 11112 276 893 651 END
START -396 -7520 11324 1341 1029 1431 END
START -576 -7420 11328 1641 682 2026 END
START -516 -7560 11556 1697 -81 2504 END
START 52 -7820 11432 1597 -955 3330 END
START 436 -7792 12180 1421 -1880 4127 END
START 868 -7708 12812 915 -2879 5126 END
START 1028 -7672 13268 551 -3785 6418 END
START 476 -7212 13656 326 -4424 7752 END
START 108 -6688 13908 298 -5131 8641 END
START -12 -6076 14124 1015 -4266 9451 END
START -1036 -5636 15244 1707 -5364 10081 END
START -1076 -4436 16060 2032 -7386 10714 END
START -1788 -2256 16900 2874 -9400 11370 END
START -2972 -2404 17172 5392 -11055 11141 END
START -3148 -320 17392 6507 -11804 10923 END
START -4288 1188 18536 9025 -10800 10615 END
START -5104 2996 19020 10936 -10392 9606 END
START -3712 1892 17664 -817 -9362 9981 END
START -6992 4432 21640 -282 -433 9466 END
START -6048 5604 20364 103 -3835 8164 END
START -7536 6376 22152 -215 -1652 7498 END
START -7520 7152 21224 -647 -1873 6362 END
START -7188 7152 20780 -778 -1549 5641 END
START -7040 7704 20716 -959 -1552 4411 END
START -6800 8140 20660 -1188 -1499 3344 END
START -6280 7952 20012 -1349 -1397 2317 END
START -6312 7516 19416 -1224 -1080 1380 END
START -5608 7024 18896 -934 -1079 262 END
START -5224 6380 18744 -631 -559 -584 END
START -4368 5788 18772 -248 -369 -1131 END
START -3428 5364 18196 133 216 -1266 END
START -2988 5320 17892 97 447 -1119 END
START -2296 5528 16780 26 57 -1202 END
START -2044 5144 15600 347 -12 -1326 END
START -1548 4780 14512 589 -180 -1662 END
START -1320 4936 14348 559 -844 -2106 END
START -460 5336 13264 986 -1115 -2434 END
START 204 5512 13624 1568 -1275 -2496 END
START 300 6736 13108 1006 -1942 -2778 END
START 520 5940 11708 -152 -3311 -3179 END
START 400 6584 11260 721 -3050 -3937 END
START 340 5784 11252 107 -4304 -4098 END
START -316 4840 8096 2090 -4369 -4991 END
START 272 5248 11424 3667 -6816 -5606 END
START 56 3160 10568 2321 -7119 -5320 END
START 592 3736 10680 3757 -6700 -5582 END
START 888 3868 11216 2769 -8019 -5753 END
START 932 3616 11600 3242 -8749 -6118 END
START 368 3672 12544 3653 -9850 -6639 END
START 316 2380 13928 3600 -10870 -7417 END
START 272 1272 15112 3371 -11852 -8390 END
START 1596 -860 16896 2964 -12453 -8930 END
START 2628 -2384 18316 2830 -12308 -8430 END
START 2604 -1008 22576 3230 -12474 -7714 END
START 3596 -5308 20684 4175 -9243 -6435 END
START 1752 -4396 24144 4084 -6983 -5043 END
START 768 -4748 24704 3344 -6911 -4510 END
START -120 -4336 25612 2041 -9332 -4450 END
START 1572 -4836 26668 704 -9764 -4308 END
START 2452 -4884 28148 -200 -8587 -3551 END
START 2736 -5072 28376 -597 -6701 -2286 END
START 2024 -4772 28104 -551 -4038 -752 END
START 1488 -3684 26368 840 -1867 455 END
START 464 -1792 24824 4197 -330 326 END
START -76 -556 23340 1509 -321 898 END
START -336 -308 22048 6877 1161 -866 END
START -592 696 22584 2993 -2347 -583 END
START -1404 304 22664 -213 -2467 -125 END
START -780 656 21024 -1639 191 -697 END
START -900 108 20212 -1762 -887 -1056 END
START -808 32 20200 -1509 -348 -846 END
START -404 188 19736 -841 516 -801 END
START 88 268 19984 602 957 -851 END
START 288 288 20572 946 1334 -638 END
START 660 472 21548 534 1168 -553 END
START 1200 380 22404 -230 1536 -278 END
START 1468 216 22556 -940 2267 129 END