START -5308 -1512 16300 -513 2160 941 END
START -5756 -3684 12020 -1408 1170 1172 END
START -6012 -1272 14640 -752 2386 684 END
START -5388 -1580 13364 299 2528 715 END
START -4992 -1456 13688 537 2810 828 END
START -4744 -1152 12904 449 2634 824 END
START -4520 -1048 12448 223 2261 494 END
START -3900 -1000 12220 -39 1614 349 END
START -3612 -1248 12044 -19 1302 442 END
START -3592 -1620 11832 112 1262 822 END
START -3416 -1568 11684 427 1184 1176 END
START -3708 -1492 11552 720 959 1315 END
START -3132 -912 11664 1040 611 1401 END
START -3504 -376 12152 1238 -759 1536 END
START -3488 -104 11596 1670 -3201 1201 END
START -3216 464 11700 1938 -6627 505 END
START -2904 812 10064 3281 -7862 117 END
START -3748 -1136 9548 4800 -8202 -470 END
START -3248 -1112 9224 6473 -8829 -1136 END
START -2904 -1188 9356 7750 -11437 -1913 END
START -2360 -1576 8476 8771 -14432 -1971 END
START -240 -2804 10796 11014 -15790 -1311 END
START 1616 -1420 13412 7839 -17548 1415 END
START 5672 1776 18628 4878 -7486 3858 END
START -104 -1400 12664 2790 -9707 4120 END
START -880 -1680 13864 2452 -10870 3767 END
START -1296 -1836 12176 -1039 -13939 3919 END
START -640 168 13224 3708 -13598 2564 END
START -112 -132 14524 4563 -13955 2284 END
START 684 2792 16892 4646 -14876 2024 END
START 2108 828 18384 4557 -15033 2293 END
START 2192 856 19268 4868 -14039 3046 END
START 1976 1184 19052 4455 -14323 3924 END
START 1592 1548 18904 4147 -14556 4121 END
START 904 2428 19188 4071 -14669 3847 END
START 168 2780 20020 4652 -14625 3079 END
START 288 2880 21792 5737 -14155 2283 END
START -2816 3308 27156 5504 -15348 2368 END
START 508 2840 23736 4886 -13088 2411 END
START -132 2548 25592 3966 -14658 2086 END
START 420 2412 24996 3533 -13228 1930 END
START 664 2388 24932 3940 -12281 1871 END
START 1084 3132 26132 4832 -10975 2105 END
START 540 3588 27780 5075 -9173 2482 END
START -876 4060 28732 4562 -7756 2794 END
START -2256 4560 29040 4498 -6888 2595 END
START -2640 5640 29452 3460 -5713 1758 END
START -3364 5760 29440 2597 -5107 602 END
START -3064 5740 29396 2318 -5365 -699 END
START -2060 5544 30572 2704 -4040 -1595 END
START -1292 4856 31584 2690 -1339 -1750 END
START -1016 4804 31968 1867 846 -1395 END
START -1504 4728 31256 875 2170 -1429 END
START -920 4712 30568 108 3165 -1720 END
START -640 4724 30028 -700 3892 -2069 END
START 136 4436 29552 -1520 5118 -2535 END
START 748 4136 28748 -2209 6445 -2999 END
START 1116 3664 27628 -2393 8119 -3215 END
START 1368 3264 26456 -2297 9346 -3434 END
START 2096 2768 25740 -2402 10782 -3500 END
START 2136 2144 24452 -2819 12194 -3111 END
START 2104 1992 22796 -2919 12866 -2736 END
START 2204 1860 21760 -2811 13197 -2451 END
START 2228 1880 20808 -3240 13062 -2122 END
START 1996 1856 20204 -3421 12784 -2062 END
START 2512 1408 19040 -3787 12569 -1954 END
START 2484 668 17752 -3676 12699 -1476 END
START 2000 468 16648 -2779 13042 -643 END
START 1724 860 16132 -2663 12573 -118 END
START 1760 1276 14988 -2348 11925 25 END
START 1484 1500 14476 -2172 10974 211 END
START 1596 1628 13952 -2099 10038 434 END
START 1200 1912 14032 -2943 9013 769 END
START 788 2100 14004 -3620 8359 1110 END
START 428 2116 13340 -4251 7877 1355 END
START -116 2484 12892 -5333 7377 1677 END
START -48 2216 11524 -5431 8115 2027 END
START -1072 4040 12416 -5473 8308 2220 END
START -1940 5056 13240 -4024 7547 1727 END
START -2764 4804 14032 -2284 6418 943 END
START -3556 4836 12660 -780 4318 292 END
START -3988 6280 15016 245 2494 -403 END
START -5064 6876 15948 -180 1655 -1318 END
START -5428 7036 16196 -1780 1131 -2577 END
START -5492 7232 16560 -2838 1121 -3775 END
START -5680 6960 16564 -3110 1468 -5084 END
START -5240 5920 17708 -1620 1885 -5659 END
START -5348 6708 16208 -1074 2003 -7222 END
START -4508 5828 17060 -198 3475 -8035 END
START -4540 5500 16900 863 5205 -8695 END
START -4628 5076 17608 1233 5171 -9567 END
START -4008 4272 17612 812 5230 -10291 END
START -3660 3412 18140 -968 5281 -10270 END
START -3360 2772 16948 -1860 5967 -10323 END
START -3292 3228 18060 -4762 5978 -10152 END
START -3284 3168 17728 -5445 5323 -10581 END
START -3016 2196 15220 -5132 5985 -10912 END
START -2712 548 14396 -4302 6326 -10674 END
START -2860 -140 14720 -3920 5341 -10557 END
START -3372 -836 13992 -3540 3821 -10606 END
START -2360 -1284 13432 -2477 2203 -10750 END
START -2860 -1496 15144 -2490 1361 -10956 END
START -1648 -2608 14400 -2454 1771 -10940 END
START -1076 -4136 13564 -2240 2621 -10118 END
START -952 -4256 13220 -2607 3152 -9949 END
START -1036 -5228 14116 -3338 3009 -8781 END
START -1364 -5132 14256 -3804 1300 -7779 END
START -1348 -5656 13724 -3872 -37 -6814 END
START -1556 -5792 13184 -2952 517 -6029 END
START -2116 -5552 14256 -1732 511 -5495 END
START -2272 -5728 14744 -1181 599 -5555 END
START -1756 -6728 14264 -883 1279 -5185 END
START -1628 -7148 13980 -742 1961 -4565 END
START -964 -8500 13568 -1010 1304 -3593 END
START -268 -9492 12720 -1148 186 -2775 END
START 728 -10548 12284 -772 -106 -1458 END
START 1536 -10992 12920 284 -477 552 END
START 1556 -11028 13752 861 -1032 2210 END
START 1484 -10828 14252 1379 -1206 3817 END
START 1096 -10244 14648 1482 -1555 5359 END
START 540 -9592 15120 1366 -1692 6318 END
START 348 -8892 15652 993 -1471 7058 END
START 228 -8776 15164 703 -1340 7706 END
START 512 -8480 14680 789 -1155 8786 END
START 492 -7908 14156 1368 -980 10073 END
START 40 -6920 14436 1852 -1179 11274 END
START -520 -6128 14764 1888 -1829 12256 END
START -1504 -4964 15524 1308 -2790 13180 END
START -2356 -3868 16548 228 -3687 13631 END
START -2992 -3268 16408 -352 -4206 13852 END
START -3704 -1800 16776 355 -5059 14322 END
START -4808 72 17376 1078 -5784 14258 END
START -5292 1580 17940 1718 -6594 13549 END
START -5520 3000 18264 1625 -7058 12735 END
START -6228 4000 18352 1732 -7337 11414 END
START -6324 3812 18420 1700 -7143 10001 END
START -6040 4404 17984 835 -6788 8961 END
START -5900 4880 17984 205 -6557 8206 END
START -5704 5216 18104 132 -5897 7556 END
START -6084 5412 17928 70 -5436 6863 END
START -5628 5464 17700 398 -4939 6454 END
START -6276 5916 17064 1254 -3948 6135 END
START -7032 6756 17000 2147 -3630 4968 END
START -6916 7364 17004 3265 -3488 3570 END
START -5856 7196 16544 4549 -3156 2253 END
START -5596 7356 16464 5195 -3792 1025 END
START -4984 8048 18800 2675 -5023 447 END
START -4484 6948 15872 2582 -5887 -130 END
START -992 8516 10824 -822 -3795 530 END
START -4040 6952 16228 -1098 -3372 -691 END
START -3064 7196 14600 -1050 -4100 -1843 END
START -2720 6108 14984 -652 -4072 -2861 END
START -2304 5912 15152 -405 -4344 -3779 END
START -1680 5616 15140 63 -4053 -4473 END
START -1344 5376 14964 326 -3906 -4889 END
START -1348 4556 14264 843 -3913 -5025 END
START -1628 4252 14380 1352 -4296 -5132 END
START -1168 4496 14168 1744 -5154 -5484 END
START -660 4588 14520 2443 -5446 -5838 END
START -904 5044 15484 2815 -6104 -6259 END
START -704 5336 16168 2305 -7276 -7183 END
START 120 5060 16452 1951 -7320 -7940 END
START 116 4460 16808 1343 -7359 -8179 END
START 212 4232 16416 1656 -7016 -8607 END
START -144 3832 16436 1695 -6977 -9005 END
START -252 3372 16196 2061 -7142 -9513 END
START 52 2588 16140 2705 -7158 -10158 END
START 816 2476 16364 4139 -6474 -10709 END
START 1400 2264 17508 4944 -6348 -10878 END
START 1924 2060 18544 4278 -6724 -10982 END
START 2332 1092 18692 2929 -7088 -10555 END
START 2268 996 18592 1755 -7006 -10061 END
START 1696 -1388 19520 -530 -5878 -9564 END
START 1240 -1512 19060 -3404 -6410 -9627 END
START 2452 -1040 21024 -6083 -6552 -9575 END
START 2924 -3372 18652 -4211 -4846 -9876 END
START 3664 -5336 19444 -2558 -4179 -9553 END
START 3884 -5236 20340 445 -2760 -8565 END
START 3960 -5552 22728 729 -2318 -6902 END
START 3156 -6040 21668 1004 -2658 -5276 END
START 1844 -5816 21368 1006 -4622 -4394 END
START 1464 -5432 21472 865 -5852 -4127 END
START 1456 -5516 21792 1145 -6371 -4100 END
START 1576 -5372 22212 1476 -5760 -3899 END
START 2220 -4944 22852 1436 -4825 -3189 END
START 2256 -4508 23204 1374 -3528 -2347 END
START 2060 -4432 23068 1149 -2592 -1410 END
START 1648 -3932 22920 1198 -1605 -507 END
START 1008 -3444 23080 1225 -1150 -25 END
START 608 -2600 23420 918 -895 147 END
START 760 -2108 23700 -102 -869 140 END
START 868 -1892 24108 -1013 -726 239 END
START 1108 -1780 23952 -1478 -188 432 END
START 1552 -1600 23464 -1612 906 813 END
START 1984 -1276 22688 -1499 2242 1520 END
START 1896 -920 21932 -1152 3314 2246 END
START 1484 -288 21320 -872 3810 2615 END
START 1284 168 20712 -716 3904 2601 END