START -3328 -3152 15232 3660 312 788 END
START -5056 -5112 12384 2665 -1083 1003 END
START -5512 -4700 13476 3625 649 695 END
START -2404 -3312 11504 4407 1034 1380 END
START -2440 -2640 12496 4683 2031 1939 END
START -2356 -2000 12284 4514 2139 2014 END
START -2376 -1536 12652 3574 1240 1914 END
START -2600 -728 12824 2205 -552 1700 END
START -2840 -480 12872 1679 -6119 918 END
START -2644 -512 11800 1814 -9010 289 END
START -2924 -412 11412 2950 -9309 -532 END
START -3564 -2352 11136 2875 -10464 -1084 END
START -3400 -2000 11816 4269 -10276 -1879 END
START -3016 -2428 11740 5692 -10567 -2331 END
START -2228 -2928 12408 7700 -11971 -2447 END
START -424 -2840 12560 9350 -12964 -1509 END
START 5160 -5732 30728 1789 -12044 2204 END
START -6488 -4180 -6296 6466 -18510 1015 END
START -264 248 15724 -500 -8863 2689 END
START -1488 -2292 13180 -834 -11932 1928 END
START -460 -708 13076 -1210 -10741 1886 END
START 12 -1240 11584 2443 -9483 1460 END
START 1252 -416 13308 2948 -10912 2010 END
START 840 -296 14968 4983 -10121 2810 END
START 124 1044 17072 3698 -11118 3440 END
START -1336 2176 18028 2169 -11962 2846 END
START -904 1448 18504 564 -14457 1831 END
START 68 976 18248 601 -14729 852 END
START 948 640 18576 1455 -13955 494 END
START 1588 384 19428 3640 -13098 299 END
START 1860 132 19928 4631 -11641 799 END
START 1492 -144 20944 4862 -10844 1712 END
START 1168 -364 20984 4408 -12977 2564 END
START 376 652 21700 4333 -14375 2742 END
START -256 1220 23380 4650 -13677 2227 END
START -584 1772 24872 5262 -13525 1218 END
START -112 1956 25528 5737 -11676 349 END
START 580 1808 26288 5999 -11043 -72 END
START 996 1844 27220 5695 -10092 240 END
START 780 1780 27568 5010 -9245 709 END
START 192 1816 27888 4594 -8745 986 END
START -316 2172 28436 4623 -7256 1226 END
START -904 2960 28696 4943 -5767 1212 END
START -1560 3952 29444 5124 -4246 601 END
START -1724 4484 29564 4682 -3121 -357 END
START -1576 4360 29884 3912 -2119 -1199 END
START -1084 4136 30016 2916 -1166 -1676 END
START -660 3972 29596 2002 -131 -1744 END
START -396 3540 29684 1320 809 -1996 END
START 132 3400 29076 637 2248 -2036 END
START 184 3524 28780 315 3574 -2289 END
START 656 3256 28104 77 4638 -2646 END
START 892 2820 27624 -283 5551 -2855 END
START 1108 2404 26800 -339 6276 -3102 END
START 1848 1920 26000 -229 7170 -3021 END
START 1584 1772 26004 -248 8106 -2615 END
START 1572 1748 25652 -640 9173 -2338 END
START 1464 2072 25008 -1262 9954 -2244 END
START 1368 2256 23964 -1665 10607 -2464 END
START 1664 1996 22700 -2100 11069 -2622 END
START 1832 1908 21780 -1734 11380 -2718 END
START 2136 1436 20628 -2224 11302 -2584 END
START 2596 944 20128 -1510 11324 -2442 END
START 2536 484 19624 -1412 11831 -1811 END
START 2660 376 19232 -1436 12643 -1164 END
START 2620 364 18272 -1867 12778 -338 END
START 2224 568 16888 -2443 12956 338 END
START 2116 920 15428 -2902 12814 835 END
START 1452 1404 14532 -3100 13257 1039 END
START 800 1276 13496 -3734 12450 1243 END
START 472 1944 13668 -4039 12203 1338 END
START -24 1340 11852 -3601 11683 1224 END
START -612 1700 11792 -3624 9983 1095 END
START -712 1764 10772 -3423 7236 798 END
START -1008 1828 13808 -2992 5821 555 END
START -884 2580 13996 -3157 5044 465 END
START -1168 1392 13396 -2783 5994 766 END
START -1480 2376 13300 -914 7615 803 END
START -2380 3880 13232 -836 7561 280 END
START -2900 4020 13296 539 8127 -493 END
START -3032 5140 14316 1062 6868 -1241 END
START -3388 5160 15204 1827 5713 -1982 END
START -3920 5504 15996 2364 4366 -2730 END
START -4288 5584 16280 1759 3871 -3214 END
START -4908 6032 17204 389 2767 -4021 END
START -5272 6032 17256 -1309 2499 -5173 END
START -4852 6236 17296 -2297 2311 -6536 END
START -4508 5652 16880 -1985 3333 -7785 END
START -4452 5188 17592 -1953 5043 -8271 END
START -4728 5364 17632 -1988 6008 -8739 END
START -4544 4864 16876 -1335 5863 -9508 END
START -4660 4624 16732 -1453 5910 -10150 END
START -4812 3916 16060 -1607 6470 -10739 END
START -4880 2984 16312 -2019 6188 -11455 END
START -4320 2328 16312 -2928 5846 -11924 END
START -3976 1500 16120 -3993 4834 -12088 END
START -3972 308 14576 -4265 3679 -12253 END
START -3420 -620 12640 -4118 3781 -12432 END
START -3396 -1920 12484 -3904 3483 -12527 END
START -3028 -3540 12860 -3073 3218 -12412 END
START -2236 -4976 12588 -1955 2805 -11686 END
START -1604 -6648 12040 -1010 2592 -10510 END
START -1152 -7212 11400 -751 2084 -9530 END
START -1208 -8092 11740 -489 521 -8100 END
START -916 -8488 12156 -413 -757 -6839 END
START -372 -9088 12592 -138 -1468 -5504 END
START -188 -9552 13288 121 -1514 -4116 END
START -276 -9628 13708 61 -1083 -3006 END
START -236 -10164 13760 69 -1468 -2460 END
START 200 -10836 13664 67 -1497 -1796 END
START 404 -11508 13836 374 -1372 -551 END
START 728 -11872 13836 1117 -659 993 END
START 1100 -11808 13944 1754 -260 2891 END
START 532 -11260 14452 1940 -839 4963 END
START -84 -10308 14864 1612 -1570 6368 END
START -692 -9436 15564 1001 -2040 7560 END
START -1160 -8288 16188 428 -2432 8582 END
START -1264 -7332 16100 5 -2079 9436 END
START -1864 -6544 16108 -59 -1833 10231 END
START -2356 -5548 16360 -138 -2125 10912 END
START -2388 -4916 16404 -478 -2214 11271 END
START -2532 -4180 16328 -651 -2073 11913 END
START -2684 -3440 16216 -455 -2077 12433 END
START -3100 -2176 16484 -170 -2012 13001 END
START -4296 -628 17412 -201 -3846 13139 END
START -4868 360 17216 -125 -5588 12592 END
START -5348 1500 17368 -28 -5268 12174 END
START -5592 1968 17508 147 -4950 11588 END
START -5704 2628 17704 -163 -5226 10802 END
START -5268 3008 17328 -687 -4490 10182 END
START -5136 3920 16728 -396 -3398 9756 END
START -5800 4488 17748 -265 -3086 9258 END
START -6144 5144 18080 -711 -3846 8466 END
START -5920 5216 17812 -843 -4703 7827 END
START -5700 5672 17460 -888 -4667 7406 END
START -5780 6232 17236 -395 -4444 6942 END
START -6052 6784 17108 232 -3810 6197 END
START -6124 7300 17316 932 -3160 5295 END
START -5892 7352 16544 1645 -2817 4229 END
START -6024 7776 16228 2485 -2716 2986 END
START -5824 7436 15732 3421 -2733 1769 END
START -5468 7592 15596 3899 -4080 534 END
START -5312 7592 15664 4433 -5734 -782 END
START -4416 6944 15008 4763 -7399 -1889 END
START -3732 6936 15512 4860 -7795 -2718 END
START -3356 5920 15000 740 -8231 -2927 END
START -1860 6992 12888 2455 -4868 -3807 END
START -2208 6408 14372 2489 -4332 -4406 END
START -1996 6072 14292 3128 -3159 -4795 END
START -1824 4756 10604 3218 -3948 -4881 END
START -2132 6396 14680 2506 -2411 -5398 END
START -1724 6944 14108 1518 -3719 -5816 END
START -1668 7008 13680 858 -4997 -6492 END
START -1700 6956 13972 388 -6416 -7534 END
START -1804 6564 14336 -253 -7368 -8832 END
START -948 5824 14420 110 -7941 -10453 END
START 192 5244 14992 594 -7146 -11337 END
START 1124 5040 15668 1371 -6641 -11757 END
START 956 36 17064 2646 -6692 -11567 END
START 2664 4420 15764 2145 -5761 -10993 END
START 1764 3384 15516 2022 -6936 -10783 END
START 1408 2608 15496 1799 -7328 -10711 END
START 1088 724 15232 1953 -8070 -11002 END
START 1388 1168 15460 1223 -7937 -11216 END
START 2424 -308 16464 523 -8805 -11685 END
START 2964 -748 17488 -823 -8149 -11251 END
START 3328 -692 17632 -915 -7563 -11058 END
START 3104 -1140 18612 -1275 -5782 -10529 END
START 2244 -2520 18784 -2999 -6947 -9805 END
START 2296 -3188 20096 -2864 -4566 -9095 END
START 1704 -4808 18660 -1029 -4375 -9323 END
START 1664 -5476 21400 2595 -5846 -9775 END
START 2616 -5156 23464 1977 -6400 -9118 END
START 2740 -5288 25048 1997 -7189 -8267 END
START 2896 -6244 24644 1543 -7093 -7324 END
START 2484 -6660 24548 593 -6100 -5704 END
START 1528 -6764 24688 544 -6045 -4546 END
START 1300 -6620 24724 340 -4813 -3572 END
START 636 -6296 24752 527 -3351 -2766 END
START 360 -5540 25008 291 -2330 -2106 END
START 316 -4872 24936 96 -2457 -1780 END
START 248 -4484 24676 -408 -2734 -1468 END
START 232 -4220 24580 -842 -2148 -1215 END
START 436 -4092 23952 -903 -1246 -740 END
START 552 -3832 23928 -930 -99 -120 END
START 332 -3600 23448 -1114 1047 450 END
START 480 -3332 22464 -1175 1987 906 END