START -4284 -2432 18920 1385 2233 133 END
START -6048 -4172 17288 440 1269 518 END
START -2864 72 15180 659 2427 851 END
START -3576 -1808 14808 1516 3156 1046 END
START -3828 -1636 14592 1878 3509 1550 END
START -4344 -1632 14080 1678 2519 1473 END
START -4056 -1760 13464 1395 1599 1293 END
START -4008 -2008 12700 1236 1385 1219 END
START -3956 -2296 12292 1384 1164 802 END
START -3792 -2628 12012 1727 1251 439 END
START -3360 -2808 11832 1998 1142 415 END
START -2608 -2904 11652 2022 754 703 END
START -2080 -2268 11836 1860 175 1115 END
START -2212 -1600 12720 1076 -875 1276 END
START -2660 -1164 13420 -206 -3815 1055 END
START -2384 -1116 12620 -244 -6860 803 END
START -1640 -1068 10664 751 -8752 445 END
START -1348 -1260 9016 2561 -8382 357 END
START -1364 -2240 8452 4094 -7489 430 END
START -1588 -2564 9048 5875 -7277 424 END
START -928 -2496 9408 8161 -7662 663 END
START -756 -2376 11376 11180 -11037 784 END
START -844 -212 9756 14018 -14924 454 END
START 5208 -1584 32767 11846 -15544 1534 END
START 5936 10184 1360 -464 -5048 3590 END
START -492 -1888 12396 -2837 -7516 3451 END
START -1076 -804 15328 2243 -7495 1574 END
START 660 368 14252 1984 -9936 1550 END
START 88 136 14768 3208 -9395 1908 END
START -492 652 15268 3040 -11360 2318 END
START -460 180 16076 2964 -12361 2469 END
START 128 820 17492 3305 -13039 2504 END
START 1192 1344 19696 3754 -12817 2391 END
START 2156 1436 21012 3074 -13197 2468 END
START 3252 1592 21324 3096 -12424 2657 END
START 2300 832 21020 2637 -11223 3226 END
START 1864 780 20024 2994 -10432 3549 END
START 856 792 20260 4338 -11282 3241 END
START 1392 1052 20660 5984 -10936 3381 END
START 1824 2040 23784 6756 -11434 4004 END
START 1596 2904 26272 5862 -11124 4769 END
START 1532 3620 26724 3646 -11190 5251 END
START 976 3708 26244 1953 -11390 5265 END
START 192 3748 25652 1504 -10659 4746 END
START 376 3060 25436 2094 -10237 3478 END
START 704 2244 25444 3222 -8215 2898 END
START 860 1532 26000 4418 -7358 3344 END
START 380 2220 26556 5117 -5435 4518 END
START -1016 3496 27744 4583 -5003 5356 END
START -2032 4716 27576 3724 -4238 5467 END
START -3320 6308 27212 3204 -3687 4648 END
START -3648 7396 27736 3021 -3601 2640 END
START -3128 7424 28468 2679 -2612 889 END
START -2792 7068 29180 2306 -1298 -445 END
START -2268 6356 29372 1882 -169 -1135 END
START -1436 5992 29704 1125 1868 -1267 END
START -1276 5604 29004 677 3730 -1441 END
START -480 5380 27812 835 5578 -1804 END
START -456 5380 27572 670 6735 -2233 END
START 292 5040 27024 -25 7035 -2783 END
START 920 4468 26432 -783 7467 -3046 END
START 1012 3972 25448 -1349 7766 -3015 END
START 748 4004 24720 -1816 8231 -3079 END
START 532 4116 24272 -2129 8545 -3441 END
START 1248 3768 23220 -2471 9142 -3647 END
START 1404 3180 22600 -1645 10371 -3810 END
START 1876 3124 22160 -1848 10890 -3734 END
START 1948 2588 21112 -2089 11576 -3445 END
START 1828 2452 20332 -2180 11676 -2995 END
START 1628 2212 19336 -2490 11921 -2742 END
START 1460 1764 18268 -2519 12171 -2508 END
START 1188 1632 17360 -1666 12386 -2272 END
START 1000 2044 16856 -2027 11659 -2260 END
START 1352 2088 16104 -2073 10882 -2498 END
START 1188 1860 15084 -2293 9807 -2371 END
START 1240 1836 14836 -1796 9137 -2334 END
START 1204 1476 14460 -1952 8914 -2104 END
START 1588 1436 13244 -2931 9673 -1415 END
START 1032 984 13036 -3577 10615 -549 END
START 372 1292 12072 -4257 10266 -115 END
START 596 584 11836 -4212 11380 531 END
START 356 2460 11032 -3402 10548 713 END
START -892 1968 12608 -2115 8894 193 END
START -740 2808 11260 -1390 6105 -615 END
START -580 1752 11572 -800 4618 -956 END
START -1100 2260 11592 -454 3301 -897 END
START -1236 1648 11440 -638 2243 -500 END
START -1784 2180 10760 68 2391 10 END
START -3076 2448 11812 1017 1674 350 END
START -4256 4392 13704 1083 223 354 END
START -4864 5340 14992 754 -317 -75 END
START -5672 6720 15920 278 -14 -793 END
START -5944 7568 17792 909 340 -2125 END
START -5976 8668 17320 249 715 -3712 END
START -6032 7992 17488 -115 1634 -5157 END
START -6488 7688 18424 507 1496 -6567 END
START -5928 7076 18564 1005 1369 -7702 END
START -6152 6464 19400 1035 1693 -8519 END
START -5904 5996 20164 394 1817 -9234 END
START -5156 5388 19924 -792 1795 -9823 END
START -4808 4372 19564 -1007 1886 -10214 END
START -4468 3720 20056 -1043 1703 -10647 END
START -4052 2892 20576 -1608 2076 -10845 END
START -4088 2096 20152 -2341 3083 -10788 END
START -3640 1568 19108 -2617 4732 -10571 END
START -3840 1232 19012 -2379 5854 -10498 END
START -3788 1360 18348 -3107 6287 -10549 END
START -3496 864 16892 -3486 4974 -10824 END
START -3468 736 17280 -4376 4454 -10864 END
START -3428 -96 16792 -4809 3320 -11005 END
START -3228 -1088 15532 -4766 3568 -10924 END
START -3468 -1228 16064 -5183 4061 -10537 END
START -3000 -2560 14972 -5033 3526 -10360 END
START -2776 -2472 13912 -4789 5177 -10050 END
START -2972 -3144 13516 -4257 5696 -9774 END
START -3064 -3488 14436 -4011 4241 -9497 END
START -3028 -3564 14672 -3701 2666 -9289 END
START -2332 -4744 12708 -3538 937 -8661 END
START -1936 -5336 12720 -3475 879 -8033 END
START -1468 -6248 12784 -3021 1011 -7335 END
START -900 -7004 11888 -2651 1244 -6548 END
START -712 -8168 11540 -2008 560 -5483 END
START -600 -8584 11740 -1404 138 -4509 END
START -452 -9072 11452 -617 519 -3528 END
START -248 -9188 11416 -93 204 -2660 END
START 140 -9892 11516 630 -630 -1733 END
START 496 -9948 11696 1219 -1396 -651 END
START 44 -10116 12440 1360 -1929 405 END
START 216 -10268 12960 1296 -2384 1212 END
START 564 -10752 13412 1559 -2008 2266 END
START 708 -10920 13628 1860 -2086 3589 END
START 824 -10740 13300 2132 -1934 5222 END
START 484 -10044 13860 2284 -2406 6697 END
START -304 -9216 15028 1849 -3452 7839 END
START -628 -8288 16040 1025 -4200 8641 END
START -912 -7624 17048 33 -4972 9356 END
START -1080 -7176 17044 -417 -4737 10156 END
START -1560 -6216 17264 -142 -3490 11065 END
START -2424 -5280 18088 12 -3663 11899 END
START -3028 -4352 18120 61 -5487 12568 END
START -3520 -3096 18680 341 -7180 13062 END
START -3548 -1320 17628 988 -7279 13036 END
START -4372 -676 17896 2707 -6819 12472 END
START -4836 456 17840 3302 -7839 11886 END
START -5256 1696 18676 3845 -8311 11225 END
START -5456 2620 18260 4297 -8284 10557 END
START -5652 3608 18600 4622 -7611 10019 END
START -5368 4152 17684 5802 -5856 9166 END
START -5728 4464 20144 -1180 -7829 9550 END
START -4588 4928 17304 749 -4858 8631 END
START -4920 5960 19576 -1883 -428 8644 END
START -4836 4440 16876 204 -464 8019 END
START -4396 4744 16336 42 -1417 7738 END
START -5172 5732 15964 33 -1576 7539 END
START -5312 6864 16144 390 -2634 6744 END
START -5368 7124 17072 -103 -3504 6071 END
START -5700 8308 17064 -593 -3638 5087 END
START -5876 8184 16716 700 -3551 3488 END
START -5684 7368 11036 3699 -6852 1981 END
START -4612 8452 16764 2370 -2371 1221 END
START -4252 7964 15688 2877 -1937 144 END
START -3628 7812 15528 3036 -1644 -526 END
START -3260 8036 14968 3058 -1248 -1159 END
START -2952 8040 14480 2537 -2014 -1902 END
START -2692 7696 13856 1169 -4422 -2956 END
START -1892 7328 13556 295 -5246 -3691 END
START -1488 6608 13532 29 -6120 -4457 END
START -1004 5848 13348 371 -6004 -5163 END
START -380 5060 12936 1514 -5728 -5687 END
START 328 4364 12796 2166 -5925 -6034 END
START 1076 3912 12632 2525 -6372 -6111 END
START 1160 2308 12816 1711 -7608 -5828 END
START 1084 4204 13836 1248 -9246 -5896 END
START 768 2572 13616 731 -10544 -6093 END
START 1324 4768 16292 1331 -11034 -7108 END
START 1920 2008 15036 2233 -11040 -8016 END
START 3144 828 16680 3487 -10632 -8334 END
START 3788 768 17444 3084 -9526 -7863 END
START 3548 -280 18864 2194 -9380 -7159 END
START 3344 -2068 19032 3161 -7282 -6510 END
START 2728 -2228 18996 2749 -7761 -5492 END
START 2248 -2412 19004 2744 -7896 -4779 END
START 1776 -2140 20320 2792 -8663 -4424 END
START 1420 -1384 22136 1802 -9578 -4503 END
START 1284 -1876 23144 970 -9449 -5307 END
START 1908 -2900 22828 1170 -9264 -5235 END
START 2708 -4440 23668 1466 -7531 -4423 END
START 2816 -3616 24792 2090 -5763 -3452 END
START 2840 -3424 24812 1673 -3956 -1866 END
START 1112 -2680 24400 1465 -2620 -727 END
START 8 -2768 20236 3893 -2999 -985 END
START 724 -1628 30108 1102 -4221 -910 END
START 2448 -996 20452 1654 -281 -1235 END
START -408 -760 23800 1040 -3536 -1409 END
START 316 -36 24180 12 -2848 -1285 END
START 104 -332 24024 -1141 -2441 -1129 END
START 72 -348 24220 -1459 -1846 -1227 END
START 592 -276 23564 -831 -439 -1331 END
START 896 -484 23516 -545 602 -1178 END
START 1272 -500 23544 -6 1762 -920 END