START -4976 -2032 16724 -261 794 1448 END
START -5336 -2692 16204 -964 199 1727 END
START -6132 -1988 15996 -594 38 1476 END
START -4760 -1592 14724 -141 375 1333 END
START -5300 -1680 14708 713 503 1289 END
START -5564 -1736 14800 1477 742 905 END
START -5392 -1692 15136 1618 934 580 END
START -5192 -1880 15052 1336 893 445 END
START -4244 -1508 14564 813 1057 575 END
START -4496 -1604 15136 225 446 693 END
START -4408 -1544 15028 -339 464 722 END
START -4332 -1480 14712 -446 218 493 END
START -3768 -1584 14436 -330 -22 410 END
START -3632 -1804 13900 -263 248 464 END
START -3232 -2028 13248 -159 284 293 END
START -3040 -2252 12340 430 419 168 END
START -2936 -2092 12024 1269 410 227 END
START -2928 -1860 12464 1780 101 127 END
START -3316 -2152 12604 2273 -2747 -121 END
START -2788 -1896 12416 2655 -4942 -74 END
START -2376 -1748 12540 3588 -6455 -190 END
START -2256 -3652 11788 3722 -6705 -4 END
START -1724 -2992 11260 5324 -8039 -143 END
START -1536 -2340 11920 6195 -8680 223 END
START -988 -1128 11656 8342 -9492 389 END
START -1444 -1228 12588 10082 -11240 918 END
START 2620 -3084 32767 4887 -9856 2967 END
START -2244 5668 12948 6400 -15425 1063 END
START -3132 2708 13952 -2027 -7568 439 END
START -2228 1496 14684 -350 -11383 -1997 END
START 440 -92 15364 -2264 -8749 -2350 END
START 2072 -1648 13108 236 -7318 -1879 END
START 2412 -1896 14048 4096 -4845 -481 END
START 608 -2456 15524 3986 -5356 1746 END
START -932 68 15672 3229 -6168 2819 END
START -2716 528 15912 2458 -7983 2308 END
START -2396 1872 16012 1153 -9809 1331 END
START -1876 3068 17036 429 -11360 -694 END
START 960 2084 18228 91 -12114 -2437 END
START 4100 344 18112 -1002 -12346 -2456 END
START 5172 -3540 17816 1887 -9344 -1019 END
START 3704 -4836 18588 5491 -7753 1843 END
START 2144 -2156 19104 5915 -6411 4278 END
START 1328 -724 20024 5827 -6591 6529 END
START -24 2200 22388 4943 -8203 6848 END
START -244 4416 23100 3717 -8750 5400 END
START 504 3840 23024 3394 -9230 3308 END
START 12 3040 23572 3316 -10101 1987 END
START 1616 1268 21472 4295 -7427 1932 END
START 720 588 21808 5120 -7892 2570 END
START -72 908 22212 5376 -7096 3604 END
START -784 2160 22948 5142 -7481 4151 END
START -1260 3420 24236 4088 -7735 3909 END
START -1060 3752 23860 3181 -7434 3199 END
START -1080 3684 23696 3024 -6930 2660 END
START -1296 3368 23748 2959 -6487 1943 END
START -1748 2672 23896 2612 -5969 1356 END
START -1524 2216 23780 2961 -5670 1186 END
START -968 1932 24700 3779 -4919 1411 END
START -308 2472 24952 4199 -3421 1951 END
START -252 2948 25440 4098 -2893 2275 END
START -912 3356 25740 3574 -2362 2289 END
START -1576 3968 26052 2915 -2006 1793 END
START -1612 4108 27884 1902 -1827 900 END
START -1444 3452 29280 1087 -152 311 END
START -1880 3940 26044 1644 261 -1124 END
START -1064 4096 27040 -62 -443 -1879 END
START -768 3312 27440 -1118 -102 -2098 END
START -260 2920 27028 -1266 877 -1873 END
START -276 3128 27668 -1095 2242 -1877 END
START -204 3404 27888 -1418 3409 -2276 END
START 720 3392 27804 -1992 4587 -2607 END
START 840 2964 26932 -2470 6104 -2883 END
START 1532 2448 25668 -2263 7717 -2879 END
START 1444 2056 24128 -1671 9192 -2675 END
START 1540 2184 23212 -1041 10244 -2606 END
START 1824 2332 22472 -1210 10482 -2609 END
START 1976 2296 21824 -1949 10494 -2416 END
START 1992 2224 20364 -2832 10204 -2099 END
START 1840 1292 18668 -2264 10370 -1940 END
START 2252 1136 17920 -1638 10125 -1570 END
START 2124 1064 17064 -1433 10029 -1034 END
START 2116 1396 16556 -2348 9149 -693 END
START 1992 1236 15584 -2800 8658 -747 END
START 1964 780 14432 -2661 9141 -719 END
START 1636 648 13932 -2911 9617 -565 END
START 1648 320 13196 -3486 9940 -397 END
START 1452 404 12600 -4186 10606 362 END
START 1020 -952 10916 -3742 10864 1056 END
START 440 564 10992 -3443 8781 1632 END
START 40 476 11820 -2136 6415 1537 END
START -748 1520 12232 -1459 4107 1241 END
START -1076 2112 12460 -1249 2634 804 END
START -1160 2176 13012 -1546 2296 450 END
START -1332 2516 13652 -842 2143 185 END
START -1632 3128 14560 -780 1895 480 END
START -2364 4160 15816 -630 2291 446 END
START -3084 5364 16232 -1107 3197 205 END
START -4148 6164 16764 -1091 3835 -726 END
START -4748 6200 16804 1 4943 -2360 END
START -4856 7012 17360 658 3774 -3947 END
START -4660 6516 18620 850 3403 -5290 END
START -4300 6180 18432 393 3791 -6267 END
START -4072 5396 18504 224 4179 -6888 END
START -3680 5140 18864 -518 4083 -7144 END
START -3660 4600 18644 -1449 3729 -7328 END
START -3596 4224 18000 -1909 3352 -7665 END
START -3252 4232 18056 -2799 4083 -7942 END
START -3100 568 15500 -1837 5688 -8637 END
START -3272 2212 18760 -4029 3994 -8728 END
START -2120 2928 20644 -4508 5579 -8828 END
START -2364 712 17904 -3019 6304 -8898 END
START -2436 484 17724 -3505 5483 -8549 END
START -2752 4 17076 -3852 6037 -8155 END
START -2596 -32 15976 -3740 6658 -7722 END
START -3208 100 15404 -3287 6035 -7563 END
START -3444 900 15784 -3430 4851 -7939 END
START -3308 444 14956 -2902 3813 -8512 END
START -2956 -748 14740 -2746 3445 -8850 END
START -3052 -944 14576 -2980 4721 -8843 END
START -3572 -1688 14824 -3732 5364 -8793 END
START -3312 -2636 14028 -3886 3964 -8368 END
START -3616 -2284 14820 -4130 3588 -8033 END
START -3552 -2376 14300 -3799 2885 -8184 END
START -2800 -3812 13560 -2889 3697 -8256 END
START -2508 -3820 14040 -2477 4634 -8207 END
START -2144 -5076 13288 -2420 3696 -7857 END
START -1112 -6256 12556 -1811 1510 -7116 END
START -1144 -7516 13532 -1532 1394 -6195 END
START -980 -8756 13000 -540 764 -4781 END
START -248 -9524 12472 119 1097 -3693 END
START -128 -10080 12280 608 1037 -2586 END
START 108 -10428 12380 622 906 -1525 END
START 124 -10668 11744 951 402 -272 END
START 204 -10624 12332 1585 -380 862 END
START 240 -10376 13100 2166 -651 2114 END
START 124 -9968 13404 2470 -679 3113 END
START -4 -9760 13696 2983 -777 3939 END
START -260 -9476 14072 3529 -797 4566 END
START -344 -9440 14772 3363 -1621 5289 END
START 532 -9668 13860 3496 -1100 6458 END
START 268 -9088 14108 3375 -1453 8056 END
START -612 -7868 15096 2515 -2456 9483 END
START -1588 -6128 15756 1420 -2735 10512 END
START -2352 -4644 16228 686 -3454 11117 END
START -2972 -3268 15508 990 -4365 11144 END
START -3240 -1972 15820 1973 -5472 10688 END
START -3496 -1404 16628 2644 -7066 10288 END
START -3680 -840 16788 3770 -8299 9691 END
START -3736 -772 17836 4622 -9130 9428 END
START -3732 -100 17840 4797 -9143 9768 END
START -3780 1488 17412 5890 -8629 9875 END
START -4508 2532 17580 7179 -7855 9418 END
START -4768 3160 18320 7732 -8346 9187 END
START -5916 5744 20908 -915 -6574 9790 END
START -4144 3640 17584 3252 -6373 9221 END
START -5364 6744 20596 -2221 -2035 9437 END
START -5264 5344 19492 -855 -3737 8308 END
START -4884 6060 18220 -1351 -3297 7835 END
START -5264 6736 18796 -1211 -3762 7009 END
START -4948 7232 18792 -1634 -3632 6165 END
START -5412 7888 18860 -1230 -2832 5260 END
START -5572 8232 18608 -343 -2340 4224 END
START -6680 8268 17040 1785 -3493 2373 END
START -5540 9456 18952 -633 45 1917 END
START -4784 9800 18336 -46 -651 323 END
START -5028 7400 16340 563 147 -747 END
START -3396 8400 15240 -330 -1251 -1796 END
START -2804 8012 15016 12 -1475 -2330 END
START -2348 6316 14560 -603 -2478 -2685 END
START -2100 6988 14428 -1075 -3168 -3150 END
START -1796 6168 14400 -1525 -4583 -3776 END
START -1496 5116 14560 -647 -4228 -4441 END
START -528 4696 13808 512 -4105 -4753 END
START -124 3588 14760 656 -4473 -4909 END
START 696 2612 12436 534 -4036 -5001 END
START 1096 2000 13484 1034 -5077 -5100 END
START 2116 3220 12140 2574 -4871 -5118 END
START 1996 1836 13936 2270 -5700 -4820 END
START 1864 1128 12788 2570 -6244 -4691 END
START 1520 212 13276 3216 -6565 -4125 END
START 1100 720 13972 3140 -7604 -4030 END
START 1588 884 13672 3101 -8304 -4137 END
START 1804 1840 14932 3477 -9234 -4368 END
START 2364 1884 15996 3680 -9491 -4917 END
START 2300 1084 16636 4273 -8927 -4796 END
START 2272 812 19680 3578 -8339 -4418 END
START 1160 2340 19008 3124 -9577 -4704 END
START 284 164 18416 3758 -6769 -4384 END
START 388 748 18860 3469 -8532 -4608 END
START 1300 928 19428 2769 -9092 -4882 END
START 1840 176 20268 2101 -10104 -5280 END
START 2560 -472 20520 1693 -9154 -4765 END
START 1660 -1152 21236 174 -8085 -3865 END
START 1040 -1428 21392 -1184 -7255 -3449 END
START 840 -1516 21008 -2085 -5862 -3030 END
START 1712 -1816 19156 3368 -7081 -4275 END
START 216 -1880 24108 6969 -7168 -4703 END
START 1416 -1512 23912 9720 -9855 -4813 END
START 1684 -3076 19288 2237 -9550 -2389 END
START 1452 -84 25244 -401 -4769 -1519 END
START -780 -1220 25284 1731 -5612 -2502 END
START 532 -200 25112 -1909 -4099 -1317 END
START -168 -1364 24452 1223 -2860 -1725 END
START 1064 1536 26648 1672 -1210 -1667 END
START 1048 736 26984 226 -624 -1258 END
START 1240 2088 26184 -21 137 -1217 END
START 932 1456 25092 329 1501 -1039 END
START 828 1548 23200 -1170 3266 -753 END
START 676 1444 21968 670 4185 -1259 END
START 1776 3060 22864 -2201 3439 -726 END
START 1344 2432 21944 -1553 4555 -379 END
START 1596 492 19844 -1968 5022 101 END
START 1816 4148 19312 -1348 5442 52 END