START -5372 -2516 15692 439 1646 564 END
START -7048 -4272 16380 -335 872 1057 END
START -4564 -712 15288 -95 823 1271 END
START -5428 -1900 14544 -84 1213 1475 END
START -5548 -1508 14440 -63 895 1473 END
START -5608 -1464 14144 206 697 1102 END
START -5176 -1404 13856 683 943 693 END
START -4608 -1444 13628 1054 1359 465 END
START -4512 -1724 13564 1122 1746 333 END
START -3972 -2064 13060 1049 1673 99 END
START -3248 -2064 12064 987 1404 174 END
START -2556 -2084 11584 1218 726 205 END
START -1928 -1872 11492 1444 180 596 END
START -2224 -1400 11656 1258 -173 1139 END
START -2640 -1060 11604 815 -1022 993 END
START -2776 -752 11888 298 -2689 872 END
START -2456 -288 10096 984 -5742 595 END
START -2320 -560 9712 2119 -7415 25 END
START -2316 -384 9608 4067 -8807 -677 END
START -2060 -1704 9956 6220 -9087 -1331 END
START -1928 -2376 11452 6974 -9913 -1244 END
START -2308 -2792 12856 8414 -12144 -1081 END
START -1636 -2680 13576 9243 -14498 -601 END
START -1544 -2360 12500 11040 -15423 -123 END
START -2412 -2808 5140 5983 -17984 1783 END
START -144 -1336 15244 3218 -4828 2639 END
START 88 -904 13792 3630 -8199 2485 END
START -1376 -308 15412 2890 -7153 3463 END
START -2168 -36 14776 2213 -8781 3447 END
START -2432 1036 14644 2103 -10299 2894 END
START -2204 1064 16192 2468 -10875 2012 END
START -1300 1744 17556 3054 -11070 1283 END
START 8 1268 18760 3718 -10964 1410 END
START 280 1028 19884 3686 -10413 1946 END
START -532 776 20020 2980 -9965 2504 END
START -1184 668 19368 2576 -10175 2540 END
START -1416 720 18860 3218 -9937 1754 END
START -604 332 18832 4873 -9165 1130 END
START -248 344 20212 5972 -8992 1321 END
START 752 604 21316 5999 -8774 1929 END
START 1156 688 22876 5070 -9646 2870 END
START 532 748 23388 3626 -10429 3839 END
START -500 1168 23104 2943 -9743 4099 END
START -1068 1616 22916 3507 -9007 3375 END
START -1828 1872 23108 4497 -7726 2745 END
START -2116 2536 24212 5114 -7502 2027 END
START -1696 2568 25172 4538 -7016 1456 END
START -1340 2384 25464 3845 -6863 1184 END
START -844 1920 25356 3491 -6059 1430 END
START -296 1932 25220 3428 -4890 1953 END
START -724 1900 25388 2894 -4283 2426 END
START -1280 2556 26140 2587 -4021 2584 END
START -1380 3204 26944 1994 -3545 2184 END
START -1680 3772 28220 1326 -3001 1473 END
START -1760 3972 29236 495 -2108 488 END
START -904 3644 29688 198 -1163 -545 END
START 88 2920 29756 71 722 -718 END
START 448 2300 29572 -81 2117 -359 END
START 884 2224 29136 -471 3713 294 END
START 1196 1872 27884 -241 5687 1052 END
START 724 2564 27060 -121 7402 1648 END
START 608 2996 25604 -861 8029 1545 END
START 468 3056 24308 -931 9148 1414 END
START 452 3280 22844 -1278 9340 1278 END
START 28 3324 21636 -1077 9789 870 END
START -60 3412 20428 -1283 9789 345 END
START 516 3404 18768 -828 10023 -165 END
START 740 2768 17492 -141 10653 -167 END
START 672 2636 16404 1005 11247 102 END
START 280 2892 15572 1034 10876 476 END
START -24 2860 14516 537 9694 541 END
START -76 3152 13636 341 8629 534 END
START -496 3508 13024 813 7517 415 END
START -672 4012 12796 -44 5575 220 END
START -1032 4360 12756 23 4858 -315 END
START -888 4292 12828 204 4227 -532 END
START -1600 4396 12800 -625 3358 -691 END
START -1976 4616 12720 -74 2469 -1032 END
START -2772 4916 13460 1172 2481 -1000 END
START -3360 6088 15756 1686 1884 -1068 END
START -3808 7480 17028 3147 2121 -1759 END
START -4240 8668 18312 571 1708 -2236 END
START -5012 9612 19236 -27 2425 -3634 END
START -4156 9256 18960 570 2974 -5636 END
START -4408 9136 19656 958 3605 -7432 END
START -3944 8492 20484 967 3635 -8848 END
START -3212 7604 20908 528 4141 -9655 END
START -2884 6812 21388 103 4396 -10021 END
START -2076 6432 21780 -1654 4249 -10133 END
START -2188 5568 21336 -3805 4077 -10042 END
START -1880 5016 20392 -5577 4593 -9778 END
START -1864 4380 19896 -6620 5584 -9719 END
START -2220 3488 20164 -7307 6924 -9865 END
START -2292 2656 19532 -7624 8089 -10264 END
START -2356 2556 19408 -8339 8504 -10561 END
START -1532 1612 17712 -7874 9825 -10625 END
START -1924 -160 16820 -6357 10060 -10777 END
START -2260 -528 17248 -5502 9795 -10534 END
START -2048 -172 16104 -6317 7874 -10234 END
START -1944 -1164 15376 -5247 7039 -10307 END
START -1800 -1836 14620 -5231 6121 -10128 END
START -1800 -2520 13664 -5163 6726 -9789 END
START -1828 -3088 13288 -5320 5298 -9618 END
START -1484 -3752 13168 -4940 5804 -9254 END
START -1336 -4216 11760 -4100 6232 -8640 END
START -1360 -4784 11736 -3704 6318 -7944 END
START -1576 -4972 12228 -3606 4543 -7054 END
START -1572 -4704 12580 -3890 2211 -6380 END
START -1708 -5308 12248 -4248 1095 -6089 END
START -1200 -5908 11192 -4003 993 -5447 END
START -1056 -6480 10824 -3122 1487 -4805 END
START -1364 -7124 10820 -2564 997 -4138 END
START -660 -7816 10308 -1627 881 -3658 END
START -340 -8512 10444 -295 1672 -2814 END
START -8 -8928 11112 379 1241 -1601 END
START 152 -9280 10776 615 420 -368 END
START 276 -9540 10812 878 -246 690 END
START 312 -9672 10684 1206 -1129 1740 END
START 236 -9364 10672 1711 -1702 2895 END
START 24 -9064 12192 1754 -2603 3524 END
START 428 -9344 12604 1482 -3172 3997 END
START 780 -9948 12304 1779 -3197 4931 END
START 1208 -9808 12944 2128 -3970 6092 END
START 1056 -9916 13672 2108 -4196 7368 END
START 1224 -9596 14464 1943 -4527 8881 END
START 896 -9008 15500 1799 -4451 10635 END
START 112 -7580 16068 1643 -4753 12507 END
START -904 -5724 16852 1968 -6046 13857 END
START -2572 -3512 17976 2051 -8984 14414 END
START -3768 -1040 18824 2552 -10832 13953 END
START -4488 -956 19044 4868 -11494 12476 END
START -4684 672 19216 6120 -9962 11205 END
START -4636 1524 19924 6184 -9567 10221 END
START -4400 2264 20624 7537 -8523 9748 END
START -4320 3036 20780 7333 -7759 9800 END
START -4528 3300 20452 -642 -8739 10992 END
START -4528 4632 21084 -1111 531 10750 END
START -5344 5056 20184 -1082 -2470 9723 END
START -4960 5196 19316 -1029 -1710 9046 END
START -5296 5368 19868 -572 -1468 8255 END
START -5200 5716 19668 -876 -1692 7673 END
START -5180 5888 19292 -870 -1516 7184 END
START -5180 6408 18704 -540 -1062 6906 END
START -5576 7440 18344 -505 -1139 6200 END
START -5408 7556 18280 -83 -1244 5192 END
START -5300 8064 18148 427 -370 4344 END
START -5012 8124 17772 837 362 3465 END
START -4924 8268 17456 996 335 2734 END
START -4684 7868 17060 1121 429 1974 END
START -4548 7744 16568 1289 731 1417 END
START -4608 7584 16264 1334 616 919 END
START -4248 7576 15184 1351 668 356 END
START -4208 7200 14428 1395 389 -177 END
START -3992 7528 14092 1497 -391 -974 END
START -3500 7280 13676 782 -2022 -1832 END
START -3204 7296 13612 809 -2436 -2844 END
START -2088 7172 13368 873 -3272 -3910 END
START -1548 6632 13856 1101 -3644 -4690 END
START -756 6568 13432 1215 -3526 -5211 END
START -520 4824 11764 953 -3063 -5442 END
START 0 5788 11808 1710 -3385 -5619 END
START -672 4836 11304 2230 -3452 -5995 END
START -700 4944 11376 1313 -5100 -6467 END
START -804 4720 11476 1154 -6521 -7368 END
START 336 784 6696 1808 -9525 -7459 END
START 1412 3916 12556 -119 -10222 -7742 END
START 1488 2640 8816 2557 -10227 -9051 END
START 2112 -1320 11492 2417 -10777 -8920 END
START 3072 -792 14092 5064 -10680 -8946 END
START 3216 -2572 15516 3309 -11104 -7313 END
START 3676 -2012 16444 4262 -10757 -6530 END
START 2732 -1936 18744 3333 -10434 -4918 END
START 1180 -524 20128 3056 -10577 -5239 END
START 2184 1948 21196 931 -12367 -5740 END
START 1508 -1556 21688 2405 -11040 -6996 END
START 2132 -2700 22352 2521 -11076 -7394 END
START 3244 -3556 23884 2341 -10573 -6817 END
START 3868 -4512 24856 2617 -9357 -5523 END
START 4972 -3964 25112 2640 -6557 -3353 END
START 2300 -3732 25576 2474 -5996 -1522 END
START 860 -2200 25520 2036 -4314 -616 END
START -188 -800 24688 1040 -5128 -959 END
START -592 -536 23844 -207 -5467 -2046 END
START -72 300 22348 1641 -6289 -2552 END
START -136 -1836 23556 -51 -7432 -3711 END
START 844 -1292 26224 -977 -3725 -2981 END
START 1572 -1760 24188 239 -3951 -1853 END
START 1580 -1112 24388 468 -1045 -527 END
START 688 172 24900 226 -750 272 END
START 680 780 24256 -956 -1323 437 END
START 1172 940 23220 245 -138 -58 END
START 1036 1384 25016 -1309 -389 101 END
START 1592 1424 25140 -2036 213 118 END
START 2264 2468 25708 -2957 1502 208 END
START 2060 1524 25004 -3497 2506 427 END
START 2456 1484 23348 -2910 5055 888 END
START 2248 1672 22228 -2455 6004 1253 END