START -5376 -1572 16824 695 1974 1269 END
START -6236 -2520 15108 69 1123 1397 END
START -4660 364 14456 248 1709 1025 END
START -5176 -1192 15168 -237 951 78 END
START -4756 -1184 14860 -435 1579 -325 END
START -4344 -1512 13992 46 2091 -530 END
START -3728 -1812 13480 716 2239 -612 END
START -3020 -2128 13212 982 2553 -329 END
START -2708 -2484 12780 842 2526 365 END
START -2932 -2628 12356 582 2346 1134 END
START -3416 -2300 11908 12 1492 1501 END
START -3560 -2052 11492 -577 195 1273 END
START -3248 -1676 11324 -1041 -905 735 END
START -3624 -1780 11416 -1039 -3278 68 END
START -2640 -1996 11420 -421 -5069 -341 END
START -1824 -1948 12340 563 -6619 -181 END
START -1392 -1868 12588 1175 -7639 299 END
START -920 -1652 11948 2529 -7689 846 END
START -1512 -2232 11296 3630 -7224 1208 END
START -1508 -928 9860 5457 -6528 1259 END
START -1652 -1184 10652 9060 -7266 707 END
START -2452 -1252 10608 11630 -11453 56 END
START -2608 2460 7804 14027 -11594 -34 END
START 1148 -3120 17332 9200 -18816 1552 END
START 2564 2636 14620 1956 -7376 2397 END
START -2812 400 15900 1154 -11577 1347 END
START -272 1816 15144 -2683 -14612 1401 END
START -592 -352 7680 -2854 -12334 731 END
START 616 -2036 10300 4323 -11233 -331 END
START 356 -1168 11628 7654 -11957 241 END
START -608 -2504 14676 6952 -12550 1516 END
START 656 -880 17136 4448 -15495 2953 END
START 952 -172 18120 3469 -16640 3429 END
START 1132 452 18840 2491 -16733 3234 END
START 972 956 19932 1165 -17323 2928 END
START 1776 856 21020 4449 -14528 2684 END
START 2464 -44 21452 7074 -11913 3183 END
START -1308 2872 25372 5187 -16041 4106 END
START 1332 1960 22208 4916 -12828 4290 END
START -116 2600 24892 3761 -16260 3309 END
START 380 2660 25508 4031 -14670 2397 END
START 1864 2840 25972 5256 -13771 1874 END
START 2124 2944 28080 6163 -12280 1883 END
START 2080 3044 30180 5962 -10000 2201 END
START 1508 3428 29976 5080 -7566 2493 END
START 900 4036 29536 4420 -6502 2459 END
START 288 4292 28852 4054 -5321 1985 END
START 704 4516 28324 3903 -4163 1434 END
START 60 4752 28096 3591 -3133 1053 END
START 232 4912 27732 3389 -2786 531 END
START 36 5072 27948 3299 -1586 362 END
START -56 5280 28256 2747 -1030 148 END
START -92 5396 28924 1653 -798 -296 END
START 148 5604 29252 156 -405 -660 END
START 184 5596 29248 -936 -153 -1354 END
START 476 5372 29248 -1805 479 -2132 END
START 1116 4772 28576 -1965 1770 -2541 END
START 1416 4108 28656 -1627 3308 -2710 END
START 2016 3712 28224 -1231 5744 -2641 END
START 2220 3248 27504 -758 8058 -2528 END
START 2388 2900 26476 -894 9573 -2246 END
START 2232 2848 25500 -1774 9862 -1917 END
START 2164 2796 24020 -2578 9820 -1841 END
START 2024 2724 22708 -2707 10444 -1719 END
START 2176 2932 21404 -2560 10813 -1723 END
START 1880 2904 19940 -2104 11445 -1813 END
START 1716 2936 19272 -1560 11871 -2164 END
START 2080 2908 18832 -1686 11862 -2512 END
START 2196 2596 17764 -2089 12322 -2430 END
START 2128 2368 16624 -2094 11499 -2157 END
START 2100 2592 16072 -1816 11011 -1923 END
START 1628 2740 15600 -1909 10224 -1575 END
START 1500 3064 15080 -1976 9446 -1208 END
START 836 3620 14848 -1638 8703 -1026 END
START 32 4268 14652 -1406 7977 -1197 END
START -648 5000 14496 -907 7340 -1774 END
START -1428 5808 15004 -256 7061 -2405 END
START -1988 6764 15520 -338 6976 -3443 END
START -2032 7140 15592 -2164 8118 -4316 END
START -2060 7344 17412 -4378 7262 -5112 END
START -3236 4920 13912 -4189 8034 -4725 END
START -2724 6632 15684 -1378 5856 -6901 END
START -2232 5676 14856 552 6360 -7891 END
START -2060 6316 16788 683 6828 -8489 END
START -2248 5388 16316 195 7277 -8955 END
START -2428 4996 16184 535 6834 -9645 END
START -2084 4572 16572 -847 5960 -10011 END
START -1848 3964 16108 -2701 5742 -10172 END
START -1640 3656 15892 -4964 5238 -10213 END
START -904 2652 16508 -5624 6339 -10406 END
START -448 2268 18524 -5892 7060 -10084 END
START -848 1052 16324 -4796 8577 -10365 END
START -1596 516 17916 -3595 8533 -10177 END
START -3812 448 15088 -3091 9076 -9947 END
START -1380 -172 14928 -3290 9553 -9855 END
START -1268 -536 14448 -2797 7015 -9787 END
START -1924 -1276 13928 -2998 6048 -9665 END
START -2232 -1700 15168 -3101 4213 -9329 END
START -2356 -2592 13804 -3432 3118 -9373 END
START -2376 -3368 13220 -3017 3159 -8973 END
START -1396 -4324 12396 -2212 2799 -8369 END
START -1848 -4472 12736 -2358 1827 -7866 END
START -1408 -5192 12392 -2256 806 -7569 END
START -1372 -5924 12032 -2371 304 -7038 END
START -1792 -5972 12928 -2958 139 -7000 END
START -1548 -6888 12288 -2263 439 -6427 END
START -780 -8384 12028 -1113 914 -5764 END
START -348 -8868 12136 -634 519 -4884 END
START 152 -9964 11628 80 499 -3400 END
START 496 -10184 11392 552 354 -2162 END
START 520 -10348 11552 1082 -441 -733 END
START 360 -10280 12324 1344 -1720 491 END
START 304 -10456 13376 1282 -2265 1292 END
START 292 -10732 14256 885 -2403 2071 END
START 828 -11164 15064 578 -2279 3084 END
START 1276 -11420 15088 756 -2309 4619 END
START 972 -11032 14872 1537 -1037 6576 END
START 560 -9752 14476 2400 -512 8419 END
START -424 -8580 15268 2859 -509 9932 END
START -1504 -7044 16448 2236 -1456 10997 END
START -2440 -5516 16996 1009 -2083 11467 END
START -2888 -4140 17600 118 -2800 11391 END
START -3192 -3200 17608 -299 -2901 11095 END
START -3936 -2592 18608 -725 -3465 10945 END
START -3640 -1948 18296 -313 -4719 11099 END
START -4288 -1128 18120 596 -4747 11622 END
START -4692 164 19100 717 -5568 11581 END
START -4608 836 18600 1138 -5293 11326 END
START -4544 1728 17928 1817 -4512 10723 END
START -4204 1364 18628 1196 -3773 10469 END
START -4432 2396 19020 894 -3955 10233 END
START -4800 3108 19216 586 -4743 10092 END
START -4968 3732 18608 900 -4367 9913 END
START -5264 4496 17768 1055 -4382 9336 END
START -5560 4908 18036 1831 -3617 8684 END
START -5052 5100 17880 2347 -3008 7982 END
START -5060 5652 17692 3368 -2293 7387 END
START -5332 6348 18480 3859 -2141 6885 END
START -5292 6584 17772 3979 -2168 6143 END
START -5408 7420 17528 4329 -2526 5334 END
START -5516 7560 17656 3872 -1851 4751 END
START -5556 7356 17636 1820 -3360 4471 END
START -3348 8028 15064 1017 -3754 4450 END
START -5440 8376 17752 1297 -2756 3314 END
START -4976 8716 16344 843 -1992 2304 END
START -4472 8772 17048 917 931 1260 END
START -4444 8336 16568 2060 1069 56 END
START -3864 8372 16000 1729 861 -967 END
START -3436 7928 15180 1066 -19 -1686 END
START -3204 7536 14864 1050 -1100 -2369 END
START -2924 6916 14900 559 -2239 -3000 END
START -2112 6428 15260 110 -2797 -3746 END
START -1260 5840 14856 154 -2812 -4101 END
START -144 5368 13888 700 -2641 -4316 END
START 444 5352 13520 1472 -2385 -4598 END
START 604 3952 13104 1241 -2190 -4775 END
START 356 4884 13104 800 -2965 -5256 END
START 292 1972 11784 831 -3193 -5486 END
START -36 2604 10216 320 -3950 -5305 END
START 256 2932 11180 2151 -4771 -5815 END
START 1052 2512 12236 2009 -5951 -5935 END
START 1860 2344 11544 1735 -6569 -5835 END
START 2656 2912 13944 934 -7892 -5491 END
START 2432 1496 11252 168 -8091 -4859 END
START 1336 1072 11208 1375 -8892 -5189 END
START 1400 1412 13172 2516 -9306 -5849 END
START 1388 612 13772 3775 -8725 -6543 END
START 1536 348 14760 4259 -7850 -6922 END
START 2116 256 16676 4781 -7559 -6731 END
START 2292 332 17532 4778 -8692 -6525 END
START 2228 860 17172 4621 -9071 -5976 END
START 676 304 19400 3882 -8840 -5661 END
START 476 -196 19892 1658 -8961 -5697 END
START 192 -700 20980 -1189 -6874 -5502 END
START 136 -40 22360 -2988 -7793 -5355 END
START 384 -3260 23544 -656 -4664 -5524 END
START 852 -2380 25108 1102 -6086 -5180 END
START 1324 -2304 23864 1330 -6783 -4069 END
START 400 -1956 23816 840 -6362 -2700 END
START -988 -1636 22912 867 -5389 -2053 END
START -2424 -1316 22824 257 -5596 -2392 END
START -2472 -1740 22172 953 -5699 -3644 END
START -1476 -2108 23124 1317 -4736 -3608 END
START -1060 -2252 24460 1385 -3710 -3259 END
START -824 -2392 24888 933 -3238 -2578 END
START -536 -2236 24476 2007 -1883 -1814 END
START -1028 -1540 24620 1567 -1395 -939 END
START -1064 -812 24916 2113 -858 -513 END
START -892 -276 24672 1363 -145 -218 END
START -968 -64 24820 802 -51 -25 END
START -1256 92 24916 375 249 161 END
START -160 -324 25356 590 351 157 END
START 748 -224 25660 -935 736 1115 END