START 1000 472 18404 509 62 1069 END
START 124 2700 15904 -2237 -281 1250 END
START -504 -432 16972 491 -700 59 END
START -216 664 17652 -887 -937 509 END
START -132 928 16436 273 -1116 -244 END
START 600 1184 16864 963 -1885 -678 END
START 1036 1256 17156 1550 -1829 -636 END
START 684 1500 17920 1644 -1436 -229 END
START 548 2260 18952 963 -1250 -130 END
START -20 2480 19296 -23 -1277 -758 END
START -96 2804 19380 -911 -1653 -1928 END
START 280 2800 19056 -1807 -2215 -2894 END
START 448 2248 18616 -1290 -2550 -3530 END
START 696 2304 19004 295 -2639 -3374 END
START 368 2544 18716 2131 -1797 -3295 END
START 88 3136 19432 3763 -1344 -3480 END
START -232 3528 20828 4209 -1209 -3912 END
START -96 4252 22324 3068 -1716 -4551 END
START -152 4144 23164 1458 -1637 -5200 END
START -196 3752 23136 312 -1288 -5987 END
START 268 3068 22656 -787 -1156 -6525 END
START 792 2540 22280 -1415 -383 -6918 END
START 1108 2200 21916 -1841 1577 -7096 END
START 1612 1936 21836 -2699 2398 -7018 END
START 1480 772 21820 -1945 3045 -7178 END
START 2676 224 21708 -2934 5333 -6457 END
START 2780 168 22800 -2768 7653 -5671 END
START 1636 -60 23484 -1539 6047 -5628 END
START 1364 52 24172 -724 4590 -5599 END
START 456 -144 23964 -175 3252 -5368 END
START 920 -112 21884 1154 3591 -5483 END
START 308 376 21680 3058 4204 -5532 END
START 252 1048 21688 3914 5470 -5439 END
START 612 1708 21392 4078 5431 -5589 END
START 564 1688 20620 6225 4010 -6073 END
START 848 720 19356 9841 1434 -6543 END
START 1308 1860 21488 7580 2279 -6158 END
START 1536 2484 21492 4140 4212 -5624 END
START 1560 2096 20452 -1581 5692 -4904 END
START 1096 1544 19056 -3573 6523 -4309 END
START 520 892 17876 -4101 7315 -3800 END
START 188 644 18020 -2411 8001 -3943 END
START -176 416 18796 -199 8304 -4328 END
START 500 72 18460 1497 8061 -4379 END
START 760 228 18276 2829 9370 -4076 END
START 628 560 18888 3478 10467 -3601 END
START 324 880 19576 2760 10476 -3368 END
START -20 1004 19156 938 10390 -3518 END
START 148 972 18024 -898 10526 -3856 END
START -12 548 18032 -2020 10566 -4045 END
START -128 -492 17316 -2336 9465 -4175 END
START -124 -1128 18116 -2178 9288 -4054 END
START 284 -1504 17804 -1961 8420 -3663 END
START 688 -1716 17580 -1752 7743 -3244 END
START 788 -2172 18044 -2389 8209 -2446 END
START -416 -2412 18148 -3240 7320 -1594 END
START 60 -1608 17264 -3887 7591 -1041 END
START -588 -1828 16620 -4663 7203 -759 END
START -704 -1864 15652 -5524 7229 -312 END
START -1524 -1680 15540 -5688 7612 32 END
START -1756 -1680 15200 -6123 7891 459 END
START -448 -784 15532 -6907 10504 783 END
START -3284 -1708 15276 -7580 6428 778 END
START -2372 -1676 13456 -8010 4554 1186 END
START -2720 -1820 13208 -8202 3835 1651 END
START -3016 -2328 12864 -7846 3688 1964 END
START -3176 -2888 12448 -7688 4507 2196 END
START -2756 -3588 13240 -7761 4920 3143 END
START -3108 -3160 12256 -7647 7473 3359 END
START -3476 -3252 11948 -6735 4739 4009 END
START -3496 -3228 11756 -6598 2708 4282 END
START -3724 -3256 11784 -7146 1908 4699 END
START -4152 -2980 11996 -7974 1126 5078 END
START -3860 -2904 10236 -8170 804 4967 END
START -3500 -2876 9280 -7092 739 4832 END
START -3284 -3008 9436 -5051 863 5064 END
START -2980 -3032 9316 -3082 1252 5689 END
START -3264 -3112 9396 -1532 1836 6446 END
START -3540 -2724 9844 -755 1249 6880 END
START -3664 -2232 10216 -357 806 7041 END
START -3804 -2008 10112 491 1016 6960 END
START -3720 -1560 10444 1448 1631 7012 END
START -3884 -920 10596 2362 2017 7230 END
START -4388 -244 10928 2869 1589 7041 END
START -4452 584 11608 2692 638 6552 END
START -4740 1072 12004 1747 -579 5895 END
START -4832 956 12808 675 -1809 5205 END
START -5152 788 13704 -361 -2514 4406 END
START -4832 424 13704 -1196 -2308 3752 END
START -4356 372 12712 -1347 -1737 3458 END
START -4148 496 13088 -876 -2622 2892 END
START -3528 224 12984 -508 -2954 2362 END
START -3144 -396 13108 94 -2821 2456 END
START -2636 -652 13308 611 -1991 3302 END
START -3388 -532 14316 785 -1611 4376 END
START -5076 172 15668 194 -5921 4772 END
START -5660 1756 15940 -125 -9955 4059 END
START -5480 1992 13880 3270 -12813 2204 END
START -4304 1060 11376 6800 -9617 1043 END
START -3196 668 11184 11808 -6961 458 END
START -2236 2804 11744 8489 -4980 1495 END
START -3388 420 13144 6006 -7473 2338 END
START -3172 1048 13444 4877 -8860 2883 END
START -1360 2588 12804 252 -7174 4154 END
START -3064 -200 15084 1445 -7641 4814 END
START -2924 3180 15288 1459 -7982 4950 END
START -2768 2956 14424 1791 -8102 3704 END
START -1860 3580 15040 2155 -7646 2500 END
START -1336 2548 12752 2089 -9440 1767 END
START -1032 2456 12060 1204 -9478 1916 END
START -1408 2104 14020 2370 -11668 2153 END
START -2324 3800 14844 4499 -12579 2113 END
START -2160 5056 18964 4854 -12891 1167 END
START -1760 6248 19132 4666 -12916 -420 END
START -560 5724 20572 4865 -11201 -1915 END
START 872 4632 20072 5598 -9390 -2136 END
START 476 3900 19332 5660 -8707 -1516 END
START -460 4236 19440 6292 -8872 -930 END
START -1120 5228 20088 6313 -9839 -1041 END
START -1340 5740 20888 6468 -10687 -1874 END
START -616 5776 22252 6963 -11189 -2865 END
START 2368 5688 23212 4729 -11757 -3106 END
START 1336 6624 27260 6168 -14420 -3721 END
START -916 3376 19052 1268 -5119 -2950 END
START -1352 4204 25364 4614 -9127 -2828 END
START 72 3992 26212 4172 -11887 -4085 END
START 184 4844 28660 3714 -9093 -4850 END
START 256 4272 29688 2835 -7734 -5969 END
START 1232 2924 29156 2347 -6065 -6530 END
START 892 2060 29376 1119 -3279 -5415 END
START 588 2140 26236 2702 -596 -4981 END
START 396 2680 30620 4827 -1700 -5248 END
START -568 3236 26304 607 -1215 -4866 END
START 744 1148 25080 -662 682 -4315 END
START -44 2844 19684 320 2016 -4587 END
START 352 3644 21868 449 1956 -4643 END
START 396 3800 20952 -1236 651 -4725 END
START 648 2348 19908 -1912 1229 -5367 END
START 1376 1488 19104 -3388 632 -5601 END
START 1632 1128 18872 -4226 170 -5365 END
START 2208 556 17884 -6018 1397 -4666 END
START 2328 1048 20512 -2465 1247 -4843 END
START 2588 -204 17516 -4356 1963 -3370 END