START 888 912 18416 -617 -2128 446 END
START 928 2292 19528 -1190 -2119 808 END
START 368 808 16372 -1172 -2342 -296 END
START 116 960 18068 -1165 -2294 -13 END
START 612 1592 18164 -2278 -2532 66 END
START 260 1612 17948 -1540 -2838 -373 END
START 64 1136 17804 -1521 -2717 -509 END
START 212 2260 17748 -737 -2673 -682 END
START -388 2824 18232 846 -2656 -1254 END
START -292 3280 19144 1177 -2586 -1975 END
START -168 4628 19608 1510 -2156 -2932 END
START -484 3980 20684 2386 -1704 -4039 END
START -448 2744 20280 1173 -1506 -4581 END
START -20 3828 20428 990 -814 -5230 END
START 388 2728 20736 1728 -416 -5626 END
START 988 2108 19632 1289 46 -5268 END
START 652 2712 19712 2971 263 -5285 END
START 368 2320 20448 3473 669 -5347 END
START -168 2976 20856 3726 1241 -5636 END
START -376 3292 21372 3877 1645 -6431 END
START 32 3020 21732 3475 1365 -7162 END
START 244 2960 22192 2685 1367 -7589 END
START 392 2408 22540 2159 1479 -8069 END
START 688 1740 22836 1131 1659 -8179 END
START 1164 1664 22264 830 2479 -8057 END
START 1228 1044 21576 1887 3716 -7891 END
START 1536 848 21436 2615 5001 -7412 END
START 932 1280 21920 3791 5568 -7239 END
START 960 1456 22596 3933 5804 -7362 END
START 1204 2292 22780 1973 6613 -7323 END
START 776 1932 22528 1939 6656 -7672 END
START 1084 1228 21568 1291 6953 -7598 END
START 944 1552 20976 939 7430 -7268 END
START 776 1092 20276 1625 7457 -7111 END
START 548 1200 20608 1551 7224 -6948 END
START 380 1436 20092 833 7295 -6685 END
START 268 1368 19512 930 7170 -6571 END
START 40 1340 20124 1192 7090 -6485 END
START 200 1216 19948 323 7255 -6237 END
START 44 1920 19248 -640 8275 -6117 END
START -208 1472 20572 -838 8048 -6269 END
START 96 -84 19088 -1974 8221 -5708 END
START 232 1528 19264 -1228 8616 -5074 END
START -328 40 18348 -988 9372 -4579 END
START -460 644 17596 -1845 10161 -4048 END
START -784 476 17028 -784 10069 -4002 END
START -1196 96 17876 -1023 9345 -3747 END
START -1400 320 17884 -1209 7934 -3878 END
START -1756 636 17664 -2577 6604 -3969 END
START -1404 104 17832 -4213 6125 -3943 END
START -1080 -516 16956 -5829 5748 -3537 END
START -724 -464 14852 -6594 6920 -2787 END
START -1204 -2076 12348 -5828 9563 -1988 END
START -1528 -1588 14608 -3890 9300 -1166 END
START -1772 -2272 14508 -297 5577 -517 END
START -1712 -820 15812 -3467 5065 276 END
START -3024 -416 16312 -4260 4745 -105 END
START -2676 -476 16800 -5871 4874 -1089 END
START -2512 -1816 15120 -6426 4090 -1326 END
START -1444 -2724 14624 -5833 4546 -905 END
START -1432 -3028 15044 -4735 4752 -294 END
START -988 -3116 14704 -4290 5141 717 END
START -1376 -3100 13728 -4035 5610 1666 END
START -1624 -2948 12700 -3997 5983 2789 END
START -2496 -2204 13468 -5519 4616 3429 END
START -2856 -2100 13128 -6676 2276 3533 END
START -2992 -2252 12568 -7916 443 3522 END
START -2944 -2732 12016 -7702 776 3828 END
START -3440 -2992 12372 -6207 797 4087 END
START -3112 -3076 12364 -5093 1330 4360 END
START -2660 -3132 11776 -4159 2161 4859 END
START -2692 -2672 11316 -3602 2176 5438 END
START -2596 -2360 11076 -3076 1531 5724 END
START -2344 -2420 10620 -2807 1183 6293 END
START -2680 -2428 10716 -2329 323 6824 END
START -2748 -2340 10608 -1350 -34 7226 END
START -2900 -1704 11056 -520 241 7707 END
START -3720 -880 11392 165 -382 7664 END
START -3640 72 11544 678 -480 7143 END
START -4096 760 11708 843 -600 6619 END
START -4464 1148 12124 657 -1031 5821 END
START -4416 1220 12224 181 -1853 5008 END
START -4052 972 12112 -2 -2238 4613 END
START -3916 796 12700 130 -2790 4602 END
START -3848 676 13064 275 -3324 4681 END
START -3652 1096 13700 163 -3646 4822 END
START -3648 1700 14016 -59 -2879 5115 END
START -4496 2052 14220 -478 -2965 5001 END
START -4796 2272 13748 -782 -3480 4320 END
START -4928 2104 13660 -862 -3868 3271 END
START -4368 1664 14056 -448 -4018 2378 END
START -3744 1640 15140 -23 -3552 2291 END
START -3364 1508 15300 1088 -4878 2526 END
START -3028 2064 15376 3280 -6701 2954 END
START -3976 -304 12704 7093 -8430 2767 END
START -3560 1020 14048 3823 -8409 3279 END
START -4908 3828 11980 5254 -7064 2630 END
START -2788 1732 15912 5126 -6840 2291 END
START -608 3572 15604 962 -3968 2932 END
START -2456 2260 14936 466 -4817 2193 END
START -2472 588 14336 704 -6571 2004 END
START -2084 1108 14820 198 -7030 2524 END
START -2380 100 15204 -322 -7538 2731 END
START -1468 -144 13500 111 -7533 3037 END
START -1144 -80 14720 2196 -9300 3489 END
START -704 340 16468 4337 -10740 3679 END
START -820 908 16640 4105 -11374 4178 END
START -1012 1880 18000 3629 -11163 4086 END
START -1464 3068 18120 4448 -10350 3337 END
START -1964 3720 18000 4444 -9784 2602 END
START -2680 4544 18104 4224 -10276 1420 END
START -2576 4356 18268 4331 -10980 253 END
START -1528 5016 18532 4655 -11347 -921 END
START 156 4792 18552 6401 -10661 -1654 END
START 720 4412 19172 8124 -9692 -1548 END
START 1096 5336 20020 8926 -8621 -1325 END
START 816 6976 20088 8997 -8480 -1553 END
START 544 7348 20864 8542 -9319 -2766 END
START 1032 7180 21988 8042 -9430 -3609 END
START 64 6940 23516 7479 -9171 -3928 END
START 372 7384 23456 6412 -8698 -4217 END
START -352 7340 23736 6782 -8036 -4759 END
START 560 10700 23748 3087 -3851 -4660 END
START 1656 2524 10652 8405 -4703 -5249 END
START -1832 11680 21144 8138 -4542 -6870 END
START -864 6924 24748 5595 -3851 -8011 END
START -552 8272 24044 5388 -3077 -8868 END
START -468 6512 23976 5769 -2309 -8890 END
START -664 6416 24456 4266 -1741 -8878 END
START -672 5752 23252 3731 -1567 -8893 END
START -624 5644 20872 2768 -874 -9014 END
START -476 5488 20496 4271 -717 -9574 END
START 40 4752 20380 2929 -1077 -9626 END
START 552 4464 20124 1619 -1877 -9837 END
START 1040 2076 19728 -186 -2261 -9327 END
START 1028 2028 19032 -1082 -2376 -8402 END
START 1704 660 19264 -1142 -2152 -7823 END
START 2124 756 20084 -1644 -1882 -7101 END
START 2344 140 20424 -1932 -1690 -6706 END
START 2352 0 20644 -2598 -1065 -6345 END
START 3036 -248 21172 -2661 -570 -6097 END
START 3660 -1104 21452 -3443 441 -5343 END
START 4360 -1376 20736 -3426 1590 -4237 END
START 4196 -1992 20148 -3307 2279 -2824 END
START 4060 -1272 20004 -4152 2830 -1323 END
START 3900 -252 19056 -4284 3250 -116 END
START 3444 -48 18596 -4829 2823 976 END