START 672 -8 18064 1309 -2413 -603 END
START -88 3404 20576 -813 -2959 -324 END
START 2588 2348 18364 479 -2210 -506 END
START 36 1412 17968 1352 -2882 -706 END
START 388 2284 18904 639 -2496 -868 END
START 740 2364 18640 148 -2669 -1303 END
START 140 2112 19072 -491 -3202 -1813 END
START 424 1948 19416 -1328 -3658 -2479 END
START 1260 1796 19060 -1984 -3541 -3174 END
START 1788 1408 18856 -1698 -3095 -3593 END
START 1636 992 19276 -933 -2854 -3905 END
START 1940 808 19824 370 -1925 -3792 END
START 1520 1072 21184 1254 -913 -3484 END
START 1616 1244 21140 3308 643 -3491 END
START 756 1648 22464 3348 901 -3325 END
START 1024 2352 22672 3832 1835 -3461 END
START 524 2716 22584 4160 2687 -3676 END
START 256 3168 22928 3763 3056 -3864 END
START -112 3496 24256 3940 2726 -4346 END
START -328 3824 24972 1278 3850 -4850 END
START -532 3504 24372 -93 4496 -5780 END
START 56 3316 24416 746 5728 -6706 END
START 612 2844 23688 940 5577 -6969 END
START 160 1884 22692 4556 4966 -7367 END
START 872 2608 23372 4536 5746 -7125 END
START 348 2588 23184 4929 6696 -7364 END
START 472 2800 23640 5156 6574 -7899 END
START 848 2336 23128 5151 7786 -8252 END
START 1376 2060 22364 3111 8012 -7888 END
START 1416 1740 21612 2609 8180 -7631 END
START 1252 1692 21068 1384 7056 -7433 END
START 1248 1756 20048 441 6162 -7550 END
START 964 1724 20332 201 5398 -7790 END
START 1384 1612 19904 -511 5626 -8029 END
START 1176 456 19456 -664 6803 -7833 END
START 1380 -356 19144 -417 7646 -7213 END
START 1520 -420 18920 -748 8929 -6172 END
START 1032 -400 18956 -1640 9092 -5465 END
START 856 -468 18792 -2596 9167 -5043 END
START 736 -852 17628 -2816 10284 -4446 END
START 332 -460 18336 -2163 10361 -4236 END
START 64 -548 17976 -2116 11114 -3908 END
START -176 -88 17184 -1691 10115 -3897 END
START -220 -36 15976 -1551 9238 -4224 END
START -568 -204 16080 -1768 9260 -4274 END
START -800 -988 16332 -2414 9776 -4228 END
START -864 -2016 16564 -2492 8986 -3776 END
START -1132 -2176 16616 -3045 9320 -2812 END
START -1072 -1692 15660 -3653 9507 -2320 END
START -1180 -1868 15048 -3597 8166 -2212 END
START -468 -1440 14696 -4626 7834 -1975 END
START -212 -688 14932 -4983 7860 -1742 END
START -624 -1896 14704 -4508 7488 -1435 END
START -1756 -2300 15532 -4072 8858 -1160 END
START -1908 -2572 14756 -3707 8328 -1191 END
START -1404 -3500 14732 -4566 8112 -601 END
START -1224 -3336 12956 -6430 8112 499 END
START -1264 -3536 12004 -7834 6831 2023 END
START -2116 -3248 12040 -8939 4809 3519 END
START -2880 -3152 10036 -9029 2647 4399 END
START -3652 -2804 10196 -7225 1023 4611 END
START -3852 -2336 10368 -5131 705 4756 END
START -4232 -1812 12072 -4051 530 4617 END
START -4536 -1948 12488 -4521 868 3965 END
START -4004 -2204 11616 -5396 1453 3695 END
START -3404 -3020 10780 -5192 1656 4095 END
START -3060 -3140 9692 -3626 2513 5373 END
START -3764 -2784 9640 -1606 2920 6636 END
START -3908 -1932 9844 -835 2543 7258 END
START -4148 -836 9732 -1038 1010 7363 END
START -4520 -56 9640 -970 -577 7073 END
START -4864 504 10052 -699 -1197 6391 END
START -5040 436 10928 -636 -976 5612 END
START -4820 -24 11180 -917 -853 5137 END
START -4388 -736 10588 -254 -923 5070 END
START -3852 -1124 10056 1643 -564 5784 END
START -3596 -1028 11352 3136 -757 6759 END
START -4024 -368 12096 2792 -1148 7487 END
START -4604 244 12280 1256 -2704 7505 END
START -4460 696 12256 125 -4220 7227 END
START -4764 1352 12156 -361 -4762 6871 END
START -5024 1684 12640 -204 -5274 6077 END
START -5488 1988 13712 -401 -5621 5133 END
START -5256 1988 13840 -472 -5504 4130 END
START -4608 1900 13888 295 -4647 3462 END
START -3768 1336 12868 2483 -6232 3377 END
START -4028 1636 13608 4604 -7984 3282 END
START -3444 1808 12676 8010 -9301 2953 END
START -3744 2572 13228 10659 -10783 2607 END
START -4408 1576 13964 15367 -12345 1386 END
START -1976 3564 21456 10699 -15110 862 END
START -1184 2292 17832 1173 -8424 1937 END
START -1892 1144 16932 -1801 -7002 2004 END
START -1456 768 16196 204 -9315 2321 END
START -1668 1176 13600 2243 -8565 2883 END
START -2692 2308 14588 1931 -7483 3307 END
START -2184 2576 14928 2816 -9121 3062 END
START -2648 3620 14648 2284 -8523 3177 END
START -2536 5020 17168 1576 -9935 1973 END
START -1944 4792 17892 401 -9665 801 END
START -660 3772 16836 799 -8370 351 END
START 424 2716 15604 2606 -7697 640 END
START 336 3316 15268 4698 -7517 1450 END
START -120 4020 15808 5425 -8524 1893 END
START -708 5088 16996 4809 -10030 1778 END
START -1756 5268 20080 2091 -11901 1117 END
START -1068 5964 19456 1696 -12540 -674 END
START -528 5220 18628 3062 -12181 -1728 END
START 152 4964 18976 5603 -10537 -2331 END
START 924 5528 19896 6498 -9976 -2615 END
START 1168 5952 21184 5622 -10885 -2927 END
START 1524 5504 22340 4075 -12384 -3995 END
START 2816 7460 23576 5161 -14120 -4956 END
START 2404 4320 18636 -2858 -8501 -2804 END
START 1868 3692 29632 6403 -10032 -4240 END
START 668 5220 24044 5880 -8865 -4355 END
START 760 6564 26572 5556 -7311 -4953 END
START 804 6104 28776 2659 -7231 -5986 END
START 656 5360 27996 2734 -6434 -6828 END
START 680 4500 28076 1217 -4278 -7460 END
START -572 2320 24972 -2171 -3549 -7128 END
START -252 3628 28072 -615 -1789 -7548 END
START 380 1328 22260 2104 -821 -6788 END
START 764 4712 23624 3330 596 -6210 END
START -824 4312 22096 2448 2939 -5999 END
START -568 3344 20816 1547 1957 -6296 END
START -652 3780 20576 -1044 1102 -6284 END
START 1028 2720 20712 -1884 569 -6998 END
START 1748 1416 19508 -4832 -1192 -7056 END
START 2584 -184 19880 -6968 -1166 -6467 END
START 3708 -304 19560 -9728 -337 -5342 END
START 1984 -1036 17468 -5402 -1791 -5235 END
START 5204 -1928 16584 -3668 429 -3450 END
START 4992 -1652 18336 -3763 2025 -1439 END
START 4312 -1444 17116 -1443 2940 -96 END