START 1260 416 17660 369 840 2257 END
START 1052 1692 15680 -2580 167 2667 END
START 3160 1620 15964 885 439 1977 END
START 372 168 16428 472 -486 2178 END
START 900 888 16128 1549 64 1705 END
START 572 1516 16716 1859 -712 1356 END
START 820 2128 17088 2008 -1027 982 END
START 704 2368 17544 1393 -1492 943 END
START 456 2648 17704 436 -2072 839 END
START 444 3272 17296 -599 -2789 487 END
START 388 3800 17208 -1402 -3553 -224 END
START 184 4316 17712 -1920 -4434 -1214 END
START 312 4324 17532 -1617 -4498 -2510 END
START 1020 4184 18344 -304 -3633 -3667 END
START 1192 3716 19096 1060 -2413 -4123 END
START 968 3744 20264 2214 -1845 -4315 END
START 672 3892 20852 2993 -1345 -4739 END
START 808 4364 21868 3490 -931 -5398 END
START 808 4368 22884 2958 -985 -6072 END
START 1136 4204 23324 2084 -870 -6714 END
START 1148 1132 19012 3682 -340 -7413 END
START 2012 3040 24384 -447 -1305 -7146 END
START 1684 2224 23488 -232 -927 -7801 END
START 2192 1816 23320 -1439 -249 -7481 END
START 2416 1744 23780 -437 1953 -7186 END
START 2296 1236 23684 440 2172 -7032 END
START 2188 1064 23692 2168 3513 -7001 END
START 2112 1888 24852 -1242 5027 -6205 END
START 2056 1672 23180 -740 6167 -6447 END
START 1476 1524 22372 1583 5963 -7093 END
START 1964 1836 21792 171 5811 -6742 END
START 1824 1488 20868 456 5903 -6593 END
START 1500 1360 21164 1230 5892 -6583 END
START 1332 1408 21032 584 5690 -6613 END
START 1564 1300 20636 24 5488 -6590 END
START 2296 1236 19764 127 6520 -6230 END
START 1976 1092 20068 -511 7548 -5521 END
START 1384 1092 20384 197 8477 -5006 END
START 1192 916 20028 1341 8860 -4689 END
START 1128 1352 19968 2206 9006 -4389 END
START 1324 1456 19528 2234 9469 -4212 END
START 1020 1256 19532 1668 8934 -4152 END
START 812 816 19368 62 8044 -4144 END
START 744 376 17936 -1677 8653 -3835 END
START 76 112 18540 -3164 10150 -3278 END
START -484 -552 16764 -1884 12060 -2996 END
START -376 -228 17696 -1297 9013 -2776 END
START -620 -364 18152 288 9218 -2330 END
START -676 -588 16912 1449 8197 -1758 END
START -1016 -16 17664 1336 8268 -1320 END
START -1412 580 16436 666 9290 -1433 END
START -1816 476 15488 228 10506 -1784 END
START -2276 272 15932 -194 9870 -2136 END
START -1976 -276 15084 -324 8462 -2299 END
START -1876 -528 15284 -975 7477 -2182 END
START -1496 -812 14720 -1705 6177 -1795 END
START -1448 -924 15200 -2166 6749 -1369 END
START -3572 -1748 15308 -1607 5546 -1292 END
START -2212 -900 15360 -2115 4584 -1134 END
START -2032 -804 16060 -3668 4363 -1291 END
START -1836 -1020 15916 -4769 4442 -1506 END
START -1376 -1432 15756 -4800 4965 -1506 END
START -500 -2384 14784 -4800 7751 -956 END
START -952 -2992 16368 -4028 7643 -269 END
START -960 -4232 16392 -4179 7552 1287 END
START -1360 -4020 16180 -4832 4861 2539 END
START -1424 -3360 15788 -5890 3792 3567 END
START -2020 -2672 15384 -6193 3943 4761 END
START -3080 -1460 15600 -6736 3279 5310 END
START -3996 -572 13932 -6514 4540 4493 END
START -4340 -388 13260 -5820 5670 3653 END
START -4652 -148 13040 -5395 5467 2869 END
START -4396 -496 12760 -5410 4210 2513 END
START -3972 -788 11784 -6111 4184 2950 END
START -4128 -808 10956 -6589 2904 3357 END
START -4188 -776 10448 -6899 1221 3731 END
START -4164 -708 9832 -6450 755 4368 END
START -4564 -616 9900 -5262 605 5035 END
START -4792 -280 9900 -4236 972 5397 END
START -4896 92 9932 -2982 1392 5474 END
START -5376 424 10200 -1960 1573 5297 END
START -5496 824 10184 -1591 1419 4672 END
START -5292 684 10184 -1343 989 4085 END
START -5136 316 10256 -969 426 3768 END
START -4648 -96 11172 -580 129 3831 END
START -4568 -636 12292 -703 306 4314 END
START -4580 -1084 12988 -1160 629 5187 END
START -4064 -520 10892 -727 1839 6577 END
START -4896 644 9980 1142 1971 7054 END
START -5288 1740 10756 2193 -154 6406 END
START -5936 2444 12632 1119 -1906 5058 END
START -6120 2052 13472 -255 -3624 3051 END
START -5172 1408 14568 -1197 -4232 1595 END
START -5060 628 16488 -2937 -4423 1062 END
START -4428 204 16292 -4301 -4590 1005 END
START -3504 692 13912 -2162 -4398 1808 END
START -3916 1208 11800 1707 -5808 1445 END
START -3848 1564 12472 5363 -7554 482 END
START -3140 1056 12896 8591 -9458 -324 END
START -3344 856 14056 11847 -10782 -800 END
START -3128 820 16716 13333 -7203 -1132 END
START -3176 948 18844 10392 -7340 -53 END
START -3676 5352 18428 5737 -10168 29 END
START -2196 2264 15864 -6250 -4848 786 END
START -3772 140 15236 -4185 -9003 34 END
START -3000 588 11612 -4154 -11360 326 END
START -1652 588 14688 -1177 -10877 187 END
START -1580 1128 16688 -1454 -10220 669 END
START -1404 1396 15504 -1231 -8953 399 END
START -1528 1056 17076 -3113 -9976 -42 END
START -1040 2184 15700 -3848 -9463 -548 END
START -44 -556 14272 -3216 -9805 62 END
START 432 -136 12380 145 -10096 708 END
START 456 -28 14004 3644 -9870 1167 END
START -120 2032 15736 4906 -10091 1703 END
START -608 3428 17612 4083 -12029 1702 END
START -952 5324 19140 2374 -14030 499 END
START -212 4396 18324 -495 -14866 -813 END
START 172 5116 19176 1914 -14614 -2497 END
START 684 4452 18104 3563 -13475 -3337 END
START 1064 5056 19040 6278 -11383 -4171 END
START 600 5660 19580 7871 -9682 -4324 END
START -924 6024 22744 6966 -10791 -4785 END
START 236 7344 21392 6957 -9255 -5490 END
START -2440 4888 19560 5646 -13134 -5547 END
START 1524 3908 11916 -451 -6504 -5239 END
START -400 5368 30608 1880 -12238 -7501 END
START 2240 5660 27380 2266 -11991 -9196 END
START 2384 3728 27536 1257 -10419 -9322 END
START 3404 2852 29420 432 -8215 -8929 END
START 2448 1604 30108 -349 -6510 -8759 END
START 2548 -772 28492 698 -4007 -7601 END
START 2020 -584 26860 2022 -1495 -6741 END
START 884 -640 25412 1690 -429 -6167 END
START 160 -680 27144 4808 -1045 -7199 END
START 1632 2808 31224 345 -572 -6913 END
START 1220 -580 23552 -142 2940 -7221 END
START 1444 -1308 22100 718 3929 -6626 END
START 1716 -1004 20268 818 4126 -5475 END
START 2536 408 22892 810 5365 -5397 END
START 1496 -1516 20476 -1586 3090 -5360 END
START 2492 -1248 20644 -5173 435 -4612 END
START 3028 -2896 19680 -5484 334 -3916 END
START 3076 -2064 19112 -5729 1422 -2698 END
START 2788 -2820 18260 -6366 2200 -1698 END