START 684 -12 17840 811 -2313 746 END
START 384 1292 12824 -2339 -2609 1230 END
START 988 -116 16848 328 -2487 461 END
START -412 -236 17460 -95 -2912 629 END
START 460 456 17984 -475 -2547 437 END
START 312 452 17488 -1258 -2919 477 END
START -184 432 17372 -1604 -3281 450 END
START -320 752 17408 -897 -3884 244 END
START -16 1140 17656 -42 -4075 -90 END
START 384 1660 18032 662 -3640 -563 END
START 308 1532 18176 1622 -2606 -1170 END
START 132 1780 18712 2741 -1651 -1505 END
START 140 1940 19200 3691 -796 -1750 END
START -84 2100 19816 3532 -459 -2008 END
START -212 2320 19840 3065 -717 -2347 END
START 0 2724 20260 2530 -1689 -2594 END
START -108 3108 20784 2147 -2654 -2711 END
START -524 3224 21420 2330 -2936 -3233 END
START -700 2852 22032 2691 -2485 -4120 END
START -372 2708 22460 3552 -1660 -5112 END
START 1000 2568 22884 3066 245 -5515 END
START 1692 2200 23236 2921 1610 -5791 END
START 1292 1720 22948 596 3202 -5408 END
START 1448 1272 21616 -369 3841 -4735 END
START 1896 824 20844 -1405 6425 -3667 END
START 880 52 20768 -1332 8279 -3180 END
START 636 860 21880 -437 7947 -3129 END
START 232 536 22084 2610 6668 -3734 END
START 724 980 22376 4847 4960 -3846 END
START 344 956 22584 4681 4426 -3843 END
START 444 1476 22120 3439 6169 -3784 END
START 576 1660 21328 4497 6021 -4601 END
START -140 1040 20992 5190 4924 -4894 END
START 280 1156 20656 6862 4270 -5295 END
START 560 1692 20564 10698 2554 -5823 END
START 488 1576 20888 11291 1907 -5996 END
START 472 2200 20952 7439 3356 -5557 END
START 1172 5848 21360 1093 5165 -5209 END
START 604 -1204 20736 -1623 5802 -4668 END
START 1452 2544 20676 -3558 6875 -3937 END
START 836 -76 19524 -2218 7388 -3782 END
START 732 676 19240 -919 8049 -3350 END
START 596 972 19232 -246 8491 -3286 END
START 632 1196 18676 -1418 8379 -2875 END
START -112 1308 17624 -2058 8164 -2654 END
START -448 1244 17500 -3096 7979 -2654 END
START -448 1640 18132 -3434 7243 -2813 END
START -600 1196 18260 -3698 6851 -3112 END
START -156 708 17880 -4687 7060 -3008 END
START -44 292 17176 -5390 7860 -2499 END
START -480 -88 17004 -5648 8006 -1969 END
START -704 -68 16376 -5489 7747 -1475 END
START -960 -232 15984 -5445 7202 -835 END
START -1244 -832 15612 -5005 6986 -166 END
START -2172 -604 16576 -4743 6346 337 END
START -2576 -356 15972 -4121 6357 254 END
START -2708 168 15960 -5230 5144 -164 END
START -2396 580 16236 -6290 5684 -642 END
START -2756 12 14596 -5776 5797 -1157 END
START -2488 -340 14912 -5034 5787 -1500 END
START -1976 -876 15476 -3737 6875 -1597 END
START -3180 -2824 17996 -2682 4847 -1132 END
START -1600 -2316 16612 -2690 6350 364 END
START -2200 -1848 15620 -3295 6072 1055 END
START -2564 -1676 15008 -3401 5993 1662 END
START -2792 -1200 14264 -3341 6826 1965 END
START -3188 -1072 15132 -3592 5945 1885 END
START -2972 -1496 14652 -4311 5034 1836 END
START -2808 -1884 13928 -4458 4810 1913 END
START -2868 -2544 13696 -3987 4552 2145 END
START -2760 -2852 13868 -3730 4421 2488 END
START -2596 -3080 14856 -4029 3042 3195 END
START -2040 -2896 13444 -3987 4348 4028 END
START -2680 -2828 13556 -4142 3823 4949 END
START -3160 -2420 12940 -4461 2980 5333 END
START -3824 -2172 12760 -4678 2520 5286 END
START -3948 -2052 12736 -4184 2046 5189 END
START -4144 -2012 12964 -3620 2248 5105 END
START -4064 -1312 13732 -3543 1736 4915 END
START -4348 -1300 13832 -4250 1316 4568 END
START -3728 -1156 12772 -4970 1102 4320 END
START -3628 -1612 11320 -4532 785 4615 END
START -3480 -1916 10512 -2778 994 5341 END
START -3840 -1708 10480 -603 1766 6503 END
START -4076 -1492 11220 849 2081 7367 END
START -4428 -1084 12052 953 2438 8022 END
START -4508 -172 12220 391 2329 8038 END
START -4476 284 11972 -918 2038 7290 END
START -4872 92 11252 -1728 1238 6244 END
START -4356 -48 10076 -1395 310 5702 END
START -4220 220 10636 -852 -320 5591 END
START -4656 452 11152 -778 -1187 5595 END
START -4776 848 12368 -1104 -2679 5752 END
START -4872 1112 12120 -1376 -2356 5509 END
START -4648 688 12300 -1802 -3112 4546 END
START -3256 500 11268 -2100 -2570 4095 END
START -3140 476 11280 -1556 -2271 4210 END
START -3244 516 9912 -21 -4513 4170 END
START -3448 1512 10168 2656 -6919 4010 END
START -4532 1596 9460 6243 -10703 3403 END
START -4668 900 10632 12781 -13179 2171 END
START -2884 4616 14760 10549 -11451 1797 END
START -3312 2204 13212 1595 -8580 1357 END
START -4804 3660 14436 -1009 -8601 -349 END
START -1688 2888 12688 -905 -10227 -1258 END
START -2116 1236 12676 -1912 -10773 -1477 END
START -1720 1832 14632 -1556 -9543 -1400 END
START -2332 -304 11868 -330 -11227 -1504 END
START -1584 412 16156 1245 -11236 -1016 END
START -2208 1192 16136 1311 -11902 -978 END
START -1052 680 16084 2081 -12217 -1517 END
START -524 2112 14956 3933 -12456 -1131 END
START -604 2444 16608 5903 -13924 -827 END
START -848 3440 19596 6786 -15349 -1215 END
START -464 2516 22336 5050 -15802 -1459 END
START -348 2928 21132 4079 -15930 -1722 END
START 988 2932 20584 4942 -14457 -2037 END
START 1464 3300 21256 6294 -14598 -1839 END
START 1824 3636 22844 5383 -16607 -2031 END
START 1944 5208 26568 4794 -17056 -2118 END
START 1024 3900 30192 16969 -21324 -4587 END
START 5556 20332 32767 11696 -8642 -4456 END
START -2276 2068 24156 7629 -13187 -6510 END
START 1612 3216 30140 4323 -15803 -5171 END
START 1592 3176 30788 4502 -11822 -4717 END
START 1256 3212 32767 3759 -8854 -4486 END
START 1948 2712 30468 4383 -2101 -4362 END
START 744 3452 27644 5785 2757 -4029 END
START -4 4088 26904 5942 2992 -4067 END
START -720 4820 26496 3781 2027 -3799 END
START -1228 6200 21540 3671 2859 -4951 END
START -1880 6388 22380 2621 -303 -6106 END
START -1384 6304 20252 1892 -1657 -7122 END
START -880 5100 17460 1425 -1049 -8123 END
START -300 4428 15452 602 -2349 -8806 END
START 368 2368 15040 216 -3454 -8652 END
START 1984 1312 15364 -500 -4226 -8305 END
START 3116 716 16628 -2383 -3767 -7129 END
START 3712 460 17980 -1611 -3608 -5949 END
START 3792 1524 17452 -1956 -2576 -4917 END
START 3236 660 16540 -1272 -2019 -4654 END
START 3256 2296 17920 -872 -1674 -5411 END
START 4272 -260 18440 -2050 -1693 -5738 END
START 5264 -900 18536 -1670 -1186 -5061 END
START 5384 -1352 19404 -1851 97 -3685 END
START 5420 -1940 18764 -2268 476 -2377 END
START 5256 -1348 18900 -1910 1437 -1007 END
START 4556 -960 19152 -2387 2150 255 END
START 3880 -488 19260 -2862 2472 695 END
START 3556 -200 18088 -3796 2136 1177 END
START 3500 884 17052 -2639 2786 1323 END
START 3132 592 17236 -1813 2436 1511 END