START -312 44 19860 681 -889 -1517 END
START -992 3568 18756 -524 -1332 -1675 END
START 1628 264 16936 156 150 -1479 END
START -192 -420 18836 621 -905 -2302 END
START 1072 -424 17856 1074 -343 -1721 END
START 1040 -320 18040 1588 102 -826 END
START 420 -136 17688 1830 -334 -393 END
START 76 844 18164 1588 -1078 -571 END
START -168 1464 18196 1385 -1593 -1244 END
START -288 1804 18544 1517 -1843 -2119 END
START -268 2200 18724 1914 -1959 -2770 END
START -164 1712 18992 2800 -1520 -3169 END
START -408 1180 19472 3314 -1830 -3133 END
START -760 1680 20156 4006 -1824 -3035 END
START -996 2436 21848 3511 -2117 -3368 END
START -1212 2616 22380 2572 -1125 -3753 END
START -1600 2964 22600 2061 904 -4562 END
START -1144 2764 23416 1879 2489 -5253 END
START -928 1648 23340 1697 2596 -5595 END
START -708 1400 23144 1612 2439 -5661 END
START -440 968 22928 1234 2910 -5506 END
START -152 672 22580 808 3691 -5080 END
START 0 888 22760 1146 4121 -4995 END
START 304 896 22704 1056 4211 -5181 END
START 376 308 22672 1006 4870 -5301 END
START 404 -116 22764 1447 5145 -5160 END
START 868 -80 22000 2682 5696 -4958 END
START 868 144 22464 1666 6624 -4500 END
START 400 352 21932 1227 6544 -4350 END
START -312 408 21388 1265 6711 -4410 END
START -680 424 21100 1048 6911 -4453 END
START -864 252 21244 894 6988 -4266 END
START -884 124 20572 1083 7474 -3922 END
START -860 188 20148 388 7417 -3454 END
START -1188 500 20012 -357 5609 -3220 END
START -936 968 20092 -1166 3822 -3218 END
START -1424 1328 20308 -1764 3128 -3504 END
START -1484 1164 20716 -1712 4053 -3882 END
START -1420 212 20424 -940 6339 -3868 END
START -1756 328 20416 -465 7982 -3681 END
START -1608 404 19584 -388 8677 -3693 END
START -1908 488 19204 -397 8812 -3905 END
START -1816 360 18800 -467 8458 -3983 END
START -1612 80 18232 -211 9004 -3884 END
START -1740 -60 18080 -437 9311 -3458 END
START -1692 -124 17996 -1346 8644 -3163 END
START -1920 -424 16668 -3062 8545 -2946 END
START -2240 -680 15652 -4177 9478 -2913 END
START -2332 -1020 14880 -4368 8439 -3283 END
START -2460 -1156 15396 -5213 9444 -3276 END
START -2468 -1632 16432 -5219 11361 -3199 END
START -2060 -3040 14880 -3593 10748 -3073 END
START -1140 -1992 17328 -5578 6921 -1639 END
START -2128 -3348 15140 -3116 7302 -1004 END
START -1588 -3068 14660 -4028 6995 -468 END
START -3368 -2468 15056 -6203 1407 -659 END
START -3004 -2764 15300 -8088 1261 -675 END
START -3360 -3036 15024 -8242 1642 -1028 END
START -2392 -4336 14192 -7049 2069 -1328 END
START -1544 -5652 14104 -5267 3181 -850 END
START -524 -6432 13556 -4468 4419 650 END
START -364 -6464 12392 -5199 4453 2324 END
START -880 -5916 11756 -6356 1897 3989 END
START -1224 -5228 10796 -7264 353 5174 END
START -2484 -4728 11256 -7531 -1847 5422 END
START -2292 -4548 11188 -7205 -2423 5100 END
START -2608 -4516 10836 -5887 -2231 4736 END
START -1872 -4592 10984 -3638 -1199 4591 END
START -1924 -4776 12216 -3134 3 4917 END
START -2088 -4788 11924 -3681 595 5221 END
START -1628 -4700 10240 -3954 743 5693 END
START -1804 -4020 9088 -3160 167 6040 END
START -1972 -3436 9168 -2108 -449 6134 END
START -2456 -2812 9940 -1154 -815 6313 END
START -3136 -1928 11028 -754 -967 6188 END
START -3508 -1260 11644 -610 -729 5884 END
START -3312 -924 11788 -82 346 5758 END
START -3532 -472 11736 776 1194 5650 END
START -3748 -8 12664 899 1493 5206 END
START -3432 152 12812 573 1473 4791 END
START -3640 112 13084 475 1428 4806 END
START -3980 44 12860 266 1097 4908 END
START -4032 956 12608 571 703 4827 END
START -4588 1648 13068 590 -724 4267 END
START -4880 2272 14660 -878 -1447 3108 END
START -5100 1836 15004 -1994 -1988 1834 END
START -4584 1228 14360 -2244 -1045 1206 END
START -4124 380 14036 -514 7 1154 END
START -4132 120 14880 483 -563 1433 END
START -3876 140 14624 1245 -2502 1510 END
START -4280 392 15188 1466 -4456 1506 END
START -4864 996 15540 1383 -6667 1351 END
START -4952 1104 15380 1586 -7724 873 END
START -4440 724 15100 1745 -7055 721 END
START -4092 328 13480 2538 -3905 1022 END
START -3656 144 13524 3395 -1045 1111 END
START -3708 -484 13008 3824 -964 1140 END
START -3572 -1200 13432 4169 -3176 1170 END
START -3368 -1920 13348 3453 -6667 1414 END
START -3508 -1168 14284 3839 -9474 2167 END
START -3748 -328 15216 3227 -13569 1801 END
START -2704 -2216 16436 2895 -12850 1634 END
START -524 -392 15836 1550 -9049 1600 END
START -1968 -644 15308 -442 -7002 1181 END
START -2360 -548 14972 455 -9101 600 END
START -2520 -1240 14408 1075 -9350 666 END
START -2452 -1176 15148 2706 -10071 1151 END
START -2048 -436 16088 3570 -10738 1770 END
START -1236 504 15656 4494 -11749 2188 END
START -740 1136 19124 2819 -11544 2016 END
START -888 1960 20844 1257 -11394 1151 END
START -1520 1084 20900 1371 -9955 5 END
START -964 244 19516 3151 -7795 -555 END
START -444 200 18828 5407 -6964 -221 END
START -84 1184 18968 6774 -7099 322 END
START -60 1988 19276 6875 -7890 836 END
START 12 3304 19040 6745 -8563 1396 END
START -752 6240 20768 7460 -9529 378 END
START -64 6072 20828 7067 -10436 -1345 END
START -144 5396 23128 5088 -12109 -2491 END
START -148 4428 24552 2587 -12767 -3508 END
START -308 2900 25896 8373 -15141 -3662 END
START 476 336 25000 2276 -2910 -2352 END
START -1108 1580 31104 7173 -11159 -2828 END
START 344 4004 27776 6492 -7067 -2426 END
START -512 4700 27048 6680 -5308 -2977 END
START -1344 3976 28512 5774 -4203 -3851 END
START -2212 3412 27520 3912 -2770 -4342 END
START -1836 2196 25864 2536 -1852 -4980 END
START -1688 1888 24744 3009 -1456 -5017 END
START -1800 2140 23732 2185 -1107 -5439 END
START -1120 2284 22816 1888 -818 -5838 END
START -676 2248 21000 1529 -517 -5942 END
START 356 2504 20464 2091 -296 -6048 END
START 936 808 20092 3970 806 -5708 END
START 744 3444 17452 2689 95 -6268 END
START 932 2508 16636 2302 -206 -6418 END
START 1420 -508 19488 2986 -1282 -6547 END
START 1572 664 18220 170 -1771 -6838 END
START 2648 408 16484 -4535 -956 -6205 END
START 1900 -400 15988 -1790 36 -6562 END
START 3200 -1020 15684 -858 -68 -6003 END
START 3516 -1664 17512 -216 169 -5193 END
START 4224 -2164 17728 -663 863 -3777 END
START 3536 -2568 17680 -361 -177 -2516 END
START 3440 -2648 18016 -1032 -199 -1450 END
START 2828 -1588 18896 -1533 -342 -1068 END
START 2068 -1336 18672 -1868 -156 -1074 END
START 2156 -868 19120 -1224 -157 -1401 END
START 1904 -904 19416 -1062 1045 -1238 END
START 2104 -604 19488 -547 1894 -957 END
START 2192 -412 18868 -348 2859 -220 END
START 1732 304 18100 -521 3083 770 END
START 1272 1168 18368 -1201 2597 1231 END
START 392 2052 17052 -2216 692 1262 END
START -464 2952 15544 -3570 -2241 606 END
START 964 2308 18688 -3061 -229 217 END
START 892 3368 17524 -2351 4 -221 END
START 456 2320 17480 -1916 871 -319 END
START 1012 2396 17348 -1592 671 -103 END
START 760 2596 17228 -2130 624 82 END
START 1104 3132 17476 -2214 -20 222 END
START 884 2576 17016 -2006 539 292 END
START 1072 2720 17916 -2173 337 204 END
START 1236 2764 17920 -3453 -281 -181 END
START 1500 2172 17832 -3044 372 -388 END
START 1800 1304 17640 -2561 621 -141 END
START 1988 1008 18324 -1709 1629 432 END
START 1456 732 18560 -1724 1783 1113 END
START 1060 712 18480 -1812 2024 1522 END
START 756 1180 18228 -1821 1919 1357 END