START -1076 -1484 18052 -176 -1174 671 END
START -916 72 20308 -1271 -1296 1072 END
START 1376 -268 19828 -333 -1360 963 END
START -1844 -2104 17132 92 -858 672 END
START -844 -568 18380 -467 -437 669 END
START -832 -984 17936 94 -242 342 END
START -1032 -1056 18008 20 59 301 END
START -968 -1020 17584 511 392 256 END
START -1008 -1192 17996 670 531 284 END
START -1144 -1244 18048 417 334 391 END
START -1176 -1460 18028 -214 -122 604 END
START -1560 -1428 17456 -478 -613 684 END
START -1632 -1336 17900 -290 -802 577 END
START -1416 -1352 18348 -100 -625 706 END
START -1324 -728 18592 -108 -171 950 END
START -1336 -224 18824 40 38 876 END
START -1356 -100 18604 180 296 601 END
START -1696 72 18656 283 532 435 END
START -1892 68 18900 400 569 342 END
START -2424 352 18888 453 407 234 END
START -2668 588 18972 299 171 136 END
START -2828 1036 18940 216 18 -39 END
START -3244 1588 18476 800 -219 -538 END
START -3380 2116 18952 1622 -245 -1276 END
START -3232 2672 19188 1792 -681 -2261 END
START -2960 2812 19268 1821 -1110 -3420 END
START -2616 1856 19732 1485 -1365 -4139 END
START -2240 1180 19780 1163 -1222 -4131 END
START -2012 460 19924 1600 -750 -3819 END
START -2212 1040 19452 2078 -197 -3552 END
START -2336 1944 20256 3981 188 -4035 END
START -2616 1628 21488 4363 454 -4225 END
START -2844 2320 21720 4854 523 -4612 END
START -3252 2432 22824 5443 398 -5267 END
START -3112 1800 22368 4379 221 -5380 END
START -3020 2864 22800 4662 130 -5724 END
START -2912 2236 23932 4236 63 -6088 END
START -3020 1576 23652 2673 780 -6038 END
START -2552 1992 24236 2180 1838 -5889 END
START -2484 1536 23232 2099 3556 -5817 END
START -2356 1960 22556 2444 5107 -5856 END
START -2328 1740 21948 2719 5810 -6197 END
START -2236 1744 21612 2081 6070 -6673 END
START -2048 1348 20924 2024 6127 -7172 END
START -1544 76 20640 1350 5996 -7163 END
START -1128 -144 20652 538 5122 -6923 END
START -588 144 20200 1102 5960 -6763 END
START -696 -1420 20300 535 5698 -6424 END
START -144 -1116 19688 -1519 5941 -5574 END
START -500 -1116 18924 -1849 5926 -5032 END
START -612 -836 18800 -3101 5574 -4533 END
START -1156 -336 18008 -2845 5758 -4599 END
START -1424 -1056 18160 -3228 6038 -4647 END
START -1456 -1004 18840 -2817 6276 -4902 END
START -1416 -2696 18624 -3202 6266 -4919 END
START -928 -1832 17088 -3306 7498 -4631 END
START -708 -2608 16660 -3209 8688 -4277 END
START -804 -3544 16668 -3487 8067 -3259 END
START -780 -2412 15720 -3016 8136 -2646 END
START -1888 -3304 16528 -2959 7186 -2251 END
START -2680 -3652 16440 -2807 5708 -2208 END
START -1824 -2628 15464 -3639 4502 -1935 END
START -1324 -2544 14976 -4845 3884 -1570 END
START -1836 -2592 14720 -5664 3195 -1240 END
START -1672 -2992 13384 -5671 4747 -925 END
START -2792 -3520 14504 -5514 1828 -650 END
START -2036 -3320 14548 -5885 1542 -462 END
START -2368 -3564 13840 -7091 963 -86 END
START -2084 -3840 12444 -7429 44 327 END
START -2148 -3808 12432 -7314 -1041 576 END
START -2240 -4664 12520 -5361 -532 721 END
START -1796 -4992 11676 -4000 748 1412 END
START -1816 -5196 13520 -3285 1123 2089 END
START -2048 -5348 14832 -3559 -84 2776 END
START -1876 -5696 14480 -4079 -1226 3283 END
START -1880 -5696 14192 -3963 -667 4011 END
START -1660 -5576 13668 -3880 -231 5022 END
START -2392 -5252 14944 -4070 177 5653 END
START -2660 -5096 14804 -4537 76 5706 END
START -2644 -5104 13340 -4688 1050 5894 END
START -3236 -4324 13840 -3946 1864 5926 END
START -3168 -4268 12140 -2021 1292 5927 END
START -3480 -4108 12756 -1076 -327 5838 END
START -3160 -4212 13564 -1049 -226 6176 END
START -3256 -3820 13452 -1182 -186 6898 END
START -3532 -2984 13856 -921 -167 7117 END
START -3748 -2260 14296 -1244 7 6985 END
START -4224 -2000 14180 -1408 -91 6735 END
START -4424 -1708 13624 -813 -135 6421 END
START -4580 -1260 13716 674 681 6204 END
START -5316 -720 14616 1827 1318 5764 END
START -5440 -496 15816 1570 1857 5164 END
START -5144 -516 15616 701 1858 4702 END
START -4688 -724 14976 194 1983 4689 END
START -4552 -628 14332 -64 1362 4788 END
START -4532 -272 14576 -214 1076 4920 END
START -4840 -224 14648 -330 817 4879 END
START -4604 232 14544 180 1230 4903 END
START -4968 916 14940 582 1592 4921 END
START -5272 1444 15172 193 1296 4279 END
START -5264 1260 14592 -390 1133 3491 END
START -5740 752 14312 -776 723 2942 END
START -5464 568 14084 -880 333 2237 END
START -5216 464 13388 -327 941 1809 END
START -5320 504 13108 885 1185 1727 END
START -5472 696 13656 1578 155 1617 END
START -5208 908 13932 1507 -522 1742 END
START -5136 880 14056 864 -1238 2087 END
START -5292 1300 14052 -127 -2265 1938 END
START -5516 1188 13676 3 -5012 928 END
START -5280 928 13616 2477 -7748 -368 END
START -4196 -1028 11388 3799 -7136 -1138 END
START -3420 -736 9200 4019 -4011 -88 END
START -4168 -396 12648 6075 -4235 29 END
START -4580 -848 13968 6607 -5716 429 END
START -4216 280 15940 5053 -8700 927 END
START -6384 1724 12784 1921 -7775 1578 END
START -4640 964 14260 5074 -11095 -1756 END
START -4080 1016 13404 -5321 -7355 117 END
START -3064 -332 13724 1731 -8197 -1637 END
START -1260 -808 13976 -416 -7256 -384 END
START -696 -716 13232 4032 -7350 -60 END
START -304 -3016 12344 2745 -6670 1456 END
START -1164 -1872 16128 2379 -9824 2506 END
START -2120 -172 13856 3009 -9201 3241 END
START -3428 996 17856 3503 -10594 2614 END
START -3996 2712 18944 2079 -9723 568 END
START -2940 3852 18076 4795 -7818 -1926 END
START -1452 1260 18504 7088 -6094 -2842 END
START 208 1672 19304 6750 -5731 -1998 END
START 732 1228 16520 6519 -6303 -953 END
START 444 1844 17400 6270 -7634 -78 END
START -48 2852 17168 5948 -9634 310 END
START -1208 3200 18708 6529 -10123 284 END
START -2272 4560 20960 5848 -9675 -619 END
START -1968 4404 21112 5819 -8184 -2189 END
START -1816 5452 20668 6233 -6877 -3406 END
START -612 4416 21224 6478 -7222 -4383 END
START 92 4008 21568 5690 -7715 -4195 END
START 540 4088 22020 5701 -7961 -3799 END
START 712 4084 21928 4819 -7836 -3234 END
START -124 4584 20760 4830 -7543 -3371 END
START -1188 4048 20228 5915 -6882 -3758 END
START -2212 4964 20324 6577 -6364 -4555 END
START -2844 4772 21608 7896 -5862 -6286 END
START -2248 3680 22912 7047 -5270 -7112 END
START -3308 1020 19776 6074 -6331 -7337 END
START -2408 5924 25328 4363 -6009 -8114 END
START -1784 2840 26732 3610 -6370 -8726 END
START -1436 3428 27392 287 -6038 -8873 END
START -652 3204 28140 1292 -4425 -9107 END
START -1352 1432 28288 801 -1791 -9247 END
START -476 940 27016 1228 1023 -9067 END
START -228 -172 26192 356 2410 -8175 END
START -12 400 25948 -1297 2846 -7595 END
START 584 -196 24068 -2055 3255 -7338 END
START 988 -1004 22408 -2044 3875 -6529 END
START 956 -180 21416 -1585 4496 -5829 END
START 1268 88 21280 -1768 4419 -5377 END
START 1220 -108 20276 -3359 3766 -4879 END
START 1228 172 18620 -4378 3016 -4621 END
START 1584 -724 17204 -4394 2551 -4382 END
START 2016 -740 16104 -4135 2660 -3836 END
START 2484 -932 15748 -3203 2825 -3252 END
START 3016 -1296 15312 -2992 3277 -2340 END