START 968 -368 18372 -864 463 610 END
START -224 424 11592 -197 -1431 345 END
START 992 -400 15804 -1706 1396 824 END
START 380 -580 16924 -269 -571 320 END
START 652 -292 18132 -149 -795 422 END
START 748 136 17504 147 -1020 382 END
START 436 336 18144 378 -863 195 END
START 336 716 18628 288 -747 -121 END
START 224 892 18948 -101 -486 -611 END
START 28 1156 18920 -372 -490 -1192 END
START 272 1044 18740 -130 -179 -1708 END
START 344 812 18604 602 120 -1941 END
START 372 984 18752 1299 474 -1805 END
START 324 1680 18108 1996 778 -1676 END
START -416 1768 19732 3175 862 -1393 END
START -1140 2716 20712 3919 1411 -1369 END
START -2032 3788 21532 4148 1612 -1884 END
START -2768 4320 22084 3724 1702 -3107 END
START -2436 4464 22876 3821 2411 -4743 END
START -2128 2856 24176 3051 2870 -4939 END
START -1404 4068 22832 2841 2338 -6182 END
START -1672 3164 22484 2586 3002 -6927 END
START -1656 2536 22032 2699 3302 -7371 END
START -1676 1904 22360 3031 2810 -7749 END
START -1072 1936 22252 814 4145 -7617 END
START -1276 2056 22708 1658 3217 -7814 END
START -604 2240 23496 1912 2895 -8163 END
START -56 1988 21844 2797 3418 -8597 END
START -324 1668 22944 2479 3356 -8546 END
START -84 1108 23028 1958 3992 -8272 END
START 308 720 21956 1551 5389 -8047 END
START 488 600 21332 2174 6673 -7939 END
START 1200 636 20792 2138 6767 -7664 END
START 508 468 20836 2539 6212 -7251 END
START 440 640 20312 2706 5512 -7085 END
START 112 912 19952 2715 5752 -7023 END
START 40 796 20240 2898 5734 -7152 END
START 548 224 20196 2795 6444 -6920 END
START 452 36 20372 2492 7124 -6314 END
START 856 196 19588 1866 7824 -5800 END
START 692 540 18720 912 8208 -5527 END
START 232 284 18048 446 8533 -5312 END
START 236 -8 17108 871 9760 -5068 END
START -520 -56 17556 886 9257 -4953 END
START -1264 160 18292 -102 6743 -5161 END
START -1216 36 17964 -1255 5104 -5772 END
START -1176 -464 17284 -2483 4526 -6218 END
START -8 -1424 17468 -2566 5256 -6155 END
START 628 -2424 17564 -1978 7383 -4923 END
START 488 -2132 18224 -1676 7762 -3369 END
START -1232 -6176 12360 2240 7373 -2881 END
START -532 -1276 18892 -529 8864 -2027 END
START -1128 -1172 17964 -1136 9610 -2370 END
START -1092 -1228 16860 -2890 9270 -2674 END
START -816 -1840 14732 -4729 8904 -2765 END
START -1644 -2704 16128 -5789 5768 -2350 END
START -1032 -2776 16232 -6118 4477 -2049 END
START -1136 -3300 14296 -5535 6030 -1036 END
START -1580 -3348 14780 -3764 6177 -167 END
START -2196 -2980 15584 -3319 5770 651 END
START -2180 -2740 15392 -4626 5298 1324 END
START -2544 -2252 15036 -5996 4295 1826 END
START -2724 -2168 13652 -7182 4604 2046 END
START -3292 -2408 12760 -7369 4643 1992 END
START -3036 -2844 12480 -7485 3179 1645 END
START -2768 -3248 12540 -6827 3703 1952 END
START -2288 -3920 12008 -5376 4202 2730 END
START -2616 -4220 12548 -5224 4365 3965 END
START -3148 -3660 12360 -5657 2470 4853 END
START -3360 -2892 12036 -6776 692 5440 END
START -3268 -2592 10644 -6545 25 5771 END
START -3876 -2464 10916 -6259 -666 5826 END
START -3868 -2668 10364 -5292 -435 5513 END
START -3608 -2940 11056 -4046 449 5482 END
START -3088 -3400 10536 -2191 2123 6312 END
START -3168 -2684 10540 -1293 2612 7508 END
START -3892 -1756 10776 -1206 957 7862 END
START -3944 -1040 10732 -1209 -16 7718 END
START -4300 -544 11340 -1322 -883 7385 END
START -4560 -244 11384 -1052 -1033 6899 END
START -4520 48 11696 -628 -542 6641 END
START -4728 512 11852 -223 -374 6375 END
START -4236 976 11700 400 -314 6155 END
START -4444 1348 11180 1100 76 6097 END
START -5152 1776 12108 1575 -487 5459 END
START -4852 1660 12968 517 -1032 4736 END
START -4564 1220 12508 -715 -1333 4176 END
START -3848 704 11376 -625 -1249 3981 END
START -3888 68 11484 278 -1455 4028 END
START -3704 -228 12044 532 -2500 4057 END
START -3188 -12 11596 307 -2735 4441 END
START -3356 372 11452 684 -3374 4686 END
START -3272 1172 11456 871 -4099 4656 END
START -4508 1748 11204 2102 -6854 4163 END
START -5268 2288 12036 5153 -10440 2747 END
START -3984 1172 12060 8079 -12214 1472 END
START -5180 488 11128 12559 -13415 360 END
START -2952 704 12396 13955 -11378 -267 END
START -452 2044 7584 5692 -11912 874 END
START 660 2592 9548 -1176 -6422 2859 END
START -2572 1552 12976 692 -9906 2529 END
START -2748 1876 13476 3186 -11913 2854 END
START -2368 3796 12680 2584 -10170 2940 END
START -2992 4832 16088 2199 -10917 1938 END
START -2576 4552 14560 1723 -12049 413 END
START -1344 4296 14996 1625 -12034 -726 END
START -348 3892 14072 2100 -11641 -1566 END
START 668 3140 15236 3633 -10884 -1502 END
START 1028 2064 15144 5467 -10460 -637 END
START 1016 2372 15616 7344 -11056 569 END
START 584 3548 19040 7451 -12256 1536 END
START 608 5468 21384 6057 -13983 1479 END
START 676 7708 22828 4499 -14703 493 END
START 408 8384 26448 5659 -13659 -1851 END
START 696 6540 26400 6332 -11917 -4053 END
START 1860 5392 25520 7737 -8211 -4189 END
START 2608 2160 24520 9501 -8563 -3073 END
START 2116 796 18676 5229 -5554 -1863 END
START 656 6092 28052 9508 -6122 -2656 END
START 108 6020 28412 7531 -9799 -2203 END
START -568 7584 32148 7298 -8324 -2351 END
START -1836 8156 32767 3172 -7224 -4105 END
START -804 6424 32767 563 -4061 -5356 END
START -832 4848 30436 1594 -1757 -5163 END
START -1036 4988 28160 3146 1207 -4745 END
START -1564 5704 26136 3185 2561 -4795 END
START -1356 7796 24464 2263 2488 -5486 END
START -676 4688 20228 1129 1608 -6205 END
START -516 4348 18616 -607 -121 -6301 END
START 224 4216 21052 -2393 -1001 -5965 END
START 592 4608 19148 -1253 -1138 -6098 END
START 92 3860 16432 -1539 239 -5791 END
START -372 3972 17176 -1156 -653 -6431 END
START 216 4316 16824 -1779 -617 -7341 END
START 984 1968 17308 -2747 -897 -7961 END
START 2048 1264 16216 -2196 -203 -7792 END
START 2484 -708 16960 -2072 -178 -6987 END
START 2876 -1140 17588 -2460 -572 -5935 END
START 3064 -1956 17628 -2759 -571 -4530 END
START 3036 -2384 18156 -2578 -374 -3054 END
START 3308 -2280 19236 -2986 50 -1667 END
START 2816 -1776 19720 -3428 424 -704 END
START 3156 -1176 19756 -4754 733 85 END
START 3268 -1124 19536 -4912 1242 967 END