START 608 -608 18984 2581 -298 -681 END
START 432 756 22024 1471 -504 -207 END
START -1804 -2000 15076 1806 -240 -1146 END
START -76 -416 17136 2410 96 -286 END
START 216 -896 17868 1283 56 204 END
START -160 480 17668 1280 -283 291 END
START -496 600 17964 1120 -838 44 END
START -596 828 18168 22 -1576 -498 END
START -404 1488 17620 -395 -1927 -1244 END
START -260 912 18448 -83 -1971 -1942 END
START 60 1264 18228 332 -1315 -2104 END
START -24 1436 18176 1756 -813 -2179 END
START -248 1528 18816 2016 -929 -2200 END
START -100 2488 18708 2088 -1198 -2359 END
START -692 2708 19196 2196 -1262 -2744 END
START -1320 3372 19696 1903 -1559 -3664 END
START -1184 3072 20308 1881 -1698 -4721 END
START -752 2788 19908 1450 -1347 -5247 END
START -872 2616 19712 1704 -1403 -5618 END
START -520 2576 20332 1521 -1520 -5976 END
START -300 2384 20644 1993 -1496 -6398 END
START 124 1552 21340 1962 -1040 -6306 END
START 236 2196 21424 2043 -416 -6316 END
START 244 1756 21980 2856 390 -6525 END
START 84 1640 22296 2576 842 -6683 END
START 120 1732 22868 2352 676 -7076 END
START 80 1192 22916 1581 722 -7308 END
START 16 1316 22884 1188 1108 -7518 END
START 36 860 22884 910 1468 -7562 END
START 160 948 22828 696 1870 -7648 END
START 472 816 23260 1308 2796 -7813 END
START 928 720 23920 2387 4481 -7688 END
START 1204 -572 23408 1498 4894 -7058 END
START 1004 1648 21740 2577 6563 -6926 END
START 452 -860 21564 2131 6866 -6759 END
START 184 564 21568 241 7213 -6330 END
START 148 1316 22056 1422 6891 -7022 END
START -264 -1948 16056 -1261 6484 -6441 END
START 420 1104 19976 1694 7076 -6927 END
START 192 -2232 20104 1207 7847 -6631 END
START 480 -404 19584 147 8418 -5958 END
START 376 -692 19392 1667 8401 -5806 END
START 288 -1276 20100 -102 8060 -4876 END
START 208 88 19720 -1268 7904 -4281 END
START -572 -216 18860 -2560 7919 -3973 END
START -1172 684 18260 -3471 7873 -4438 END
START -1332 636 17668 -3469 8042 -5301 END
START -1192 -372 17724 -3879 7621 -5824 END
START -940 -988 17320 -4342 7473 -5620 END
START -812 -1964 17680 -3689 7149 -5226 END
START -336 -2372 18096 -2040 6919 -4335 END
START -116 -2020 17204 -1508 8254 -3469 END
START -1196 -2264 17604 -1240 8900 -2692 END
START -1160 -1620 18124 -1352 9144 -2614 END
START -1352 -1892 16936 -2838 8560 -2486 END
START -828 -1484 14760 -4487 9217 -2200 END
START -2340 -3660 18628 -3733 6189 -2294 END
START -376 -2820 16932 -3344 5300 -1474 END
START -576 -4488 15980 -2190 5627 -508 END
START -564 -4548 15668 -2584 6278 591 END
START -1000 -4204 16036 -3424 6102 1408 END
START -1140 -3908 16268 -5388 4711 1917 END
START -1100 -3924 14484 -5742 3566 2530 END
START -1124 -4244 13768 -6060 2849 3088 END
START -1888 -2976 13612 -6773 1853 3415 END
START -1720 -3404 13464 -6679 1619 3369 END
START -2108 -3592 12856 -5956 2960 3523 END
START -2264 -4204 12840 -4718 4291 3777 END
START -2072 -4256 13416 -4679 4565 4526 END
START -1876 -3860 12220 -4001 4395 5297 END
START -2468 -3048 12312 -4803 3103 5443 END
START -3076 -3276 12048 -5679 1482 5013 END
START -2768 -3520 11292 -5659 1316 4853 END
START -2960 -3800 11744 -4697 281 5293 END
START -2704 -3840 12100 -3212 148 5903 END
START -2524 -3616 12052 -2427 809 6640 END
START -3268 -2300 12484 -1882 329 6828 END
START -3608 -1824 13068 -1721 -239 6215 END
START -3344 -2080 12892 -1583 348 5871 END
START -3556 -2172 13020 -845 486 6080 END
START -3356 -1872 13424 -414 608 6334 END
START -3644 -1452 13312 133 981 6636 END
START -4292 -1028 13772 639 582 6701 END
START -4308 -916 14364 469 -120 6881 END
START -4368 -92 15040 -942 -1190 7241 END
START -4952 636 15280 -2413 -2650 6786 END
START -5048 1132 15036 -2895 -2825 5742 END
START -4520 760 14896 -2463 -2117 4827 END
START -3920 172 14472 -1505 -451 4500 END
START -3656 -20 13452 452 912 4696 END
START -3860 -232 13644 2038 1145 4775 END
START -4124 -156 14080 2440 1592 4982 END
START -4512 368 14664 1491 443 5260 END
START -4968 1004 14612 49 -953 5142 END
START -5316 1612 14744 -928 -2084 4636 END
START -5808 2128 14884 -1670 -2936 3594 END
START -5440 1984 14336 -1566 -3005 2529 END
START -5272 1384 14160 -170 -2643 2003 END
START -4600 980 14708 139 -2859 1973 END
START -4472 1120 14728 -215 -3206 2157 END
START -4856 1064 14312 880 -4714 1977 END
START -4784 1664 14768 2146 -6010 1834 END
START -5388 1296 14160 5209 -6617 1134 END
START -5876 1024 13872 4236 -7597 782 END
START -3172 4408 14248 2021 -3876 769 END
START -4420 920 14856 4864 -5792 -658 END
START -4000 868 14224 4289 -6248 -513 END
START -2804 792 14024 3664 -6510 -467 END
START -1472 1092 13456 -2357 -4067 831 END
START -3360 640 13548 1868 -5415 937 END
START -3428 -148 14136 589 -6807 1298 END
START -3308 2132 14004 1211 -7945 1234 END
START -3540 392 15424 1391 -8960 849 END
START -2228 196 14696 714 -9223 1024 END
START -1548 444 15016 2352 -9464 971 END
START -512 -668 15664 2669 -9566 766 END
START 328 -588 13948 4121 -7985 1511 END
START -652 52 16808 5144 -8683 2402 END
START -1960 1660 17760 4292 -8747 2769 END
START -2832 3636 18140 3121 -9198 1967 END
START -2836 3412 15920 3251 -9206 585 END
START -1836 3712 15408 5229 -9232 -667 END
START -580 3140 17324 5612 -9438 -1402 END
START 832 3096 17680 4795 -9304 -1667 END
START 1172 2280 17960 5081 -9755 -1185 END
START 1056 2896 19304 4542 -11270 -514 END
START 888 4020 20812 4736 -11713 -440 END
START -172 3988 21600 4731 -11072 -992 END
START -40 4200 21312 5761 -9139 -1766 END
START -120 5136 21456 6636 -7692 -2406 END
START 424 5432 21500 7148 -6536 -3382 END
START 940 5576 21444 6786 -6121 -3811 END
START 1096 5492 22660 6892 -6229 -4310 END
START 996 4520 22460 5975 -6375 -4139 END
START 280 5444 22784 5603 -6570 -4231 END
START 496 5436 31344 6002 -8651 -4587 END
START -2924 1388 18592 4594 -3520 -5171 END
START -1436 7444 22300 9093 -5537 -6558 END
START -948 672 25092 4865 -4331 -6275 END
START -708 6896 27376 4470 -3882 -6493 END
START -880 3620 27380 2491 -3408 -7111 END
START -228 3536 26812 -1032 -2987 -7500 END
START 304 1344 25408 314 -1585 -7521 END
START 640 196 24224 -43 378 -6411 END
START 356 1800 23108 967 1623 -5944 END
START 24 1384 22596 908 1679 -6090 END
START 684 1936 21124 -256 1514 -6228 END
START 1372 1104 19712 -219 918 -6059 END
START 1676 -28 18392 -937 727 -5104 END
START 2108 620 17680 -138 979 -4366 END
START 1800 -640 17092 -114 1486 -3555 END
START 1700 -472 16212 -527 1678 -2646 END
START 1964 -56 16180 -826 1440 -1998 END
START 1808 184 15736 -1510 1174 -1453 END
START 992 1036 16880 -1458 316 -1797 END
START 1700 468 17852 -2828 -42 -2276 END
START 2400 400 17196 -2999 219 -2181 END