START -4024 244 16688 -1990 2379 -2235 END
START -4252 -80 16888 -2190 3204 -2035 END
START -4156 20 16716 -2278 2296 -1758 END
START -3964 224 15956 -2384 2158 -1212 END
START -4112 548 15116 -2396 1859 -991 END
START -4576 984 14512 -2562 1460 -1167 END
START -5056 1020 13676 -2401 717 -1789 END
START -4616 828 13172 -1710 562 -2460 END
START -4524 484 12956 -1148 782 -2781 END
START -4104 120 12952 -766 529 -2864 END
START -3888 -108 13340 -570 309 -2787 END
START -3636 -292 13024 -646 148 -2466 END
START -3672 -456 12988 -626 -102 -2252 END
START -3284 -672 12828 -580 -201 -1946 END
START -3168 -1012 12296 -440 -122 -1441 END
START -3496 -1364 12140 82 -400 -1230 END
START -3204 -1612 11980 536 -1071 -1262 END
START -2580 -1952 12076 852 -2046 -1096 END
START -2448 -2364 12740 1145 -2655 -831 END
START -1772 -2480 13280 1248 -5315 -486 END
START -1388 -2456 12140 2418 -7759 106 END
START -1968 -2400 11604 4977 -9525 506 END
START -1436 -3524 10884 6992 -11487 502 END
START -1100 -3672 13424 9663 -12168 510 END
START -2088 -1512 9636 12803 -12995 25 END
START 2112 1652 17316 6308 -6909 3182 END
START -1260 292 15684 841 -5076 2207 END
START -2636 -2052 12664 1753 -6785 2129 END
START -1780 600 14028 777 -7815 1844 END
START -3432 -1256 14016 -751 -10013 1592 END
START -2272 -336 13896 1006 -10010 816 END
START -2312 -824 15672 1990 -9877 613 END
START -1772 -92 16808 2873 -9705 370 END
START -732 -28 17516 3306 -9522 212 END
START -256 -112 17752 3574 -9539 522 END
START -516 -732 18616 3149 -9686 1016 END
START -588 -644 19152 2171 -9759 1366 END
START -740 -576 18540 2428 -9768 1413 END
START -880 -600 19308 3712 -10121 1473 END
START -512 -476 20028 5424 -10168 1539 END
START -456 1428 26316 3718 -11318 2313 END
START -56 1044 24420 4493 -9272 1973 END
START 380 1228 24476 3069 -9698 2203 END
START 148 984 25044 2907 -8964 2182 END
START -136 1100 25056 3460 -7528 2255 END
START -212 1240 25288 3464 -5670 2545 END
START -208 2196 25720 3184 -5392 2693 END
START -716 2952 27024 2996 -5375 2702 END
START -1028 3752 27964 2726 -4401 2328 END
START -1000 3812 28500 2380 -3235 1954 END
START -872 4108 28828 1647 -2053 1725 END
START -884 4328 28776 949 -1006 1520 END
START -800 4464 28180 616 65 1274 END
START -680 4404 27632 719 1186 1018 END
START -644 4560 27224 999 2341 834 END
START -568 4772 26972 1028 3144 581 END
START -756 4948 26512 1059 3842 181 END
START -748 5060 26384 777 4553 -395 END
START -476 4764 25848 -78 5263 -852 END
START -372 4540 24992 -696 5818 -1244 END
START -96 4256 23732 -848 6706 -1604 END
START 88 3796 22700 -243 7738 -1811 END
START 492 3684 22064 360 8454 -1876 END
START 204 3720 21608 522 8842 -1851 END
START 16 3716 21240 227 8966 -1844 END
START -60 3648 20464 -53 9047 -1844 END
START -464 3548 19904 -163 9224 -2035 END
START -448 3540 19152 -351 9097 -2237 END
START -524 3448 18412 -563 8975 -2315 END
START -668 3360 17376 -249 8898 -2530 END
START -928 3212 16844 96 8618 -2780 END
START -1160 3176 16688 64 8201 -3000 END
START -796 3056 16484 -616 8125 -3031 END
START -684 2928 16392 -2358 8660 -2687 END
START -900 3236 16092 -5126 9778 -2082 END
START -1380 3140 16504 -5155 9604 -2450 END
START -1704 1700 15952 -4340 8948 -2763 END
START -1484 2892 16096 -5247 9973 -2737 END
START -2244 2112 14728 -4709 11227 -3167 END
START -2552 2220 14944 -3838 10820 -3702 END
START -2912 1588 14120 -2242 9709 -4398 END
START -2856 1780 14464 -1466 9654 -4749 END
START -2652 1476 13384 -1094 8788 -4871 END
START -2840 1452 13224 -1501 7355 -4780 END
START -2968 1552 12568 -1577 7009 -4828 END
START -2796 1792 11888 -2439 9193 -4794 END
START -4292 1540 12112 -2540 8323 -5156 END
START -3552 1756 12588 -1612 4178 -5477 END
START -3336 1200 11836 -985 3692 -5460 END
START -3712 1184 12340 -839 3186 -5603 END
START -3612 900 12296 -1326 3068 -5667 END
START -3604 376 12156 -1861 2541 -5395 END
START -3604 340 11600 -2103 3000 -5118 END
START -3736 332 11760 -2029 2133 -4916 END
START -4068 408 11928 -1583 1514 -4850 END
START -4148 400 12136 -1197 917 -5074 END
START -4680 120 12332 -985 1025 -5437 END
START -4576 -300 11904 -813 807 -5884 END
START -4052 -896 11464 -619 539 -6062 END
START -3656 -1368 11356 -518 -151 -5833 END
START -3428 -1908 11716 -488 -982 -5417 END
START -2932 -2188 11908 -414 -1207 -4790 END
START -2604 -2140 11504 208 -873 -3942 END
START -2776 -1652 11588 999 -446 -3300 END
START -3288 -1404 11756 1200 -651 -3154 END
START -3564 -1496 11900 1181 -1384 -3258 END
START -3132 -1708 11476 1209 -2371 -3254 END
START -3184 -2140 11944 1025 -3322 -2975 END
START -2444 -2428 12036 951 -4223 -2689 END
START -1888 -2668 11784 1239 -4368 -1976 END
START -1420 -2940 10744 2554 -6652 -1070 END
START -1676 -2204 11976 3368 -7810 -271 END
START -1696 -1672 11804 4823 -10014 80 END
START -2984 -668 13748 6713 -12214 -13 END
START -4668 -960 12540 7527 -13818 -702 END
START -2900 -812 13640 8353 -15382 -1434 END
START -2504 -1944 13468 9962 -16984 -2316 END
START -1372 916 12216 9561 -16636 -2169 END
START -2100 -260 15536 1513 -9303 -1167 END
START -1632 -2884 16596 3378 -10154 -243 END
START -252 1712 17392 2873 -10139 633 END
START -1908 -384 18232 2922 -9907 771 END
START -1896 1444 18988 1678 -10920 495 END
START -1784 940 17712 1738 -11287 -344 END
START -1284 528 19224 2749 -11649 -1274 END
START -124 -664 19460 3617 -11289 -1123 END
START 904 -496 21944 4877 -9742 -387 END
START 1228 -528 22904 4306 -9490 789 END
START 720 24 23320 3103 -8194 1995 END
START 80 900 23300 1835 -8124 2722 END
START -868 1540 22648 1644 -8048 2550 END
START -1400 1876 22628 2462 -7641 1973 END
START -1888 2484 24432 4409 -8015 1100 END
START -924 2880 25676 3425 -7495 660 END
START -644 2104 26548 2909 -6769 416 END
START -28 2184 26720 2471 -5831 831 END
START 20 2472 26928 1674 -5204 1420 END
START -236 2776 27560 1127 -4284 1491 END
START -160 2920 27516 1230 -2767 1307 END
START -124 2980 27816 1246 -2018 1132 END
START 128 3048 28048 1342 -652 1100 END
START 100 3232 28352 1080 315 1065 END
START 144 3512 28004 196 1070 1225 END
START 256 3732 27796 -94 2165 1187 END
START 16 3860 27168 -342 3128 1107 END
START -140 4024 26420 -400 4023 799 END
START -92 4084 25996 -254 5031 447 END
START -228 4004 25304 -185 5993 81 END
START 84 3932 24492 12 7097 -126 END
START -112 3720 24060 25 7731 -285 END
START -180 3732 23336 -523 8339 -285 END
START -172 3704 22720 -1258 8504 -380 END
START -224 3704 21604 -1407 8413 -643 END
START -196 3568 21164 -1288 8431 -805 END
START -268 3416 20764 -1116 8824 -929 END
START -380 3248 20112 -1209 9060 -1021 END
START -396 3340 19812 -1750 9624 -1046 END
START -784 3388 18696 -1669 10020 -1281 END
START -1136 3400 18160 -1469 10418 -1509 END
START -1596 3520 18132 -1877 10396 -1801 END
START -1600 3600 17584 -2742 10418 -2263 END
START -1532 3536 16848 -4705 10724 -2589 END
START -1600 3848 15956 -5614 11594 -2744 END
START -1532 1924 15080 -6331 12289 -2675 END
START -1740 1236 14840 -5174 14859 -2804 END
START -2156 1468 14456 -4619 13213 -2878 END
START -2296 1516 13888 -3972 12542 -2898 END
START -2424 1840 13864 -2240 9930 -3258 END
START -3052 1828 14056 -2037 8389 -3472 END
START -2832 1812 14296 -2635 8373 -3717 END
START -2460 1556 13768 -2402 8601 -3768 END
START -2376 1496 13228 -1928 8501 -3549 END
START -1848 1456 11288 -1427 12306 -3643 END
START -3228 2056 13472 -1881 10120 -4449 END
START -3532 732 12076 -466 5777 -4784 END
START -3328 796 12168 -704 4456 -5157 END
START -3776 616 12312 -1144 3621 -5277 END
START -3684 428 11924 -1622 2621 -5231 END
START -3864 392 12252 -2004 1876 -4995 END
START -3820 252 12364 -2323 1542 -4746 END
START -4108 620 12360 -2885 1412 -4541 END
START -4524 888 12084 -3313 707 -4837 END
START -4528 876 11424 -2929 1081 -5323 END
START -5020 536 11516 -2006 1287 -5830 END
START -4900 64 11700 -1401 2496 -6238 END
START -4440 -868 11548 -315 2202 -6215 END
START -4496 -1160 11984 628 1979 -5553 END
START -4244 -1052 12172 1195 1291 -5027 END
START -4496 -604 12140 1520 1080 -4609 END
START -4692 -64 12312 1693 511 -4544 END
START -4680 336 12568 1690 78 -4911 END
START -4948 144 12604 1553 -57 -5449 END
START -4348 -200 12252 1320 -643 -5970 END
START -4184 -672 12028 1407 -1013 -6308 END
START -3308 -1176 11828 1881 -1324 -6614 END
START -2376 -2148 12032 2149 -1170 -6296 END
START -1628 -2756 11656 2577 -1101 -5425 END
START -684 -3132 10724 3194 -873 -4317 END
START -368 -2988 10032 3634 -1133 -3101 END
START -716 -2788 9832 3590 -2596 -2070 END
START -1272 -2592 9356 3429 -4338 -1540 END
START -1376 -2068 9052 3956 -5228 -1434 END
START -1680 -1652 9032 5478 -5749 -1902 END
START -1436 -1648 10136 6340 -6392 -2208 END
START -1000 -1592 10876 6078 -8956 -1877 END
START -1000 -1384 11676 5558 -10778 -1222 END
START -1560 -1488 11652 5368 -11505 -576 END
START -1376 -984 12724 6295 -12146 -98 END
START -1952 -704 14740 6040 -14776 -93 END
START -1400 -76 15792 6260 -17196 -293 END
START -1024 100 17804 6577 -18639 -827 END
START -640 544 19788 6381 -19139 -899 END
START -88 248 21016 6674 -18544 -551 END
START -664 272 22368 6268 -17067 156 END
START -1408 -68 23356 6945 -16511 -22 END
START -1120 952 23912 4393 -13492 431 END
START -1768 1004 25264 2265 -12049 330 END
START -2120 1684 27300 2281 -10746 133 END
START -2812 1988 29452 2075 -10431 -362 END
START -1852 1828 29808 1505 -8936 -702 END
START -1716 1524 29612 1031 -6803 -213 END
START -1996 1576 29196 524 -5384 265 END
START -1992 1524 28684 713 -4183 663 END
START -2336 1844 28372 633 -3433 1052 END
START -2200 2052 27644 422 -2600 1147 END
START -1932 2212 27060 285 -1574 1225 END
START -1740 2576 26220 128 -442 1301 END
START -1444 2540 25060 -233 775 1272 END
START -1100 2668 23764 -445 1646 1436 END
START -1048 2860 22340 -699 2393 1530 END
START -488 2856 20400 -1182 2770 1533 END
START -772 2808 19092 -943 3642 1455 END
START -688 2716 18388 -977 3707 1254 END
START -660 2416 17292 -405 4012 973 END
START -660 1784 16348 -234 4067 798 END
START -472 2020 16596 603 3118 701 END
START -108 2144 16552 505 2057 614 END
START -420 2044 16852 -524 1709 524 END
START -164 1764 16572 -1163 1250 412 END
START 276 1836 16336 -1315 955 472 END
START -208 1472 15928 -1024 731 545 END
START -448 1704 15904 -590 852 644 END
START -884 2000 16196 -442 507 383 END
START -808 2148 16412 -533 29 79 END
START -1032 2164 17316 -1062 -370 -265 END
START -548 2000 17216 -1460 99 -625 END
START -684 1612 17688 -1113 547 -951 END
START -432 1428 17704 -1003 997 -1044 END
START 0 1552 17652 -980 1585 -864 END
START -172 1636 17620 -926 1355 -523 END