START -4024 -1496 17924 428 361 1040 END
START -5288 -528 15752 -1360 11 1623 END
START -3836 -1744 17460 -595 412 1689 END
START -4984 -964 17656 1105 -27 1382 END
START -4628 -672 18092 864 247 1256 END
START -4700 -540 18116 794 526 989 END
START -5160 -244 18448 669 772 646 END
START -4876 -328 18488 186 1315 290 END
START -5004 -216 17920 -257 1578 41 END
START -5216 -180 17420 -383 1218 -323 END
START -5436 -28 17636 -543 516 -720 END
START -5368 220 17948 -651 41 -1135 END
START -5200 220 18248 -842 -151 -1468 END
START -4988 96 18288 -803 111 -1609 END
START -4888 164 18032 -566 424 -1632 END
START -4864 360 17800 -309 734 -1705 END
START -4604 384 18072 -350 896 -1758 END
START -4976 -116 18400 -1068 2644 -1587 END
START -4152 368 17312 -347 2288 -1132 END
START -4428 808 17436 -615 2869 -710 END
START -4956 1156 16652 -1047 2543 -1049 END
START -5120 1604 16432 -1541 1541 -1847 END
START -5332 1164 15672 -1702 1389 -2607 END
START -4584 732 14768 -1396 1019 -3097 END
START -4200 280 15008 -1094 765 -3221 END
START -3804 44 15048 -700 481 -3064 END
START -3736 -328 14828 -284 329 -2809 END
START -3444 -472 14444 60 552 -2312 END
START -3544 -472 14416 280 655 -1809 END
START -3668 -416 14276 295 586 -1496 END
START -3844 -316 13908 252 433 -1494 END
START -3836 -216 13552 226 -80 -1693 END
START -3920 -108 13700 222 -620 -1942 END
START -3844 -292 13888 90 -1147 -2436 END
START -3448 -668 13684 63 -1416 -2692 END
START -2604 -952 13416 555 -1621 -2691 END
START -1768 -1168 13392 1132 -1345 -2380 END
START -2116 -2004 13332 1471 -1124 -1642 END
START -2232 -2316 13460 1541 -1193 -812 END
START -2516 -2484 13276 1288 -1329 -80 END
START -3028 -2248 13384 871 -2074 326 END
START -2968 -1912 13380 576 -2912 294 END
START -2260 -1028 14288 453 -5884 22 END
START -2056 -904 13944 2336 -8562 -508 END
START -1864 -1652 12932 4532 -9961 -743 END
START -2964 -2900 13008 8930 -12974 -1260 END
START -2208 -3180 13468 10280 -11550 -1130 END
START -2664 -588 12928 13723 -10557 -1775 END
START -5608 2412 17484 -1418 -4319 441 END
START -1844 -2812 15704 984 -4752 -269 END
START -352 1064 13636 1039 -5995 33 END
START 152 -1508 15012 1380 -5349 441 END
START -1352 -352 14384 690 -6645 1165 END
START -1892 -2468 14380 213 -8348 1450 END
START -2020 -1012 14796 1414 -8248 1345 END
START -2384 -1288 17732 1596 -8332 1552 END
START -2208 48 18704 2218 -8506 654 END
START -1032 -208 19304 2134 -8085 -169 END
START 120 -740 20152 1565 -8108 -249 END
START 928 -1876 19700 742 -7942 278 END
START 848 -2368 19964 810 -6777 1406 END
START -148 -3508 19956 646 -6057 3048 END
START -604 -2780 18048 1673 -5403 4544 END
START -1288 -1444 17628 4023 -5230 5273 END
START -1740 432 19956 5178 -6160 5162 END
START -1888 1464 21924 3994 -7203 4516 END
START -2048 1804 22368 1907 -7916 3490 END
START -2200 1248 22344 104 -7805 2407 END
START -1684 612 22296 -56 -6905 1868 END
START -1156 20 21468 490 -5895 1919 END
START -1308 -36 21828 1652 -4835 2249 END
START -856 548 22628 2421 -4693 2381 END
START -684 1136 23656 2673 -4393 2477 END
START -784 1596 24448 2340 -4242 2656 END
START -1200 2180 25596 1762 -3866 2483 END
START -1236 2588 26428 1238 -3187 1921 END
START -1316 2536 26296 722 -2270 1246 END
START -1108 2772 26180 990 -1509 806 END
START -712 2856 26364 1209 -782 406 END
START -312 2956 26536 1194 -16 117 END
START 20 3000 26440 1084 965 154 END
START 48 3140 26152 1046 2083 243 END
START -368 3292 25748 751 2870 254 END
START -784 3708 25392 366 3470 -6 END
START -904 3936 25076 -18 4218 -549 END
START -496 3824 24500 -199 4840 -1319 END
START -192 3356 23636 -28 5516 -1866 END
START 288 2736 23052 168 6195 -2087 END
START 412 2284 22732 592 6846 -2010 END
START 288 2032 22512 872 7378 -1882 END
START 304 2212 22260 728 7815 -1802 END
START 228 2356 21792 435 8031 -1860 END
START 264 2492 21092 325 8057 -2078 END
START -52 2640 20852 331 8260 -2242 END
START -20 2768 20664 259 8397 -2380 END
START -4 2556 19640 571 9016 -2446 END
START -56 2476 19496 834 9070 -2342 END
START -208 2552 19112 542 8992 -2363 END
START -540 2364 18968 145 8819 -2494 END
START -448 2196 18224 -423 9446 -2428 END
START -436 2296 17740 -1262 10477 -2074 END
START -684 2644 17764 -2786 11897 -1663 END
START -1108 2928 17536 -4389 12079 -1627 END
START -1800 1980 17032 -3443 12057 -2232 END
START -1816 3000 14820 -3513 13213 -2541 END
START -2848 2896 15592 -3030 12647 -3112 END
START -2628 3156 15460 -3193 10714 -3826 END
START -2556 2052 13936 -2553 9442 -4499 END
START -2464 1932 14068 -2589 8560 -4512 END
START -2488 2044 13488 -2223 8276 -4443 END
START -2668 2288 13436 -2162 7445 -4616 END
START -2764 2440 13212 -2678 6553 -5036 END
START -2436 1996 12008 -2528 7189 -5490 END
START -2232 1932 11692 -2095 6839 -5564 END
START -2580 1524 11324 -1636 6624 -5470 END
START -2680 1272 11044 -1435 6856 -5271 END
START -2988 1120 10604 -1624 6404 -5021 END
START -3464 1140 10632 -1921 4637 -4957 END
START -4128 1120 10712 -2274 3134 -5272 END
START -3988 952 10228 -2415 1940 -5801 END
START -3900 472 10400 -1972 1535 -6043 END
START -3796 308 10624 -1427 919 -6139 END
START -3792 -112 11160 -998 895 -6213 END
START -3612 -656 10768 -749 666 -6169 END
START -3504 -1352 10532 -428 357 -5941 END
START -3300 -1860 10468 -79 -268 -5594 END
START -2920 -2300 9976 446 -853 -5076 END
START -2760 -2404 10036 1124 -1331 -4566 END
START -2572 -2592 10312 1645 -2040 -4066 END
START -2816 -2860 10596 2018 -2323 -3451 END
START -3184 -2632 11596 1870 -3131 -2960 END
START -3708 -2344 12216 1123 -4186 -2849 END
START -4164 -2104 12488 322 -5012 -3198 END
START -3768 -2012 12372 473 -5772 -3476 END
START -3284 -1956 12952 1061 -6490 -3501 END
START -2564 -2236 13468 1766 -6652 -3522 END
START -1796 -2824 13796 2594 -6047 -2926 END
START -2648 -3332 13776 2986 -5203 -1981 END
START -3116 -3332 13876 2622 -5946 -1393 END
START -2932 -3220 14112 1714 -7216 -1375 END
START -2456 -3100 13348 2100 -8250 -1218 END
START -2456 -2604 14196 3160 -9060 -1084 END
START -2636 -1728 18496 3093 -10903 -950 END
START -1788 -2196 16764 3666 -11132 -801 END
START -1688 -3112 16524 4279 -12203 -314 END
START -1512 -2668 16552 4523 -12136 390 END
START -1980 -2208 17048 4983 -13006 479 END
START -1868 -1704 16968 5683 -13143 296 END
START -2100 -1840 17136 8038 -13652 -147 END
START -1152 -616 18068 7186 -12540 399 END
START -776 -272 19724 6599 -13208 487 END
START -916 -336 20076 6371 -13691 692 END
START -1012 -288 20956 6508 -12454 935 END
START -1072 -48 21204 5086 -11078 1466 END
START -1512 580 22048 4034 -9486 1992 END
START -1404 888 22404 3973 -8586 2101 END
START -1256 1260 22620 4916 -7677 2091 END
START -1244 1916 23336 4888 -7644 1954 END
START -1216 1980 23468 4934 -7857 1415 END
START -688 1856 24340 4530 -7843 1205 END
START -796 2272 24764 4500 -7415 1257 END
START -1112 2308 25816 4155 -7041 1017 END
START -64 1944 26916 3719 -5189 729 END
START 368 2984 27680 3053 -2879 1534 END
START -80 2536 27116 4455 -1271 1177 END
START 268 2976 28380 5124 -2470 1155 END
START 784 4124 28452 1514 406 1825 END
START -312 3872 28740 871 790 1817 END
START 132 4164 28628 119 1782 1480 END
START 28 4000 28048 -481 2595 1164 END
START -4 4128 27508 -549 3970 983 END
START -16 4172 26768 -157 5081 590 END
START 24 4112 26240 333 6263 161 END
START 396 4024 25428 610 7177 20 END
START 328 4228 24852 708 7763 10 END
START -28 4344 24572 386 8022 -161 END
START -220 4480 24048 -181 8362 -352 END
START -232 4584 23404 -587 8824 -528 END
START -60 4692 22608 -674 9361 -839 END
START -116 3800 21980 -1073 10203 -987 END
START -140 4876 21200 -1334 10981 -1035 END
START -356 3964 20564 -1957 11398 -1270 END
START -372 4788 19296 -1126 11699 -1799 END
START -548 3956 18760 -2237 11852 -1850 END
START -932 4444 17324 -2581 12186 -2310 END
START -852 3776 17428 -5402 12664 -2240 END
START -1124 3452 17876 -4950 11816 -2770 END
START -696 2816 16496 -4900 12285 -2972 END
START -636 2296 15648 -4460 13987 -2548 END
START -1488 2448 16324 -3360 13842 -2391 END
START -1896 2420 15464 -2099 12771 -2558 END
START -2084 2544 15244 -1886 10948 -2750 END
START -2100 2760 14436 -1810 9886 -2838 END
START -2852 3148 14616 -2708 8678 -3101 END
START -3080 3388 14216 -3708 8457 -3649 END
START -3168 3084 12768 -3974 8560 -4252 END
START -3304 2888 12636 -4435 8283 -4486 END
START -4512 2672 12476 -4114 4832 -5115 END
START -3336 2944 11984 -4429 4459 -5469 END
START -3316 2744 11428 -4560 4411 -5789 END
START -3188 2340 11368 -4191 4874 -5845 END
START -3032 2028 11436 -4512 5554 -5686 END
START -2996 2068 10292 -5054 6634 -5346 END
START -4124 2340 10388 -5869 4570 -5832 END
START -3620 2204 9048 -6264 2500 -6353 END
START -3588 1580 8304 -5892 1015 -6742 END
START -3432 876 8040 -5467 21 -6779 END
START -3568 496 8344 -4943 -1063 -6780 END
START -3468 32 8768 -4613 -1929 -6893 END
START -3048 -372 8516 -4020 -1888 -6975 END
START -3368 -796 8260 -2832 -1543 -7018 END
START -3056 -1516 8060 -1407 -1675 -7352 END
START -2876 -2324 8092 140 -1500 -7396 END
START -2556 -2928 7996 1533 -1355 -7224 END
START -2120 -3468 8520 3302 -1839 -6797 END
START -1700 -4056 9480 4740 -1849 -6079 END
START -1480 -4204 10300 5024 -2081 -4917 END
START -2048 -4120 10980 4058 -3477 -3829 END
START -2228 -3924 10836 3010 -5279 -3313 END
START -2556 -3248 11152 2535 -6601 -3014 END
START -2704 -2760 12096 2745 -8149 -3434 END
START -2180 -2472 13020 2746 -8923 -4148 END
START -1484 -2944 13644 3063 -9306 -4591 END
START -1236 -4044 13792 4298 -8689 -4410 END
START -992 -4460 14132 5326 -8210 -3696 END
START -1620 -4228 15704 5277 -8235 -2959 END
START -1608 -3532 16284 4423 -8481 -2351 END
START -2508 -2492 17632 3823 -9635 -1787 END
START -2272 -1372 18656 3404 -10557 -1863 END
START -1920 -1428 19344 3107 -10765 -2291 END
START -1676 -1704 21032 2723 -10955 -2653 END
START -1012 -2728 21540 2377 -10719 -3484 END
START -328 -4028 21964 2911 -9430 -3134 END
START -368 -4412 22996 3560 -8457 -1521 END
START -180 -4160 23696 4081 -7414 485 END
START -664 -3172 23692 3607 -5909 2106 END
START -1276 -1360 23016 3387 -5793 2705 END
START -1992 160 22444 3360 -6422 2435 END
START -2324 1064 22472 3280 -7575 1441 END
START -2508 764 22020 3941 -7166 722 END
START -2612 1092 23768 2860 -7957 394 END
START -2156 888 23220 2181 -8165 254 END
START -1520 1092 22836 1803 -6969 601 END
START -1316 1156 22404 1291 -6167 1040 END
START -1304 1380 22376 1281 -4834 1216 END
START -1156 1464 22044 1098 -3242 1407 END
START -1668 1856 22208 983 -2087 1165 END
START -1780 1956 22484 1075 -2093 614 END
START -1524 1668 22804 950 -2173 289 END
START -1344 1520 23188 786 -1429 183 END
START -840 1736 23400 2719 -2423 -172 END
START 20 1644 22600 3571 -2216 -592 END
START -96 1368 22444 2473 -1714 -509 END
START 132 1660 22448 754 -272 67 END
START 88 1492 21912 -406 1231 351 END
START 32 1236 21596 -1035 1784 617 END
START 264 1312 21576 -1235 2216 765 END