START -3932 1548 17804 1440 473 502 END
START -4028 3128 14904 -787 -144 1004 END
START -5084 572 18176 -675 455 649 END
START -4896 1644 17236 -321 25 207 END
START -4476 1548 16724 -535 -93 -130 END
START -4544 1372 16692 -463 -193 -370 END
START -4300 976 16772 -154 -374 -449 END
START -4096 1132 17072 174 -182 -320 END
START -4044 1196 17280 429 68 -134 END
START -4064 1252 17796 514 405 -5 END
START -4348 1248 18140 169 490 74 END
START -4560 1056 18088 -276 46 -103 END
START -4496 792 17756 -703 -227 -253 END
START -4456 352 17628 -740 -278 -402 END
START -3944 468 17892 -708 55 -332 END
START -3544 404 18188 -711 117 13 END
START -3804 212 18284 -724 659 426 END
START -4028 376 18164 -653 640 784 END
START -4188 660 18160 -517 1015 828 END
START -4592 524 17928 -461 1013 758 END
START -4664 600 18248 -308 963 574 END
START -4532 652 18136 -473 1294 495 END
START -4528 540 17972 -686 928 495 END
START -4224 532 17700 -788 1185 549 END
START -4340 720 17896 -948 1220 790 END
START -4600 876 18204 -955 946 806 END
START -4740 956 18352 -1182 1061 731 END
START -4780 1092 18356 -1546 509 629 END
START -4528 1044 18372 -2281 896 583 END
START -4708 1208 18368 -2999 1290 446 END
START -4636 1516 17960 -3146 1195 377 END
START -5208 1508 17740 -2832 1753 12 END
START -4780 1640 17168 -2197 1875 -275 END
START -5008 1920 17564 -1783 2307 -474 END
START -5388 2264 17944 -1718 2202 -889 END
START -5100 2376 17700 -1643 2537 -1288 END
START -5312 2424 17976 -2084 1852 -1561 END
START -5340 3084 17416 -2501 1167 -1955 END
START -6964 5620 17284 -3514 2115 -2623 END
START -5204 3108 16296 -2793 2420 -3056 END
START -5132 2960 15980 -2847 2326 -3321 END
START -4804 2852 15600 -2402 2550 -3375 END
START -4868 2948 15092 -1866 2431 -3418 END
START -5272 3180 14984 -1439 2530 -3723 END
START -5328 3248 14868 -1611 1981 -4293 END
START -4900 3136 14412 -2216 1603 -4909 END
START -4576 2624 13716 -2299 1602 -5517 END
START -4184 1836 13132 -1744 1585 -5813 END
START -3588 1088 12456 -581 1726 -5845 END
START -3204 488 12520 888 1959 -5640 END
START -2952 -24 12732 1733 2018 -5286 END
START -2588 -308 13004 2339 1891 -4983 END
START -2212 -608 13188 2445 2012 -4568 END
START -2476 -712 12988 2189 1784 -4287 END
START -2596 -740 12584 1805 1289 -4114 END
START -2776 -480 12164 1450 301 -4077 END
START -2628 -392 12040 1208 -879 -4213 END
START -2748 -468 12328 1121 -1613 -4344 END
START -2268 -752 12568 1008 -2137 -4612 END
START -2972 -1272 15540 366 -4999 -4770 END
START -760 -2160 10852 1881 -5252 -4222 END
START -892 -2464 11212 3255 -5984 -3277 END
START -1236 -2072 10512 5846 -5219 -2489 END
START -2476 -3084 11396 7172 -6961 -2191 END
START -2512 -2360 10828 9209 -9565 -2620 END
START -2944 -2384 12828 10794 -13310 -3144 END
START -1816 -1040 12812 12802 -15548 -3668 END
START -2756 276 9964 15965 -17061 -4569 END
START 1932 2860 17456 957 -6951 -1478 END
START -2716 -4288 13912 103 -8848 -1112 END
START -428 -1152 14452 3709 -8390 -1527 END
START -1268 -1780 14588 2037 -7106 -926 END
START -1664 -1524 13384 5694 -8469 -1273 END
START -1292 40 15848 7550 -9657 -1219 END
START -604 -112 18364 7982 -10337 -1026 END
START 260 408 20604 5430 -10781 -272 END
START -56 280 19636 3238 -10773 462 END
START -652 648 19480 2584 -10650 686 END
START -1056 536 19444 2290 -10430 462 END
START -768 812 21768 3981 -10266 -171 END
START -944 988 21728 3422 -11133 35 END
START -376 1232 22520 5694 -9781 0 END
START -136 1092 22592 6792 -8726 483 END
START -624 1516 25684 3846 -8072 1647 END
START -528 2540 25180 2212 -8852 2011 END
START -928 2832 25124 1477 -9175 2119 END
START -948 3124 24824 2069 -7530 1928 END
START -984 3220 25092 3339 -6637 1545 END
START -612 3804 26344 4211 -5692 1380 END
START -496 4088 27536 3669 -4740 1375 END
START -348 4328 28140 2260 -4229 1477 END
START -276 4620 28076 910 -3798 1548 END
START -368 4612 27704 291 -2732 1397 END
START -304 4432 27392 561 -1300 1105 END
START 76 4216 26880 1282 487 895 END
START 96 4172 26668 1899 1991 864 END
START 384 4200 26660 2174 3187 921 END
START 448 4396 26576 1735 4008 1095 END
START 428 4516 25956 967 4504 1094 END
START 480 4768 25492 426 4912 931 END
START 360 4900 24700 61 5291 801 END
START 128 4992 24504 -150 5881 508 END
START 40 4704 23920 -137 6822 166 END
START 216 4600 23244 74 7829 -47 END
START 188 4356 22644 216 8560 -191 END
START 120 4268 21840 156 8854 -185 END
START 272 4248 21032 423 9018 -74 END
START -100 4524 20720 747 9162 -17 END
START -396 4672 20428 668 9193 -101 END
START -484 4856 20092 294 9127 -336 END
START -668 5044 19824 21 9163 -503 END
START -872 5112 19456 -43 9393 -879 END
START -936 4948 19232 -170 9813 -1263 END
START -920 4800 18720 -579 10048 -1480 END
START -1292 4548 18136 -1397 10030 -1584 END
START -1080 4992 17000 -2044 10483 -1589 END
START -1108 4800 16288 -1521 11515 -1725 END
START -1428 5040 16664 -3758 12243 -1404 END
START -1908 4996 15876 -4306 12650 -1623 END
START -2444 4048 15596 -3413 11372 -2269 END
START -2500 4476 15148 -3832 10074 -2761 END
START -2344 4648 15116 -5051 10332 -2988 END
START -3044 4216 14072 -5882 10547 -3429 END
START -2948 3736 13264 -5554 10643 -3870 END
START -2696 2624 11688 -3348 9857 -4192 END
START -2912 2652 12392 -2937 7797 -4008 END
START -3012 1992 12112 -854 6467 -3913 END
START -2916 2424 12944 -1610 5088 -3616 END
START -3260 2976 12972 -2988 6909 -3492 END
START -3240 3100 12956 -4440 6347 -3811 END
START -2604 3168 11716 -4954 3700 -4163 END
START -3468 2456 11960 -3724 2531 -4809 END
START -3296 1960 11392 -2896 2644 -5085 END
START -3360 1448 10928 -1598 3378 -5223 END
START -3452 1044 12116 -1301 2312 -5061 END
START -3324 692 12576 -1603 1712 -4567 END
START -3620 676 12544 -2327 619 -4119 END
START -3900 628 12364 -2623 108 -3913 END
START -4096 772 12464 -2537 -396 -3897 END
START -4696 940 12764 -2076 -512 -4217 END
START -4724 844 13020 -1669 -328 -4793 END
START -4260 560 12568 -1081 109 -5327 END
START -3792 40 11800 16 459 -5382 END
START -3480 -448 12128 819 526 -5124 END
START -3436 -772 12268 1036 410 -4703 END
START -3436 -860 12208 647 54 -4109 END
START -3924 -732 12388 -55 -675 -3638 END
START -4136 -484 11880 -515 -1540 -3611 END
START -4092 -412 11864 -322 -2163 -3700 END
START -3872 -392 11836 150 -2022 -3811 END
START -3536 -364 11792 969 -1850 -4116 END
START -3064 -524 11760 1831 -1802 -4349 END
START -2208 -372 11764 2207 -1890 -4169 END
START -2076 -612 12004 2033 -2431 -3900 END
START -1808 -648 12292 1410 -3334 -3517 END
START -1952 -920 12104 659 -3892 -3040 END
START -2240 -808 12172 -373 -4596 -2743 END
START -2436 -836 11372 -949 -5375 -2882 END
START -2504 -884 11012 -569 -6370 -3175 END
START -2084 -1060 10796 662 -7541 -3456 END
START -1496 -1216 11544 2574 -8211 -3032 END
START -1780 -816 12948 4042 -9256 -2471 END
START -2044 -488 14632 4662 -11376 -2228 END
START -2620 -964 14556 5657 -13875 -2396 END
START -2380 -1348 15200 5344 -15031 -2402 END
START -2420 -988 16452 5379 -13705 -2200 END
START -2304 -224 17932 4602 -14714 -1865 END
START -2280 156 18988 6124 -15507 -2382 END
START -1456 1348 21100 4373 -14318 -2254 END
START -1100 1136 21676 4625 -11702 -2162 END
START -1128 1176 23096 3087 -10025 -1688 END
START -1208 448 23212 1313 -8794 -1163 END
START -1204 168 22336 594 -7662 -804 END
START -1228 -120 22152 -284 -6813 -511 END
START -1148 -244 22368 -494 -6205 -30 END
START -1232 32 23044 278 -7292 450 END
START -1004 296 23440 2067 -7424 430 END
START -1260 468 23656 3510 -7720 700 END
START -1240 784 24288 3268 -6710 963 END
START -1508 756 24248 2563 -5905 1149 END
START -1564 904 24228 2124 -5870 1321 END
START -1400 912 24336 2333 -5633 1277 END
START -1224 1024 25116 2663 -4822 1622 END
START -1224 1316 25744 3227 -4042 2115 END
START -1464 2044 26552 3295 -3226 2480 END
START -1844 2900 27100 3218 -2349 2501 END
START -1944 3548 27420 3030 -1477 2177 END
START -2044 3888 28136 2987 -657 1700 END
START -1836 3952 28456 3202 287 1171 END
START -1496 4132 27936 2365 1183 930 END
START -1308 4112 27764 1463 2477 677 END
START -1028 4060 27232 927 4068 492 END
START -900 3944 26704 -20 5427 438 END
START -1024 3644 25544 376 6950 248 END
START -848 3580 24924 607 7780 264 END
START -836 3592 24500 1620 8103 12 END
START -880 3984 24424 677 8196 -57 END
START -600 4320 23684 -462 8757 -130 END
START -800 3904 22412 -662 9749 -256 END
START -812 3956 21708 -442 10424 -240 END
START -1172 4040 20544 -341 11335 -214 END
START -1884 4176 20008 -694 11975 -379 END
START -2368 4504 18728 -1206 12455 -851 END
START -1732 4412 17864 -3070 11738 -1045 END
START -2064 4420 17916 -2414 10591 -1724 END
START -1720 3860 17204 -3895 9072 -2220 END
START -1816 3580 16732 -3578 8159 -2426 END
START -1532 3332 15972 -4476 8995 -2325 END
START -1764 3012 15232 -4497 10386 -2249 END
START -2216 2840 14360 -4737 10762 -2452 END
START -1828 2812 13936 -3940 10761 -2840 END
START -1868 2316 13420 -3818 8682 -3127 END
START -2544 1892 13492 -4048 6689 -3166 END
START -2292 1852 12852 -3802 6943 -2955 END
START -2780 2120 13436 -4099 10622 -2646 END
START -3656 1384 11360 -3319 5933 -2490 END
START -2416 1448 11420 -2030 5137 -2636 END
START -2852 1676 11772 -2037 4902 -2644 END
START -3340 1464 12468 -1993 3395 -2801 END
START -3280 1340 12680 -2736 2798 -3061 END
START -3204 980 12600 -3679 2148 -3113 END
START -3240 924 12032 -4281 1380 -3109 END
START -3480 728 11816 -4524 719 -3209 END
START -3324 728 11156 -4013 401 -3321 END
START -3704 876 11512 -2842 338 -3542 END
START -3876 1112 12248 -2186 122 -3901 END
START -3740 1124 12604 -2227 385 -4290 END
START -3644 968 12720 -2645 364 -4353 END
START -3456 1068 12368 -3338 -48 -4270 END
START -3740 1252 12508 -3832 -563 -4296 END
START -4176 1156 12316 -3933 -666 -4534 END
START -4172 1020 11932 -3460 -442 -4708 END
START -4380 1084 11556 -2519 -437 -4908 END
START -4404 1160 11152 -1031 -119 -5207 END
START -4752 1376 11476 50 -128 -5407 END
START -5128 1348 11532 347 -803 -5909 END
START -4772 1396 11580 759 -1148 -6679 END
START -3996 988 11696 1192 -1174 -7276 END
START -3136 328 11608 1389 -1368 -7630 END
START -2280 -512 11216 1690 -2107 -7648 END
START -1144 -1280 11212 2446 -2726 -7314 END
START -172 -2064 11196 3899 -2573 -6479 END
START 132 -2064 11576 4783 -2355 -5524 END
START 148 -2256 11760 4525 -3095 -5082 END
START -16 -2196 11820 4409 -4491 -4572 END
START -220 -2064 11960 4895 -5453 -4489 END
START -36 -2264 13068 6001 -6052 -4890 END
START 512 -2548 14368 6419 -6852 -4760 END
START 1024 -2928 15580 6059 -7135 -4343 END
START 1908 -3024 16004 4948 -7827 -3456 END
START 2468 -3176 16012 3012 -9266 -2653 END
START 2628 -3412 15136 1290 -10465 -1913 END
START 2020 -3888 13960 1397 -10708 -1350 END
START 1740 -4032 13476 3811 -10558 -581 END
START 892 -3308 15464 6520 -10258 570 END
START 112 -2320 17324 8300 -9790 1386 END
START -616 -1204 19896 8590 -10085 2005 END
START -1632 196 22480 6304 -10668 2001 END
START -1816 656 22816 3719 -10900 1328 END
START -1780 584 22480 2698 -10376 1019 END
START -2424 556 22540 3168 -10205 1043 END
START -2268 764 22812 4498 -9611 1357 END
START -3004 1324 24388 5439 -8452 1542 END
START -3552 1768 25764 4633 -7791 1317 END
START -3408 2008 26328 2925 -7126 1046 END
START -2900 1868 25804 1402 -6553 562 END
START -2600 1448 25300 938 -6338 625 END
START -2324 1404 25084 863 -5405 904 END
START -2208 1636 24680 1198 -4580 1370 END
START -2496 2372 24976 1637 -3213 1668 END
START -2580 2880 24776 1769 -2102 1642 END
START -3116 5052 25100 4051 -2472 1256 END
START -1900 2160 21996 5863 -4345 732 END
START -2360 3192 23340 5481 -4561 -229 END
START -1824 3076 22032 5047 -5219 -770 END
START -236 3144 21560 5480 -4153 -1053 END
START 480 2928 21204 3051 -273 -593 END
START 636 3108 21556 -485 1931 346 END
START 532 2704 20964 -1206 2693 765 END