START -4220 112 18924 942 1275 1086 END
START -5068 580 14864 -695 616 1349 END
START -5104 -1192 16916 -272 1083 983 END
START -4740 356 18016 541 2524 800 END
START -4720 168 17188 1275 961 763 END
START -4912 444 17440 1664 1212 704 END
START -5232 484 18544 1409 251 292 END
START -4764 484 19148 989 236 72 END
START -4568 384 19152 365 779 239 END
START -4668 408 19504 -124 1447 378 END
START -4888 384 19160 -483 2318 441 END
START -5204 840 19424 -948 2156 167 END
START -5248 1200 19016 -1383 1278 -169 END
START -5044 1288 18600 -1208 1036 -522 END
START -5284 1692 19068 -1040 1830 -814 END
START -4976 2016 19336 -870 1664 -1347 END
START -4844 1728 18924 -1308 2597 -1728 END
START -4636 1756 18148 -1423 3666 -1696 END
START -4924 1728 17368 -1629 4554 -1810 END
START -4932 2192 17700 -1852 4438 -1967 END
START -5004 2100 16772 -1864 4215 -2075 END
START -4740 2344 16280 -1979 3641 -2600 END
START -4828 2400 15472 -2383 3665 -2892 END
START -4808 2424 14800 -2758 3279 -3280 END
START -4668 2452 14168 -2805 2749 -3672 END
START -4696 2056 13580 -2704 2397 -4135 END
START -4632 1760 13392 -2532 2085 -4482 END
START -4384 1472 13188 -2140 1982 -4896 END
START -3972 1008 12740 -1352 2190 -5091 END
START -3392 556 12520 -502 2681 -5096 END
START -3412 348 12452 157 2973 -4988 END
START -3404 84 12244 478 2784 -5079 END
START -3108 -324 12112 641 2436 -5151 END
START -2940 -660 11820 833 1736 -4979 END
START -2688 -1136 11588 1423 1171 -4492 END
START -2748 -1284 12516 1850 662 -3867 END
START -2796 -1272 12760 1657 150 -3454 END
START -2920 -1348 12944 1718 -533 -3403 END
START -2760 -1592 12788 2394 -527 -3333 END
START -3068 -1924 12956 3052 -297 -3160 END
START -3188 -1912 13368 3173 -303 -2930 END
START -3296 -2172 13224 2808 -3667 -3029 END
START -3188 -2084 12852 4015 -5704 -2663 END
START -2772 -2004 12412 5068 -6850 -2460 END
START -2680 -2116 13828 5915 -9012 -2515 END
START -1912 -2800 12744 6595 -8494 -2177 END
START -1992 -2784 13816 6953 -8437 -1681 END
START -1788 -2296 13652 7882 -9194 -948 END
START -2932 -2364 14748 10755 -10953 -1018 END
START -2160 568 13360 14028 -12073 -1332 END
START 3908 2844 9684 2248 -8721 1589 END
START -1696 -12 17000 454 -5226 505 END
START -2756 -1144 13580 545 -8235 575 END
START -1284 856 14976 2557 -8209 -53 END
START -2500 264 14204 1889 -7945 325 END
START -2228 -1452 14804 3255 -9090 411 END
START -1960 604 13852 5954 -8968 222 END
START -1612 -256 16380 9164 -8521 -73 END
START -1016 424 20116 8512 -9109 328 END
START -108 628 20224 6222 -8744 812 END
START -492 312 19856 4963 -8843 1413 END
START -948 220 20252 3448 -9004 2357 END
START -1420 620 20680 2395 -9266 2886 END
START -1604 720 20708 1768 -9715 3274 END
START -1324 1172 20652 3624 -9799 3458 END
START -960 1632 21132 4480 -9167 3804 END
START -836 2364 22748 4690 -9577 3928 END
START -960 2444 24364 3592 -9395 4127 END
START -1316 2928 25568 2153 -9549 4107 END
START -1384 3304 25348 1551 -8684 4061 END
START -1540 3756 25912 1993 -7862 3812 END
START -1260 4312 26764 2202 -6443 3553 END
START -1004 4820 27272 2106 -4975 3358 END
START -956 5336 27512 1646 -3948 3230 END
START -980 6012 27512 923 -3218 2889 END
START -1044 6152 27524 378 -2397 2256 END
START -768 5872 27312 136 -1300 1674 END
START -388 5592 26880 353 97 1450 END
START -20 5652 26984 573 1550 1431 END
START -236 5740 26280 700 2832 1453 END
START -320 5856 25608 750 3832 1347 END
START -516 6216 25048 528 4355 1099 END
START -996 6376 24652 -24 4701 588 END
START -736 6364 24184 -541 4984 -175 END
START -712 6092 23448 -886 5455 -861 END
START -580 5624 22584 -816 5919 -1557 END
START -224 4880 21900 -366 6489 -2111 END
START 112 4380 21472 148 7123 -2112 END
START 284 4160 21216 583 7684 -2083 END
START 24 3972 21020 641 8056 -1989 END
START 156 4112 20612 606 8102 -2015 END
START 36 4224 20584 226 8025 -1986 END
START -240 4212 20424 -317 8256 -2068 END
START -340 4160 19764 -805 8645 -2082 END
START -740 4300 18920 -551 8891 -2349 END
START -964 4184 18252 60 8861 -2904 END
START -508 4088 18188 537 8941 -3188 END
START -480 3900 18208 551 9272 -3121 END
START -380 4328 17352 454 10062 -3067 END
START -640 3836 18232 65 10582 -2950 END
START -1000 4304 18336 -2261 10562 -2521 END
START -1588 4972 17964 -5025 10418 -2536 END
START -1692 5056 17232 -6259 10013 -2907 END
START -2204 5212 16400 -7359 10934 -3548 END
START -2476 4636 14968 -7486 13601 -4765 END
START -2688 3744 13556 -6408 14253 -5790 END
START -2848 2984 14688 -3234 13247 -6782 END
START -2536 1988 13920 -535 11427 -7005 END
START -2088 1360 13884 481 8973 -6515 END
START -2276 1500 13864 -22 7635 -5708 END
START -2096 1852 12932 -1101 8233 -5049 END
START -3412 2484 13432 -1818 7089 -4877 END
START -3692 2460 12520 -2073 5081 -5122 END
START -3512 2464 11540 -2203 4374 -5646 END
START -3756 1964 11520 -2422 4876 -5961 END
START -3876 1392 11936 -2467 4158 -6218 END
START -3584 916 11412 -2596 2723 -6091 END
START -3436 588 11152 -2893 2527 -5692 END
START -3592 396 10860 -2614 2689 -5308 END
START -3944 548 11364 -2335 1535 -5071 END
START -4332 760 12292 -2349 973 -5138 END
START -4440 348 12040 -2357 292 -5194 END
START -4468 120 11732 -1619 368 -5191 END
START -4360 -12 11900 -859 350 -5198 END
START -4152 -220 12184 -605 347 -5175 END
START -4004 -600 11872 -512 102 -5094 END
START -3972 -1000 11320 -171 -233 -4968 END
START -3716 -1292 11008 515 -514 -4629 END
START -3656 -1280 11292 1020 -1124 -4250 END
START -3840 -1108 11608 1365 -1786 -3930 END
START -3768 -752 12100 1761 -2267 -3827 END
START -3744 -616 12712 1908 -2249 -3658 END
START -3908 -380 13208 2028 -2220 -3551 END
START -3784 -436 13560 1449 -2243 -3450 END
START -3744 -156 13096 532 -2569 -3384 END
START -3720 -376 12028 -186 -3059 -3454 END
START -3492 -436 11052 82 -3880 -3564 END
START -2952 -720 10724 878 -4794 -3700 END
START -2052 -1128 10460 1676 -5214 -3557 END
START -1476 -1476 10408 2446 -5061 -2892 END
START -1980 -1792 10940 2701 -5360 -2106 END
START -2004 -1624 11276 2056 -6232 -1299 END
START -2500 -1048 10940 1158 -7698 -843 END
START -2760 -456 11260 1110 -10602 -874 END
START -2704 -204 11436 1771 -14479 -1340 END
START -2496 312 13220 1823 -14072 -1875 END
START -2268 -284 13744 2426 -14527 -2251 END
START -2452 -1424 14932 3088 -14453 -2315 END
START -2184 -1568 15792 3504 -13990 -1937 END
START -1940 -1572 17420 2979 -14541 -1570 END
START -1692 -1244 18952 2996 -14466 -1492 END
START -1296 -936 20740 2670 -14752 -1738 END
START -732 -1096 21952 2382 -14305 -1789 END
START -424 -1468 22552 2052 -12944 -1269 END
START -688 -1232 23452 1900 -12056 -543 END
START -1492 -952 24176 1614 -11376 -31 END
START -1684 -656 24700 1631 -10568 104 END
START -1876 -440 25520 2016 -9738 84 END
START -1512 -32 25544 1820 -9234 37 END
START -1184 112 25496 1328 -8559 10 END
START -656 -52 25308 1187 -7801 264 END
START -340 -36 25536 1346 -7197 734 END
START -372 180 25512 1248 -6309 1266 END
START -612 712 25640 1136 -5251 1757 END
START -2168 1284 25632 1864 -3472 1563 END
START -1128 1416 24492 8712 -5219 809 END
START -1292 2276 25620 10488 -7719 296 END
START -4244 788 16080 14207 -9520 -1680 END
START -2148 -600 23072 -75 -2306 2216 END
START -996 3560 27296 43 -196 1165 END
START -576 4104 27120 -1201 526 1164 END
START -556 3844 26136 -745 1395 939 END
START -380 4008 25664 -1162 3196 952 END
START -460 4188 26100 -1603 5014 786 END
START -980 4400 25984 -1866 6110 418 END
START -752 3692 24292 -1062 5820 -349 END
START -632 3376 24064 -1498 5930 -673 END
START -280 3228 24188 -1573 6471 -849 END
START 228 2824 23876 -1078 7277 -937 END
START 436 2392 23156 -614 7617 -762 END
START 540 2348 22688 -754 8313 -307 END
START 120 2692 21924 -417 9038 -138 END
START -148 2872 21364 -474 9611 -195 END
START -140 2952 20820 -762 10406 -427 END
START -272 2668 20068 -1265 11458 -615 END
START -336 3072 19668 -2152 12416 -821 END
START -152 2836 19752 -2333 12641 -1280 END
START -308 2608 18780 -1624 12456 -1885 END
START -260 2516 18876 -1110 10905 -2238 END
START -220 2516 18260 -554 10373 -2339 END
START -468 2588 18268 -732 10107 -2558 END
START -496 2424 17468 -1057 10450 -2405 END
START -1140 2464 17816 -1789 10504 -2321 END
START -1200 2404 16284 -2193 10766 -2321 END
START -2036 2560 16348 -2616 11136 -2462 END
START -2432 2900 14796 -2589 10673 -2789 END
START -2440 2468 14376 -2510 9257 -3012 END
START -2972 2348 14148 -2474 8284 -3249 END
START -2780 2164 12616 -2480 8335 -3437 END
START -3292 2156 13224 -3033 7417 -3779 END
START -3108 1948 12568 -3784 6397 -4226 END
START -3364 1840 12688 -4288 6222 -4435 END
START -3344 1528 12732 -4577 4634 -4741 END
START -3276 1576 12428 -5226 4596 -5038 END
START -3084 1128 11680 -5701 4241 -5275 END
START -2896 1084 11256 -6043 4172 -5239 END
START -2844 1152 10960 -6235 4024 -5290 END
START -2860 868 10644 -6011 2457 -5602 END
START -2764 600 10672 -5935 2072 -5815 END
START -3128 272 11036 -6784 1263 -6079 END
START -2940 -184 10360 -7851 1071 -6018 END
START -3088 -792 9600 -7824 661 -5759 END
START -3664 -1108 9864 -7509 -708 -5816 END
START -3192 -1276 9712 -7060 -632 -5565 END
START -3664 -1204 9068 -5957 -426 -5535 END
START -3672 -1368 8584 -3936 -51 -5788 END
START -3876 -1644 8720 -1657 32 -6145 END
START -3904 -1928 9304 -56 -109 -6525 END
START -3856 -2616 9660 1082 -243 -6824 END
START -3420 -2924 10112 2024 -426 -6647 END
START -3312 -3056 10808 2661 -947 -6211 END
START -3116 -2672 11516 3089 -1526 -5951 END
START -2516 -2532 11624 3886 -1293 -5832 END
START -2336 -2388 11588 5091 -721 -5478 END
START -2272 -2636 12216 5216 -1265 -5395 END
START -1828 -2436 11648 4705 -2787 -5642 END
START -1532 -2820 11312 4869 -4087 -5556 END
START -1012 -3100 11716 6066 -5091 -4922 END
START -1148 -2588 13400 7115 -4552 -4278 END
START -1816 -2480 14748 6843 -5552 -3755 END
START -1504 -2020 14120 6273 -5360 -3196 END
START -2124 -1852 14420 5832 -7260 -3076 END
START -2464 -1668 15408 5266 -9357 -3244 END
START -2152 -1456 17064 4032 -10742 -3662 END
START -1868 -1844 17580 3613 -11186 -3881 END
START -848 -1680 18108 4955 -10825 -3223 END
START -984 -1304 19220 5831 -10235 -2700 END
START -1088 -1312 20180 5464 -9915 -2378 END
START -1616 -1312 20280 3407 -10295 -2325 END
START -1364 -1584 19524 1944 -11559 -2638 END
START -1636 -1728 20256 1384 -12601 -2575 END
START -1964 -1924 21868 1446 -12950 -2552 END
START -1732 -1700 23496 2193 -11288 -2080 END
START -2116 -1432 25144 2522 -11074 -1818 END
START -1668 -1440 25656 2412 -8123 -1632 END
START -1596 -1272 25344 2170 -6601 -1491 END
START -1584 -1480 25316 2154 -6016 -1474 END
START -1612 -1716 25784 2234 -5213 -992 END
START -1848 -1676 26052 2283 -4505 -358 END
START -2172 -1348 26324 1647 -3370 192 END
START -1996 -804 24924 2239 -2327 364 END
START -2468 -948 26700 1348 -2958 369 END
START -1156 -484 23900 2403 -1074 674 END
START -1436 -808 23800 2791 -2321 632 END
START -896 -688 23488 2619 -1630 1024 END
START -1088 -588 22468 1734 -839 1298 END
START -944 -368 21472 298 841 1585 END
START -1044 -180 20764 -549 2670 1652 END
START -848 -372 19736 213 2420 1697 END
START -488 -512 19312 508 2405 1832 END
START -500 -200 19032 568 2585 2013 END
START -728 -104 18460 461 3037 1930 END
START -704 -80 18344 373 3192 1923 END
START -364 196 17964 361 3668 1888 END
START -480 404 17764 288 3613 1882 END