START -4656 -264 18484 1486 398 1157 END
START -6324 -716 16716 17 -33 1380 END
START -7612 -2412 19412 39 1249 883 END
START -5600 120 19336 1247 1237 303 END
START -5500 -516 19124 1167 2077 -233 END
START -4548 -376 19140 1181 1431 -221 END
START -4724 -464 19864 830 1750 265 END
START -4484 -360 20096 294 1270 744 END
START -4520 -372 19588 -612 1530 1094 END
START -4628 80 19596 -1366 1733 1169 END
START -5116 668 19692 -2085 2271 1081 END
START -5548 1140 19380 -2460 2501 451 END
START -4748 1056 17692 -2311 3030 -322 END
START -5208 1228 17892 -2138 3393 -906 END
START -4908 1368 17552 -1817 3160 -1516 END
START -4512 1540 17172 -1836 3733 -1827 END
START -4304 1552 16580 -1358 3366 -1796 END
START -4588 1808 16616 -1337 3646 -1639 END
START -4596 1768 16028 -1899 3962 -1607 END
START -4996 2048 15040 -2135 3679 -1778 END
START -5116 2052 14216 -2015 3597 -2141 END
START -5332 2084 14084 -1856 2326 -2633 END
START -4988 1816 14064 -1740 1807 -3144 END
START -4544 1556 13596 -1601 1912 -3481 END
START -4296 912 13444 -1523 1986 -3592 END
START -3660 692 12648 -1088 1852 -3506 END
START -3744 436 12600 -549 1634 -3375 END
START -3640 -120 12400 99 1357 -3378 END
START -3492 -508 12756 706 1418 -3283 END
START -3636 -1056 12700 1130 1513 -3152 END
START -3312 -1700 12772 1743 1455 -3015 END
START -3076 -1720 12968 1966 1450 -2450 END
START -3212 -1512 12940 1904 1017 -2102 END
START -3312 -1092 12980 1780 339 -2184 END
START -2940 -840 12796 1725 -510 -2306 END
START -2464 -932 12528 2087 -972 -2198 END
START -2084 -1224 12288 2571 -1303 -1883 END
START -2776 -1716 12524 2696 -1188 -1413 END
START -3052 -1580 12684 2507 -1995 -1205 END
START -3792 -2132 13180 2706 -6739 -1369 END
START -2976 -1820 11812 4022 -7639 -1143 END
START -3120 -1504 12204 6195 -9154 -1084 END
START -2672 -2576 12272 7653 -10033 -1303 END
START -1384 -2604 13164 8657 -11791 -1058 END
START -1464 -1488 14904 11192 -10857 -1528 END
START -1708 -2692 15724 12780 -11988 -996 END
START -3716 -1232 12172 6128 -8255 302 END
START -1064 -1600 14212 2393 -3016 1608 END
START -1924 -2920 12828 3628 -7975 1944 END
START -672 -912 14968 4699 -8038 1817 END
START -1308 716 16756 2682 -8755 1972 END
START -1384 -220 17500 2258 -9847 1915 END
START -2160 984 17572 1613 -9101 2031 END
START -2240 212 18140 2129 -9114 1618 END
START -1708 1564 18720 2481 -8712 1490 END
START -1532 1312 18792 2575 -8621 1471 END
START -1104 2132 19388 2390 -9291 1431 END
START -924 1700 20736 404 -10041 1618 END
START -1328 1004 19880 -1593 -10921 1937 END
START -1448 1704 19408 -2145 -11137 2060 END
START -1848 884 20048 -1215 -10750 1804 END
START -1640 816 20896 1391 -9836 1480 END
START -1756 376 22516 2727 -8818 1669 END
START -640 1900 22744 3422 -7279 2226 END
START -1344 2388 25116 2629 -7809 2340 END
START -1556 2916 26024 990 -7751 2268 END
START -1732 3048 26076 -75 -7395 1959 END
START -1860 2756 26092 127 -6502 1392 END
START -1580 2600 26384 1295 -5364 1076 END
START -1076 2612 27016 2507 -3799 1033 END
START -784 3084 28204 2823 -2723 1254 END
START -848 3716 29124 2154 -1500 1388 END
START -760 3784 29044 1156 -497 1238 END
START -524 3828 28704 685 731 1027 END
START -432 3712 27936 609 2426 945 END
START -280 3776 27048 741 3694 896 END
START -384 3908 26360 830 4646 884 END
START -644 4144 25232 983 5285 651 END
START -848 4360 24716 1053 5766 250 END
START -1056 4376 24444 927 6185 -201 END
START -932 4556 23988 287 6179 -597 END
START -256 4684 23256 -430 6070 -845 END
START -728 4384 22552 -519 6325 -1119 END
START -560 4196 22300 -194 6961 -1519 END
START -428 3828 21908 -66 7900 -1759 END
START -496 3576 21264 193 8813 -2020 END
START -720 3384 20236 464 9307 -2157 END
START -312 3496 19884 840 9305 -2426 END
START -404 3220 19528 759 9170 -2355 END
START -452 2968 18972 500 9067 -1972 END
START -816 3168 18652 465 8930 -1795 END
START -1188 3132 18236 234 8767 -1908 END
START -1128 3312 18276 105 8680 -2140 END
START -868 3368 17984 -56 9454 -2144 END
START -1104 2940 18120 -1256 10539 -1688 END
START -752 4140 23488 737 12235 -2549 END
START -1976 3208 16324 -3194 12546 -1962 END
START -2144 3092 16464 -2123 12271 -2664 END
START -2168 3160 15296 -3139 12946 -2913 END
START -1992 3228 14980 -3962 11393 -3070 END
START -2416 2864 14480 -3586 10710 -3237 END
START -2620 3080 14056 -3464 8571 -3509 END
START -3020 3524 14996 -3649 5895 -4175 END
START -2816 3072 14912 -3838 5661 -4830 END
START -2276 2488 13072 -3664 6329 -5124 END
START -2744 2040 13520 -3240 7179 -5380 END
START -2124 2176 12992 -2941 5753 -5561 END
START -2532 2200 12460 -2848 5845 -5416 END
START -2524 2252 11416 -2510 5989 -5495 END
START -2876 2428 11672 -2820 5111 -5666 END
START -2992 2228 11176 -3185 4224 -5977 END
START -3060 2124 11500 -3680 3526 -6179 END
START -3484 1928 11796 -3752 1831 -6239 END
START -3312 1808 11264 -4002 1678 -6406 END
START -3400 1348 11560 -3324 1016 -6480 END
START -3408 680 11488 -2193 1414 -6318 END
START -3224 392 11232 -751 2535 -5937 END
START -3712 176 11016 208 3376 -5646 END
START -4032 188 10728 386 2333 -5806 END
START -3904 -56 10128 198 1067 -6221 END
START -3808 -420 10156 79 -228 -6424 END
START -3456 -896 10296 -16 -1243 -6408 END
START -3280 -1128 10900 -71 -2068 -6356 END
START -3320 -1636 11164 200 -2209 -6215 END
START -2888 -1884 11028 818 -2220 -5722 END
START -2660 -2012 10740 1415 -2001 -5131 END
START -2924 -2192 10828 1940 -2419 -4742 END
START -2964 -1968 11256 1595 -2996 -4423 END
START -3076 -1868 11172 1068 -3809 -4344 END
START -2744 -1836 11040 997 -5123 -4292 END
START -3000 -2084 11476 1194 -6195 -4172 END
START -3184 -2624 11988 1316 -6996 -4181 END
START -2920 -3372 12188 1528 -7063 -4348 END
START -2260 -4336 11932 1931 -7183 -4208 END
START -1260 -5228 11780 2451 -7609 -3460 END
START -336 -5680 11580 3262 -8871 -1978 END
START 696 -5112 11480 4151 -8228 -413 END
START -76 -4576 12888 5042 -10033 1357 END
START -1640 -2560 16504 4068 -14190 2180 END
START -2064 -1820 15716 4782 -17915 1917 END
START -2300 -2160 16928 5373 -19187 1467 END
START -2088 -1144 18068 6269 -19549 1005 END
START -1816 -860 19540 6700 -18606 348 END
START -648 -436 20100 9399 -15720 -115 END
START -976 -668 20528 7853 -14689 578 END
START -672 -288 21376 8771 -12719 1000 END
START -1024 448 22624 7086 -12206 1957 END
START -1204 1308 23968 6156 -11873 2362 END
START -1632 1896 26096 3399 -11958 2558 END
START -1256 2668 25764 2497 -10069 1970 END
START -1132 2596 26072 2004 -9211 1594 END
START -868 2600 26488 2134 -8351 1310 END
START -640 2588 26516 2718 -6906 1281 END
START -760 2796 26992 2916 -5406 1257 END
START -464 3088 27776 2657 -4291 1206 END
START -504 3288 27996 2085 -3002 1224 END
START -2088 2424 26544 2461 -1059 849 END
START -648 4208 29252 1625 -537 1034 END
START -520 3840 28724 2479 -234 573 END
START -316 2848 27748 293 -96 870 END
START -184 4112 27780 322 1789 618 END
START -344 4224 27820 197 2758 405 END
START -160 4376 26760 -20 3775 125 END
START -140 4376 26036 -51 4514 -243 END
START -56 4332 25672 16 5086 -648 END
START 240 4156 25228 -132 5778 -973 END
START 224 3724 24804 -375 6430 -1260 END
START 432 3444 24044 -584 7069 -1458 END
START 464 3168 23292 -1215 7739 -1539 END
START 392 2528 22396 -1496 8310 -1534 END
START 488 2584 22016 -741 8705 -1681 END
START 704 2100 21284 -206 9206 -1618 END
START 608 2048 21172 -8 9757 -1186 END
START 508 2176 20936 -449 10231 -811 END
START 424 2152 20580 -1295 10705 -536 END
START 472 2272 20124 -2009 11988 65 END
START -60 2516 19600 -2323 12755 287 END
START -672 2380 19068 -2379 13546 220 END
START -916 2480 17892 -2007 14717 -94 END
START -1284 2360 17472 -808 15026 -452 END
START -1452 1960 16700 54 14058 -523 END
START -1868 2364 16560 -237 13821 -444 END
START -2488 2820 16064 -95 12786 -628 END
START -2868 3064 16364 -580 10750 -1151 END
START -2764 3360 15908 -1014 9942 -1601 END
START -2836 3528 15448 -1481 9948 -2073 END
START -2984 3564 14344 -1466 10489 -2542 END
START -3380 3552 14496 -1888 9596 -3016 END
START -3476 3732 13932 -2319 9297 -3445 END
START -3976 3092 13648 -2361 6410 -4025 END
START -3264 3096 12824 -2573 6511 -3830 END
START -3272 3112 11948 -2871 6737 -3533 END
START -3888 3500 11976 -3198 6697 -3643 END
START -4052 3924 11304 -4242 6097 -4266 END
START -4376 4072 10832 -5238 5229 -5181 END
START -4612 3660 10640 -6061 3895 -6192 END
START -4348 3088 9744 -6313 2547 -6798 END
START -3912 2636 9420 -6004 2009 -7057 END
START -3820 2104 9380 -5435 1228 -7117 END
START -3608 1620 8876 -4557 1583 -6757 END
START -3900 1512 9184 -3769 664 -6581 END
START -3832 1304 8968 -3341 316 -6601 END
START -3836 904 8772 -3278 -100 -6608 END
START -4184 956 8736 -3278 -1091 -7229 END
START -3836 576 8804 -3005 -1899 -8242 END
START -3520 -504 8312 -2164 -2198 -8900 END
START -2832 -1432 8580 -437 -2346 -9126 END
START -2588 -2256 9908 783 -2128 -8726 END
START -2292 -2732 10464 989 -2294 -7876 END
START -2584 -2744 10864 794 -2990 -7075 END
START -2488 -3044 11000 405 -4002 -6778 END
START -2064 -3088 10536 725 -4433 -6088 END
START -2588 -2936 11236 1656 -4976 -5560 END
START -2396 -2616 12420 2468 -5618 -5611 END
START -2116 -2616 13184 2886 -5564 -5563 END
START -1936 -2388 14396 2999 -6256 -5292 END
START -1876 -2744 13516 3071 -5194 -5156 END
START -1624 -3200 12760 2816 -5702 -5256 END
START -1420 -4304 11720 3391 -6546 -5616 END
START -296 -5332 11284 5424 -7457 -5092 END
START 156 -5568 13180 7447 -7994 -3249 END
START 112 -4560 15492 7387 -9496 -1396 END
START -256 -3276 17276 5689 -9779 -462 END
START -456 -2476 17368 4347 -10726 136 END
START -900 -1984 17436 3798 -11356 288 END
START -1224 -1324 18208 3369 -11809 -122 END
START -1536 -1764 18136 2978 -11798 -961 END
START -544 -2368 17764 4046 -11584 -1224 END
START -540 -2908 18512 5194 -11623 -606 END
START -464 -2780 20284 5450 -12139 376 END
START -1560 -1996 22712 4349 -12261 1153 END
START -2220 -1416 24560 3071 -12743 1133 END
START -1848 -668 25912 2172 -11594 1309 END
START -2568 -460 26352 2092 -9884 1097 END
START -2136 -220 26584 2856 -8044 989 END
START -1868 -20 26708 3358 -5738 1268 END
START -2172 284 26816 3121 -5079 1387 END
START -2176 676 26720 2287 -5053 1611 END
START -2616 948 26464 1706 -4552 1921 END
START -2680 1468 26188 1396 -3533 2121 END
START -2912 1844 25828 1069 -2323 2039 END
START -3384 2352 25588 2472 -3968 1699 END
START -2064 2184 24372 3358 -3620 1033 END
START -2056 2244 23380 3527 -4366 464 END
START -1448 2580 22364 4387 -2249 150 END
START -1656 1616 21208 4873 -1674 -134 END
START -120 3132 22124 1427 1539 461 END
START -88 2952 21228 -2365 2765 999 END
START 112 2572 20916 -3413 2810 1072 END