START -4172 1200 18660 2030 1227 650 END
START -5512 1984 17764 -375 555 1197 END
START -4016 1576 19328 -67 1251 721 END
START -4804 1796 19368 1065 707 337 END
START -4304 1672 19128 642 711 142 END
START -4440 1432 18648 -10 721 235 END
START -4476 1380 18244 -295 1461 252 END
START -4800 1784 18980 -878 1581 168 END
START -5000 2144 18668 -980 1820 -15 END
START -5368 2236 18828 -1240 1750 -466 END
START -5128 2300 18320 -1054 1590 -919 END
START -5020 2256 18120 -1161 1803 -1273 END
START -5032 2396 18108 -1056 2503 -1533 END
START -4608 2208 17828 -1095 2529 -1571 END
START -4712 1920 17364 -1341 3058 -1316 END
START -4588 2060 16708 -1270 3352 -1166 END
START -4984 2460 16984 -1525 3297 -1101 END
START -5344 2772 16564 -1616 2794 -1426 END
START -5356 2696 16844 -1939 2025 -1974 END
START -4948 2772 15684 -2206 1602 -2498 END
START -4808 2648 15348 -2276 1254 -2859 END
START -4236 2340 14848 -2000 1056 -3086 END
START -3772 1608 14392 -1544 1055 -2975 END
START -3656 1612 14184 -1353 1508 -2708 END
START -3536 1464 13928 -1250 1109 -2822 END
START -3820 1292 14492 -1550 593 -2473 END
START -3808 872 13728 -1263 507 -2484 END
START -3760 692 13396 -675 335 -2417 END
START -3588 580 13476 -69 564 -2322 END
START -3776 508 13476 412 827 -2307 END
START -3932 600 13592 588 591 -2390 END
START -3848 368 13712 666 167 -2446 END
START -3536 264 13872 622 -525 -2418 END
START -3636 152 14072 451 -1098 -2301 END
START -3604 200 14244 258 -1506 -2205 END
START -3172 -28 14292 198 -1418 -2012 END
START -2776 -228 14056 609 -1140 -1673 END
START -2380 -196 13572 1244 -998 -1290 END
START -1980 -464 13976 1637 -718 -973 END
START -2092 -512 13584 1372 -460 -561 END
START -2488 -828 13320 1276 -2399 -161 END
START -2604 -872 12708 1549 -4875 139 END
START -3228 -296 12248 3094 -7170 38 END
START -3084 -436 12812 5252 -10360 -396 END
START -2496 404 12552 6251 -11687 -530 END
START -1832 1868 14376 10793 -11837 -1684 END
START -4096 -3220 21296 5107 -13961 -16 END
START -752 3400 11440 -1340 -5515 -690 END
START -1932 -248 14640 -5601 -8216 -534 END
START -940 -1876 13864 -462 -7575 -929 END
START -152 172 11304 1369 -4336 -392 END
START -192 -2460 12656 2656 -5836 698 END
START 616 532 12332 4181 -7555 1470 END
START 76 -1172 13036 3464 -7767 2368 END
START -296 876 15044 3557 -8859 2739 END
START -1952 916 16244 1728 -9877 2643 END
START -2080 1692 16420 1044 -10645 1694 END
START -1660 1448 16924 943 -11061 815 END
START -1108 1124 17884 1710 -11340 157 END
START 292 880 18972 2264 -10867 12 END
START 576 588 19372 2200 -10351 628 END
START 36 -84 19040 2606 -9915 1427 END
START 928 52 21556 4073 -9313 2041 END
START 96 196 20924 4148 -8963 2858 END
START 84 1132 21804 5777 -8437 3485 END
START -200 2352 22840 6612 -7784 3702 END
START -744 3860 24532 5012 -7341 3736 END
START -1328 4472 25716 3642 -8366 3056 END
START -968 4700 25780 2528 -8253 2315 END
START -1044 4404 26528 1857 -8002 1793 END
START -1076 4344 26924 1907 -6996 1476 END
START -512 4468 27468 2708 -5483 1166 END
START -380 4428 28132 3588 -3327 1226 END
START -132 5036 28952 3590 -1699 1573 END
START -532 5784 29096 2912 -800 1812 END
START -768 6460 29124 2183 -38 1562 END
START -924 6752 28820 1666 858 1087 END
START -744 6828 28436 1148 2028 601 END
START -760 6908 27956 702 2999 136 END
START -888 6600 27032 493 3953 -375 END
START -684 6492 26056 503 4807 -919 END
START -264 6304 25424 375 5440 -1187 END
START -300 6108 25012 274 6020 -1417 END
START 20 6048 24600 -133 6767 -1589 END
START -148 5868 23844 -386 7736 -1856 END
START -116 5840 22776 -397 8503 -2225 END
START -100 5376 21640 -24 9027 -2693 END
START 96 4872 20936 477 9463 -2956 END
START 212 4620 20452 1064 9898 -3013 END
START -8 4528 19892 1333 10188 -2949 END
START -72 4648 19608 1197 10089 -2875 END
START -612 4696 18940 692 9763 -2961 END
START -164 4844 18212 262 9221 -3008 END
START -760 4808 17700 -122 8781 -3086 END
START -856 4736 17228 -279 8662 -3197 END
START -1052 4696 16700 -198 8898 -3406 END
START -992 4356 16484 -313 8811 -3598 END
START -1360 5164 15188 -768 8843 -3773 END
START -1184 4028 16276 -2590 8885 -3870 END
START -2048 4480 11156 -4613 9755 -3845 END
START -1012 3312 14484 -3359 9568 -4138 END
START -1472 3916 14416 -5929 10883 -3357 END
START -1604 3072 15020 -4883 12455 -3536 END
START -2208 2636 14216 -3403 11306 -3529 END
START -1956 2356 13348 -2148 9851 -3581 END
START -2384 2728 13408 -2044 7661 -3662 END
START -2488 3116 14216 -1264 5670 -3915 END
START -2576 3000 13236 -881 4608 -4175 END
START -2660 2816 12876 -1113 4305 -4356 END
START -2712 2560 12692 -932 5141 -4607 END
START -3292 2620 14008 -1528 7579 -4568 END
START -2312 3548 15548 -3003 5165 -4616 END
START -2904 2160 12544 -2096 1106 -4530 END
START -2840 2176 12724 -2867 903 -4186 END
START -3536 2320 12872 -3277 578 -3934 END
START -3620 2572 12668 -3399 160 -4197 END
START -4064 2480 12696 -2943 516 -4720 END
START -3784 2244 12580 -2387 1412 -5313 END
START -3664 1632 12396 -1401 2407 -5631 END
START -3688 896 12816 -842 1901 -5637 END
START -3312 608 13160 -559 1976 -5266 END
START -3420 472 12876 -819 1343 -4723 END
START -3668 512 12896 -1425 924 -4341 END
START -3588 656 12304 -1515 395 -4203 END
START -3560 744 11992 -1340 190 -4077 END
START -3872 764 12200 -1069 -388 -4290 END
START -3900 432 12316 -697 -398 -4721 END
START -3620 -96 12468 -492 -383 -4925 END
START -3412 -676 12156 -371 -296 -4768 END
START -3172 -1044 12296 -79 -356 -4406 END
START -3088 -1044 12108 -143 -390 -3934 END
START -2892 -928 11872 -279 -812 -3324 END
START -2980 -488 11332 -33 -1632 -2995 END
START -3192 -420 11492 201 -2373 -2833 END
START -3452 -392 11928 359 -3339 -2725 END
START -3736 -524 12392 -17 -4082 -2743 END
START -3952 -780 12792 -779 -4884 -3023 END
START -3492 -1232 12588 -891 -5613 -3426 END
START -2960 -1704 12720 -236 -5533 -3550 END
START -1976 -2092 12616 1151 -6084 -3216 END
START -1400 -1884 13068 2652 -6637 -2282 END
START -1552 -812 13280 4160 -8568 -1706 END
START -2220 -1408 13212 5379 -12073 -1397 END
START -2868 -2580 13728 4395 -13841 -1118 END
START -2848 -1108 12788 3580 -14650 -1121 END
START -2596 -1688 14704 6574 -14610 -1850 END
START -1288 36 14336 4642 -14396 -1400 END
START -520 -1024 15652 6488 -13061 -1413 END
START -380 -132 18336 2300 -11321 488 END
START -308 -24 17872 1850 -10351 926 END
START -1316 260 18504 1253 -10816 1322 END
START -1540 476 18836 1135 -10911 1102 END
START -1412 500 18756 1800 -10546 948 END
START -1404 428 18952 3933 -10653 766 END
START -576 1228 20200 5558 -10354 738 END
START -208 1656 21340 5582 -10034 1031 END
START -24 2484 23108 4764 -10163 1561 END
START -796 3312 24460 1967 -11003 2086 END
START -1600 3216 24264 1318 -10720 1606 END
START -1704 3240 24276 1566 -9209 1325 END
START -1648 3336 25092 2755 -8129 825 END
START -1388 3424 26032 4187 -6200 530 END
START -728 4400 26320 5240 -4024 646 END
START 0 4916 29460 2548 -1230 1829 END
START -2028 3720 29960 5336 -2233 828 END
START -1180 4576 29456 3876 -4293 1190 END
START -1036 5128 29640 2036 -3767 1248 END
START -1020 5380 29644 1335 -1553 1073 END
START -788 5012 29824 2715 -462 358 END
START -836 4216 29988 1303 -64 82 END
START 228 4944 29656 847 3071 179 END
START 28 5096 28900 526 5087 439 END
START -72 5220 27756 285 6319 363 END
START -572 5204 26128 156 7514 204 END
START -240 5156 25020 48 7889 -224 END
START -180 4680 23828 138 8293 -623 END
START 72 4444 23128 299 8664 -770 END
START -8 4408 22592 390 8962 -917 END
START 72 4388 22028 93 9018 -1027 END
START -56 4244 21572 -433 8908 -969 END
START -432 4036 20920 -552 8926 -968 END
START -464 3952 20476 -67 9408 -1053 END
START -808 3988 19912 147 10198 -1045 END
START -980 3960 19512 -952 10919 -928 END
START -1032 5464 18124 176 11579 -1365 END
START -1292 4112 18496 -311 11894 -1511 END
START -1392 5208 16820 -1560 12133 -1570 END
START -1696 4148 17328 -2895 12249 -1676 END
START -1844 5012 17024 -3495 11384 -2058 END
START -1904 3940 16636 -3443 10396 -2604 END
START -2112 4276 15628 -4457 10985 -2867 END
START -2064 3996 15452 -4425 13575 -3101 END
START -2248 3584 14532 -4235 12074 -3272 END
START -2232 3156 14528 -3635 11230 -3466 END
START -2428 2808 13828 -3011 9884 -3558 END
START -2216 2696 13828 -2375 7897 -3559 END
START -2276 2264 12928 -2086 7167 -3365 END
START -2448 2328 12836 -2125 8216 -3122 END
START -3080 2992 13768 -3744 11032 -3090 END
START -3144 2124 11588 -2728 4585 -3668 END
START -2888 2608 11904 -3338 3619 -3805 END
START -3032 2432 11536 -3920 3163 -4021 END
START -3164 2492 11804 -4266 1967 -4320 END
START -3492 2116 11496 -4971 1435 -4720 END
START -3484 1772 10992 -4975 1004 -5158 END
START -2992 1040 10628 -4327 1293 -5340 END
START -3116 616 10476 -3367 2169 -4843 END
START -3288 876 10760 -2312 1868 -4427 END
START -3752 1224 10820 -1890 1659 -4430 END
START -3952 1108 10704 -1869 549 -4637 END
START -4300 968 11280 -2674 -364 -4802 END
START -4672 1012 11272 -3885 -1313 -5115 END
START -4560 916 10736 -4403 -2022 -5645 END
START -4600 668 10384 -3620 -2178 -6102 END
START -4256 424 10448 -2278 -1935 -6659 END
START -3880 212 10628 -495 -1336 -6913 END
START -3816 -236 11208 823 -1235 -7048 END
START -3596 -520 11924 1225 -700 -7152 END
START -3412 -788 12136 898 -1035 -7156 END
START -2988 -828 11736 380 -1596 -6934 END
START -2760 -884 11572 471 -2089 -6545 END
START -2456 -1040 11860 981 -2578 -6303 END
START -2096 -1148 12312 1491 -2614 -6089 END
START -2196 -1680 12656 1590 -2822 -5813 END
START -2000 -2356 11732 1779 -3290 -5739 END
START -1636 -2764 11640 2839 -4038 -5636 END
START -1424 -3512 11616 4670 -4161 -5460 END
START -652 -3764 12364 7068 -3795 -4536 END
START -404 -3652 13928 8239 -3634 -3363 END
START -176 -3336 15232 7503 -3748 -2347 END
START 152 -3236 15620 5854 -4691 -1286 END
START 176 -2960 14848 4648 -5728 2 END
START -952 -2624 14916 4588 -7057 776 END
START -1708 -1872 15328 4697 -8196 1151 END
START -2956 -1236 16812 4409 -9691 1018 END
START -2880 -684 18000 4318 -11065 866 END
START -3116 -428 19416 3387 -11211 891 END
START -2860 -260 20032 2925 -11140 955 END
START -2372 56 20452 3150 -10021 1321 END
START -2684 320 20684 3504 -9198 1466 END
START -2960 1036 20920 3536 -8504 1789 END
START -4444 1680 21828 3206 -8803 1868 END
START -5052 2288 22656 2885 -9032 1655 END
START -5756 2804 23872 2187 -9194 1364 END
START -6152 3036 24548 1380 -9068 642 END
START -5840 3092 24540 1130 -8297 -153 END
START -5116 2628 24364 1674 -7375 -1010 END
START -3748 1688 24720 3367 -5703 -1087 END
START -3084 1336 24560 5379 -2902 -356 END
START -2964 1604 24980 6073 -689 683 END
START -3212 2236 24808 5196 -229 1376 END
START -3184 2708 23968 3323 -776 1709 END
START -3440 2824 22788 1824 -1343 1672 END
START -2956 2920 21936 1109 -1865 1422 END
START -2920 2740 21020 1027 -1614 816 END
START -2136 2052 20628 1414 -1384 310 END
START -1520 1836 20148 1900 -443 207 END
START -1012 1444 19740 2125 255 452 END
START -836 1600 19820 1972 728 767 END
START -892 1784 19776 1340 648 1175 END
START -832 2132 19596 616 218 1381 END
START -692 2452 19200 209 319 1532 END