START -6020 356 19132 1554 1854 94 END
START -4868 2120 13740 -491 1548 514 END
START -8264 -1512 18332 405 1314 -139 END
START -5560 916 18480 1036 2124 -259 END
START -5920 720 18876 398 795 -423 END
START -5744 648 19076 -129 355 -623 END
START -5528 584 18836 -679 543 -743 END
START -5072 544 18680 -968 948 -717 END
START -4740 616 18308 -1192 1684 -441 END
START -4744 836 17976 -1219 1947 -77 END
START -4916 1204 18084 -1504 2755 61 END
START -5268 1104 16608 -1428 2615 -201 END
START -5360 1348 16688 -1437 3100 -611 END
START -5624 1480 16652 -1361 3697 -1058 END
START -5216 1216 16372 -915 2472 -1540 END
START -3980 2660 13680 -928 1539 -2431 END
START -5108 1028 16268 -1670 670 -2518 END
START -4508 908 15088 -1954 1765 -2141 END
START -4428 812 15104 -1857 965 -1779 END
START -4496 684 14892 -1755 898 -1404 END
START -4412 496 14376 -1724 833 -1189 END
START -4336 252 13828 -1750 949 -1068 END
START -4184 -44 13516 -1133 910 -1012 END
START -4480 -216 13372 -341 1001 -1146 END
START -4432 -300 13716 -142 690 -1363 END
START -4420 -452 13668 21 272 -1662 END
START -4064 -364 13368 161 -22 -1762 END
START -3976 -652 13200 542 -155 -1765 END
START -3608 -764 13328 745 -276 -1667 END
START -3596 -868 13728 344 -615 -1335 END
START -3372 -780 13644 -129 -1093 -935 END
START -3324 -480 13712 -266 -1196 -665 END
START -3568 -424 13564 -40 -1086 -515 END
START -4016 -300 13272 137 -936 -522 END
START -4404 -364 13044 166 -1204 -753 END
START -4660 -740 12688 423 -4251 -1333 END
START -3984 -1144 11452 1170 -5946 -1891 END
START -3068 -524 11288 2881 -7742 -2204 END
START -2584 -1876 11940 5422 -10674 -2418 END
START -1216 -1772 12864 6615 -11886 -1809 END
START -2068 -3392 12316 13623 -16033 -2645 END
START -1536 -360 12368 11947 -15434 -337 END
START 548 5756 11808 -3367 -4785 1900 END
START -4376 -1732 16276 -3923 -6511 121 END
START -3284 1180 13096 -1100 -8949 -1240 END
START -1428 -580 11508 2051 -6250 -2374 END
START -696 -1344 15036 2815 -7820 -1764 END
START 860 224 15476 3084 -9607 -991 END
START 664 -1288 14356 3044 -9126 -145 END
START -116 -1176 17132 4028 -9638 971 END
START -644 -1056 17816 3239 -9681 2220 END
START -1172 700 19408 3831 -9432 2193 END
START -1980 988 19048 3097 -9668 1751 END
START -1648 1588 19344 3171 -9262 780 END
START -832 1476 19392 3138 -9110 38 END
START -428 920 19652 3048 -9228 -55 END
START -144 460 20428 3249 -9767 333 END
START 56 392 21320 3808 -9707 995 END
START -320 308 22756 4306 -10197 1792 END
START -488 792 24320 3906 -8637 2597 END
START -584 2572 25300 3108 -9061 2552 END
START -580 2356 26628 2849 -7869 2346 END
START -320 2568 26716 2728 -6536 2270 END
START -324 3048 26884 2591 -5500 2242 END
START -416 3432 26704 2355 -4625 2009 END
START -840 3432 26872 2132 -3715 1831 END
START -880 3916 27000 1797 -3362 1676 END
START -1000 4284 27084 1525 -2862 1370 END
START -760 4428 27456 1381 -2064 1013 END
START -488 4644 27752 950 -1218 950 END
START -484 5020 27516 612 -260 903 END
START -720 5348 27324 404 798 595 END
START -628 5196 26748 479 1991 -30 END
START -516 4980 26468 588 3533 -478 END
START -572 4728 25968 406 5069 -693 END
START -352 4680 25348 217 6130 -1034 END
START -392 4444 23824 319 7189 -1295 END
START -116 4552 23172 526 7693 -1454 END
START -348 4576 22792 388 7861 -1670 END
START -504 4364 22120 84 7997 -1754 END
START -772 4200 21284 87 8131 -2006 END
START -1160 4248 21200 158 7908 -2564 END
START -968 4016 20852 155 7960 -3194 END
START -828 3484 20528 363 8508 -3537 END
START -588 3156 20380 651 9068 -3517 END
START -580 3000 20016 731 9664 -3311 END
START -780 3060 19672 668 10426 -3037 END
START -960 3380 18644 811 10730 -2791 END
START -1244 3608 18088 921 10746 -2856 END
START -1632 3780 17548 355 10646 -3097 END
START -1468 3640 16880 -1127 11109 -3280 END
START -1552 3724 16800 -3664 12194 -3165 END
START -976 3364 19308 -4426 12854 -3324 END
START -2308 1904 15716 -3786 12325 -4057 END
START -1888 2012 15844 -4885 12539 -4016 END
START -1680 1808 14888 -4576 11532 -3902 END
START -1944 1832 15156 -5031 10901 -3658 END
START -2668 1132 14112 -3382 10078 -3504 END
START -2632 908 12872 -1481 10152 -3492 END
START -3024 1320 14452 -791 9136 -3434 END
START -3364 1324 14028 -720 8453 -3548 END
START -3328 1300 13572 -980 6854 -3836 END
START -3828 1296 13664 -1885 6637 -4041 END
START -2780 1516 11640 -2997 9769 -4007 END
START -4388 452 11136 -3458 5594 -4343 END
START -4252 1012 12636 -3606 4032 -4536 END
START -3688 748 11972 -2741 1738 -4587 END
START -3732 580 12192 -2464 2165 -4417 END
START -4020 704 12488 -2615 2038 -4249 END
START -3888 324 11992 -2704 1935 -4087 END
START -4172 172 12028 -2850 2980 -3812 END
START -4440 -12 11008 -2535 1801 -3625 END
START -4928 364 11276 -1945 1228 -3762 END
START -5216 632 11496 -1415 599 -4371 END
START -5096 520 11076 -511 725 -5064 END
START -4772 240 11360 278 396 -5369 END
START -4384 84 11676 599 -146 -5457 END
START -3940 -132 12316 470 -343 -5312 END
START -4084 -440 12428 13 -771 -4920 END
START -4332 -404 12308 -331 -1313 -4744 END
START -4376 -436 12388 -386 -1347 -4619 END
START -4052 -532 11980 160 -1095 -4376 END
START -4148 -340 11456 1256 -352 -3950 END
START -4112 180 11424 2295 72 -3809 END
START -4100 932 11652 2630 -565 -4189 END
START -4088 684 11880 2521 -1390 -4722 END
START -3552 124 11808 1954 -2303 -4962 END
START -3248 -536 11892 1204 -3000 -4822 END
START -2956 -960 11596 626 -3624 -4533 END
START -2768 -1500 11160 786 -4623 -4423 END
START -1560 -1672 10400 2531 -6242 -3945 END
START -2228 -1784 11720 3590 -5981 -3204 END
START -2096 -1504 12616 4721 -8033 -2709 END
START -2036 -980 11820 6371 -10236 -2525 END
START -2628 -1464 12880 7619 -13503 -2831 END
START -2016 -2100 11900 6738 -13765 -2960 END
START -2088 -856 13088 6652 -15579 -3125 END
START -2072 -1360 15480 8528 -15351 -3323 END
START -1260 -680 14416 7311 -14305 -2877 END
START -76 -268 15412 7132 -13932 -2253 END
START -332 -1000 18060 4360 -11763 -439 END
START -1908 -416 18412 2249 -11204 54 END
START -2340 368 19516 2403 -12154 -164 END
START -2592 608 20348 1490 -12237 -339 END
START -2372 640 20868 2353 -12430 -1080 END
START -1232 100 21100 3866 -12107 -1481 END
START -472 -44 22260 4664 -10859 -1066 END
START -664 -140 23620 2552 -11522 15 END
START -760 300 23332 2635 -10588 1086 END
START -1300 1260 24864 2604 -10238 1468 END
START -1640 1560 25676 2521 -9224 1278 END
START -1516 1480 25792 2651 -7677 958 END
START -864 1324 26056 3076 -6448 1052 END
START -400 1604 26156 3395 -5340 1359 END
START -216 1804 26320 3323 -4569 1733 END
START -356 2328 26952 2881 -3814 2260 END
START -892 2560 27220 2139 -3491 2410 END
START -1016 2996 27620 1471 -2802 2403 END
START -1192 3296 27540 926 -2001 2400 END
START -1060 3564 27500 673 -1141 2069 END
START -904 3780 27512 603 39 1892 END
START -868 3984 27180 670 1159 1796 END
START -1016 4312 27076 540 2496 1615 END
START -1096 4660 26560 294 3603 1317 END
START -1180 4604 25840 124 4617 886 END
START -1020 4348 25348 39 5487 486 END
START -1000 4188 25056 -247 6017 161 END
START -868 4100 24468 -840 6186 -278 END
START -732 3664 23620 -1242 6529 -577 END
START -420 3492 23188 -1591 6877 -640 END
START -420 3176 22464 -2125 7260 -527 END
START -608 2960 21884 -1563 8218 -319 END
START -1160 3312 21600 -1474 9042 -58 END
START -1480 3672 21184 -744 9932 -145 END
START -2008 4152 20412 -766 10569 -400 END
START -2172 4376 19876 -1367 11187 -890 END
START -2220 4952 18864 -1432 11770 -1772 END
START -2468 4816 18792 -1909 11802 -2553 END
START -2020 4504 18320 -3216 11958 -3243 END
START -2080 3924 17256 -5001 10750 -3632 END
START -2056 3424 16556 -5337 11391 -3853 END
START -2380 3348 16088 -7132 11888 -3665 END
START -3072 2760 15108 -8031 12369 -3956 END
START -3224 1940 13872 -6787 13754 -4531 END
START -3264 2268 14760 -6822 12155 -5037 END
START -3020 2160 14672 -4948 11328 -5590 END
START -3040 1692 13468 -4216 9345 -6279 END
START -2860 1280 13788 -4530 9077 -6646 END
START -3024 804 13032 -4259 7520 -6477 END
START -3204 892 12396 -4004 6997 -6571 END
START -2700 808 11668 -4272 10387 -6800 END
START -5420 -28 15140 -3421 3760 -7857 END
START -3084 172 11488 -3345 3921 -7122 END
START -3136 132 10772 -2478 3126 -6957 END
START -3108 260 10388 -1560 3808 -6784 END
START -3732 680 10800 -546 3548 -6858 END
START -3492 720 10764 224 2943 -7212 END
START -3288 476 10724 69 2687 -7181 END
START -3596 396 10828 -753 1356 -7143 END
START -3628 308 10792 -1747 -213 -7324 END
START -3428 92 10680 -2044 -1355 -7457 END
START -3724 -244 11188 -1807 -2371 -7536 END
START -3452 -564 11828 -1056 -2435 -7715 END
START -3084 -1320 11900 83 -1356 -7472 END
START -2600 -1436 11612 1422 -347 -6897 END
START -2740 -1296 11556 2326 181 -6392 END
START -2780 -1104 11680 2411 -156 -6030 END
START -3084 -836 11044 2436 -833 -5864 END
START -3036 -372 10820 3072 -1126 -6148 END
START -3280 4 11160 3294 -1830 -6621 END
START -3120 -44 11408 3238 -2658 -7202 END
START -2340 -252 11252 3017 -3416 -7445 END
START -1476 -576 11264 3124 -3800 -7140 END
START -756 -764 11496 2791 -4306 -6850 END
START -348 -1456 10688 2225 -4712 -6468 END
START 12 -2024 9468 2696 -5615 -6258 END
START 572 -2952 9096 4009 -6099 -6072 END
START 972 -3388 9408 5189 -6594 -5540 END
START 1216 -3900 10296 5614 -7807 -4757 END
START 1472 -3772 11824 5842 -9423 -3432 END
START 1552 -3056 13680 5098 -11312 -2490 END
START 1828 -2628 14904 3875 -12337 -1702 END
START 844 -2560 15228 3769 -12211 -1028 END
START -480 -2244 16624 4193 -12663 -1252 END
START -388 -2128 17044 5436 -11977 -1645 END
START -548 -2260 18800 7403 -11322 -1602 END
START -664 -1964 21364 8534 -10952 -900 END
START -192 -892 22972 7211 -10166 81 END
START -1300 -512 23456 5576 -12041 567 END
START -2048 184 23508 4186 -11558 767 END
START -2872 296 23816 2991 -11362 100 END
START -2724 296 23836 2981 -10759 -693 END
START -2876 176 24656 3462 -10456 -1187 END
START -2596 332 26236 3851 -9524 -1453 END
START -2456 -88 27572 3980 -7534 -1237 END
START -2804 -120 28900 3338 -5685 -687 END
START -2616 -92 28604 2001 -4217 -294 END
START -2688 -76 27500 1664 -2710 -82 END
START -2368 108 27280 1667 -1747 -126 END
START -2216 120 26972 917 -1029 -158 END
START -2188 144 26676 -73 -693 -15 END
START -2220 268 26128 -947 -336 316 END
START -2268 336 25272 -1667 476 739 END
START -2408 272 24052 -1898 1354 1055 END
START -2164 448 22736 -1825 2024 1355 END