START -5020 240 17212 1187 -325 741 END
START -3720 1544 11920 -468 -912 1065 END
START -4112 444 15908 560 -68 720 END
START -5648 168 17448 946 38 442 END
START -5340 272 17772 473 -25 467 END
START -5156 452 17496 232 -35 602 END
START -5144 340 17164 291 83 743 END
START -5120 500 17188 281 69 932 END
START -5060 648 17344 165 -113 1034 END
START -5584 748 17508 -130 -261 945 END
START -5432 1044 17908 -591 -790 761 END
START -5164 992 18096 -1280 -667 679 END
START -5120 1100 17644 -1738 -515 767 END
START -5184 1132 17124 -1391 -279 690 END
START -5224 1092 16976 -655 47 585 END
START -5336 936 17096 118 423 428 END
START -5264 956 17276 452 592 447 END
START -5344 960 17560 313 577 446 END
START -5192 1084 17676 -37 385 446 END
START -5300 1200 17652 -412 478 487 END
START -5584 1292 17488 -596 192 326 END
START -5932 1348 17832 -867 298 38 END
START -6264 1320 17580 -1067 348 -391 END
START -6232 1000 17372 -729 751 -1014 END
START -6260 516 17620 361 2515 -1117 END
START -5748 832 17864 314 2199 -1240 END
START -5900 756 18380 67 1477 -1094 END
START -5876 1012 17908 -357 1281 -1004 END
START -6028 1440 17472 -363 1504 -1174 END
START -6488 1552 17964 -333 2095 -1504 END
START -6364 1720 18072 -604 2339 -1968 END
START -6188 1732 17636 -831 2710 -2352 END
START -6200 1760 17452 -1046 2573 -2834 END
START -5680 1724 16744 -1294 2594 -3166 END
START -5556 1152 17884 -2476 2888 -3895 END
START -5304 1960 15468 -1324 3242 -3229 END
START -5684 1928 14836 -1730 2810 -3243 END
START -5616 1892 14276 -1988 1710 -3272 END
START -5500 1948 13552 -2079 1543 -3348 END
START -5304 1964 12956 -1982 1177 -3578 END
START -5264 1956 12548 -1640 846 -4051 END
START -4736 1448 12424 -960 990 -4473 END
START -4444 768 12172 35 1763 -4434 END
START -4304 260 11580 1030 2313 -4221 END
START -4328 4 11512 1721 2141 -3929 END
START -4316 -204 11248 2002 1438 -3905 END
START -4084 -516 11000 2405 663 -3741 END
START -3716 -632 11124 2633 45 -3219 END
START -3640 -268 11448 2531 -499 -2678 END
START -3624 112 12072 2157 -1312 -2505 END
START -3528 396 12120 1962 -1774 -2659 END
START -2884 568 11852 2602 -4993 -2892 END
START -3296 300 12616 1904 -5636 -3253 END
START -3116 -368 11624 2768 -8178 -3806 END
START -2384 -164 10932 5408 -9031 -4258 END
START -1452 -2020 10440 6625 -10422 -3669 END
START -2352 -3176 10964 7657 -11963 -2963 END
START -1128 -324 9424 11195 -14092 -2933 END
START -1292 -736 11488 12531 -14401 -3291 END
START 1296 3844 15832 4194 -6062 -2309 END
START -2960 -4648 13636 456 -9306 -1864 END
START -112 1136 14316 2695 -9232 -2598 END
START -276 -4240 15348 693 -9172 -1393 END
START 20 -1836 14960 2812 -10113 -533 END
START -464 -2232 15428 2502 -10383 754 END
START -752 -860 15824 4182 -10940 997 END
START -952 -992 16576 4639 -11349 1158 END
START -1224 108 18080 5070 -11739 694 END
START -1380 -408 19140 4215 -12352 243 END
START -944 -220 20148 4691 -13025 165 END
START -728 400 23812 3325 -14486 1127 END
START 288 384 23148 2979 -13339 1616 END
START 236 696 23492 2517 -12249 2007 END
START 416 1160 23148 3191 -9800 2374 END
START -512 1296 23008 3449 -8679 2694 END
START -936 1696 23612 5286 -8233 2511 END
START -1328 2296 25220 4337 -7936 2699 END
START -1080 2780 25076 3249 -7579 2821 END
START -980 3328 26608 2460 -7732 2784 END
START -768 3356 26796 2018 -6750 2723 END
START -492 3684 26740 1806 -6005 2993 END
START -620 4172 26556 1943 -4928 3064 END
START -1116 4432 26400 2610 -3390 2778 END
START -1504 4376 26376 3365 -1722 2571 END
START -1460 4704 26520 3623 -651 2329 END
START -1448 5184 26468 3556 62 2062 END
START -1196 5360 26772 3206 661 1940 END
START -1304 5540 26756 2617 1395 1879 END
START -1080 5924 26872 1880 2042 1637 END
START -1240 6000 26136 1247 2920 1308 END
START -1148 5832 25484 964 3513 786 END
START -1120 5580 25188 1100 4300 324 END
START -1196 5392 24660 1392 5354 -246 END
START -1024 5192 24016 1485 6151 -722 END
START -908 4868 23456 1736 7167 -1001 END
START -616 4856 23008 1722 7825 -1009 END
START -404 4844 22456 1503 8332 -1084 END
START -776 4824 22028 1110 8553 -1133 END
START -900 4868 21244 812 8794 -1383 END
START -916 5104 20420 820 9350 -1703 END
START -1248 5116 19768 1152 9820 -1978 END
START -1468 5444 19456 1029 9890 -2501 END
START -1952 5524 18804 762 9922 -3379 END
START -1460 5456 18584 793 9497 -4208 END
START -1336 5328 18528 505 9188 -4612 END
START -988 5060 18644 -62 9009 -4986 END
START -880 4200 18492 -1263 9185 -4923 END
START -564 5716 17320 -1755 10164 -4917 END
START -840 4032 17196 -3593 11389 -4711 END
START -1404 4548 16912 -6111 12040 -4523 END
START -1820 4040 15848 -5216 12352 -4933 END
START -2424 2720 15048 -4183 12733 -5222 END
START -1580 3424 14240 -4377 13323 -4738 END
START -2160 3276 13840 -3773 12621 -4808 END
START -2540 3416 13400 -2372 11365 -4849 END
START -3580 3352 13896 -1572 9529 -4761 END
START -4016 3268 13032 -634 7871 -4858 END
START -4304 3244 12892 -296 6804 -5129 END
START -4888 3372 13260 -690 7234 -5514 END
START -4480 3380 12340 -2338 11665 -5895 END
START -2460 4888 12816 -3533 5441 -6686 END
START -4356 2824 11144 -2672 4507 -6765 END
START -4484 2572 10708 -2002 3794 -6669 END
START -4688 2272 11300 -1547 3267 -6715 END
START -4628 2012 11032 -1527 2729 -6844 END
START -4444 1764 10908 -1353 2090 -6905 END
START -4164 1492 10716 -1326 1811 -6754 END
START -4212 1676 10984 -1514 1539 -6492 END
START -4292 1880 10676 -2113 640 -6710 END
START -4292 1692 9992 -2443 -42 -7087 END
START -4136 1496 9788 -2336 -824 -7448 END
START -3972 1036 9608 -1973 -1684 -7797 END
START -3396 564 9404 -987 -1886 -7808 END
START -3184 336 9636 167 -1396 -7414 END
START -2852 396 9668 956 -1101 -7044 END
START -2948 236 9552 1505 -969 -6685 END
START -2712 476 9396 1620 -2024 -6135 END
START -3156 1016 9636 1163 -3328 -5808 END
START -3800 1160 9880 420 -4877 -6235 END
START -3612 1184 9788 416 -5952 -6663 END
START -3232 848 10348 926 -6920 -7032 END
START -3028 -256 11244 1496 -7468 -7253 END
START -2120 -1152 11952 2254 -7731 -7173 END
START -1040 -2328 12548 3305 -7347 -6532 END
START -196 -2792 12816 4454 -6775 -5232 END
START -176 -2648 13188 5066 -6722 -3668 END
START -444 -2108 14100 4947 -7745 -2467 END
START -1056 -1848 15160 4533 -9124 -1843 END
START -1136 -1712 15640 4460 -9597 -1437 END
START -1808 -1844 16048 4362 -10927 -1505 END
START -2060 -1816 17192 3573 -11723 -2037 END
START -988 -2136 16824 3352 -12311 -2082 END
START -636 -2228 18212 3299 -13164 -1243 END
START -444 -1980 19700 3469 -13233 34 END
START -880 -1348 20452 3431 -12504 1330 END
START -2028 -824 20504 3410 -12606 1834 END
START -2832 268 20412 2633 -12107 1577 END
START -2988 244 20252 1771 -12504 683 END
START -2772 -24 20892 1154 -11954 -62 END
START -1668 -532 21400 1617 -11042 -88 END
START -1184 -788 22524 2970 -10439 491 END
START -720 -308 23608 3332 -10014 1513 END
START -1148 392 24628 2359 -8809 2275 END
START -2024 640 24828 1956 -8208 2686 END
START -2448 1304 25372 1812 -7647 2786 END
START -2900 1864 25604 1945 -6486 2573 END
START -2820 2076 25792 2237 -5272 2345 END
START -2540 2216 25908 2318 -4033 2310 END
START -2188 2308 25192 2458 -2762 2389 END
START -1940 2352 24872 2482 -2272 2496 END
START -1740 2820 24612 1991 -1913 2608 END
START -2180 2876 24764 1460 -1804 2549 END
START -2476 3100 25104 1043 -1197 2350 END
START -2352 3352 24848 872 -156 2140 END
START -2304 3528 24844 940 814 1902 END
START -2184 3728 24672 941 1627 1653 END
START -2240 4092 24600 1011 2206 1344 END
START -1792 3976 24284 763 2735 1227 END
START -1904 4232 24216 407 3319 894 END
START -2248 4120 24024 120 4494 655 END
START -1980 4156 23860 -143 5297 327 END
START -1984 3928 23640 -496 6101 76 END
START -2080 3980 23296 -773 6661 -106 END
START -2024 3776 22400 -752 7282 -381 END
START -2012 3760 22052 -521 7681 -763 END
START -2060 3680 21600 -296 8419 -1121 END
START -2000 3496 20972 -266 8850 -1393 END
START -1752 3416 20660 -84 9329 -1651 END
START -1640 3172 20296 79 9828 -1821 END
START -1364 3076 19484 287 10350 -1880 END
START -1556 3264 19312 389 11012 -1810 END
START -1516 3568 19092 -7 11113 -1953 END
START -1836 3640 18732 -774 10777 -2279 END
START -1696 3768 18056 -1521 10199 -2615 END
START -2124 3944 17932 -2494 9354 -3109 END
START -2056 3952 17276 -3262 9363 -3588 END
START -2420 3956 16888 -3809 10017 -3975 END
START -2444 3800 16284 -3933 10322 -4428 END
START -2912 3452 15480 -3935 10572 -4762 END
START -3200 2992 15492 -4095 9177 -5179 END
START -2480 2612 14160 -4549 9104 -5251 END
START -2600 2204 13260 -5258 8087 -5266 END
START -2568 1844 12596 -6166 6868 -5172 END
START -2676 1664 12020 -6648 6223 -4950 END
START -3060 1528 11900 -6384 5845 -4907 END
START -3396 1520 11948 -5842 4308 -4881 END
START -3556 2016 12148 -5154 4149 -5142 END
START -4088 2308 12088 -4693 3693 -5779 END
START -3828 2004 11888 -4583 3706 -6590 END
START -3856 1408 11748 -4417 3678 -7014 END
START -3364 856 11192 -4414 3603 -7163 END
START -3648 312 11460 -4613 2364 -7114 END
START -3280 100 10968 -4582 1769 -6967 END
START -3372 -152 10684 -4099 1301 -6829 END
START -3496 -412 10596 -3164 915 -6596 END
START -3800 -524 11032 -2767 591 -6359 END
START -3992 -372 11232 -3089 -179 -6373 END
START -4128 -816 10752 -2968 -595 -6892 END
START -3748 -1324 10292 -2278 -972 -7299 END
START -3376 -2216 10100 -1416 -1348 -7494 END
START -2956 -2612 9828 -378 -1495 -7364 END
START -2608 -2900 9708 795 -1581 -7183 END
START -2260 -2976 9048 2318 -1602 -7008 END
START -1580 -2780 9260 3955 -1706 -6550 END
START -1624 -2892 9704 4841 -2083 -6158 END
START -1316 -2620 10232 5099 -2631 -5498 END
START -1388 -2316 10464 4567 -3735 -4889 END
START -1700 -2236 11104 3992 -5641 -4654 END
START -1700 -2004 11416 3043 -7614 -4835 END
START -1176 -1812 12044 2250 -9212 -5255 END
START -372 -2472 11868 2905 -10196 -5547 END
START 392 -2944 12300 4375 -10220 -4955 END
START 1276 -3116 13004 6203 -9773 -3912 END
START 1440 -3012 13552 7073 -8723 -2492 END
START 776 -2580 14536 7006 -9541 -1257 END
START -76 -1776 15628 5827 -10860 -1 END
START -1456 -916 17408 3948 -13378 280 END
START -1684 -392 18776 2612 -15145 -182 END
START -1676 32 20332 2149 -15289 -857 END
START -1292 -404 21044 2881 -15083 -1868 END
START -144 -1404 21408 5388 -12359 -2417 END
START 696 -2064 22264 7836 -9769 -1898 END
START 24 -2156 23888 9215 -7873 -467 END
START -1176 -1656 25664 8051 -6910 918 END
START -2268 -672 26120 5494 -7654 1913 END
START -2920 392 26312 3238 -8651 2208 END
START -3408 1080 26256 2017 -8699 1765 END
START -3352 1684 26596 823 -7738 941 END
START -3008 916 26048 541 -7138 -296 END
START -2256 -276 25576 660 -5524 -990 END
START -1364 -1064 24416 1501 -3483 -777 END
START -948 -1288 23640 2421 -2051 214 END
START -1368 -792 23324 2521 -1157 1326 END
START -1888 108 22820 1878 -477 2016 END
START -2200 708 22032 1249 -287 2082 END
START -2344 1160 21188 767 -541 1886 END
START -1952 1360 20644 533 -248 1527 END
START -2020 916 20404 -41 -399 1120 END
START -1752 568 20064 -63 -59 803 END
START -1228 280 19884 298 79 888 END
START -776 172 20016 658 602 1158 END
START -744 284 20308 848 1010 1424 END
START -544 684 20760 752 1338 1794 END