START -5336 28 19212 1131 1071 403 END
START -6012 1380 15512 -450 459 576 END
START -6216 -1904 18980 -265 891 -98 END
START -5688 -132 18948 494 908 -207 END
START -5224 -40 19248 532 1668 -109 END
START -4976 312 18920 -328 1886 -30 END
START -5516 288 19052 -902 1871 -86 END
START -4976 732 18052 -1322 1537 -417 END
START -5172 892 17996 -1600 1347 -759 END
START -5584 996 17952 -1959 1086 -1083 END
START -5580 996 17632 -2039 1299 -1545 END
START -5572 760 17264 -1947 2294 -1977 END
START -5204 744 16500 -1253 3038 -2251 END
START -5344 988 17124 -1122 2544 -2509 END
START -4888 984 16496 -1410 2225 -2828 END
START -4968 884 15896 -1974 2559 -2955 END
START -5004 688 15304 -2253 2031 -3353 END
START -4900 608 14296 -2176 1986 -3616 END
START -4676 416 14064 -1896 1220 -3832 END
START -4528 96 14124 -1666 773 -3906 END
START -4228 -32 14244 -1570 522 -3784 END
START -3964 -256 14448 -1677 633 -3591 END
START -4228 -512 14148 -1540 533 -3560 END
START -4176 -804 14076 -1010 510 -3762 END
START -3948 -1312 13716 -260 846 -3906 END
START -3552 -1696 13772 619 1222 -3723 END
START -3340 -1804 13956 990 1377 -3427 END
START -2972 -1820 14240 981 993 -3138 END
START -2724 -1728 14312 833 460 -2777 END
START -2900 -1820 14380 358 79 -2315 END
START -3140 -1756 14484 -184 -563 -2136 END
START -3168 -1604 13944 -433 -946 -2135 END
START -3424 -1500 13972 16 -1065 -2153 END
START -3336 -1624 14072 636 -806 -2274 END
START -2660 -2028 14304 826 -605 -2046 END
START -2540 -2212 13896 878 -483 -1373 END
START -2176 -1984 13436 1300 -444 -628 END
START -3116 -3132 12452 2027 -4100 -392 END
START -2672 -2564 12880 2781 -2968 203 END
START -3028 -2128 14264 3067 -4380 527 END
START -2724 -2052 14340 4188 -4584 626 END
START -2584 -2720 14276 4714 -5776 449 END
START -1944 -1988 13980 5574 -7104 336 END
START -1016 -2660 13056 5969 -7465 479 END
START -2728 -4004 11008 9306 -9874 320 END
START -1752 -2996 13404 7682 -8209 1654 END
START -2164 -2444 11620 8162 -9171 1832 END
START -2376 -2840 11324 10743 -9513 1870 END
START -2316 -1916 14536 1884 -5377 3701 END
START -2596 -3588 14056 3187 -7107 4154 END
START -1152 -40 13768 2443 -8000 4575 END
START -2240 -1804 15948 2101 -8456 4456 END
START -2652 -1440 15836 848 -9651 4438 END
START -2208 -1936 14468 2315 -9254 4084 END
START -1968 -984 15640 4830 -8638 3831 END
START -1524 -980 17284 6184 -8446 3540 END
START -892 172 18584 6398 -8574 3504 END
START -444 -16 18816 5601 -9189 3740 END
START 196 304 19288 4539 -9588 4193 END
START -448 -168 18864 3124 -10012 4858 END
START -764 308 18232 3442 -10102 5072 END
START -1232 868 19728 5334 -10215 4859 END
START -1560 1908 21256 5164 -10656 4514 END
START -1724 2520 23728 5035 -10105 3505 END
START -720 2456 23780 5007 -8204 3104 END
START -780 2652 25520 5175 -8703 3124 END
START -560 2864 26068 5145 -7032 3410 END
START -656 3440 26804 4763 -6178 3397 END
START -1024 4096 27268 4443 -5306 3195 END
START -1112 4684 27360 4268 -4484 2874 END
START -972 4908 27604 4175 -3588 2436 END
START -692 5420 28208 3846 -2956 2115 END
START -532 5752 28888 2711 -2392 1836 END
START -508 6076 28912 1198 -1596 1459 END
START -604 5860 28504 88 -443 993 END
START -332 5860 27656 -26 953 733 END
START -456 5748 26884 471 2645 440 END
START -356 5904 26032 1139 4285 99 END
START -504 6120 25144 1738 5641 -362 END
START -568 6256 24764 1994 6425 -999 END
START -568 6140 24384 1566 6916 -1596 END
START -304 5792 23764 605 7080 -2063 END
START -264 5404 22972 -303 6823 -2379 END
START 20 5164 21816 -808 6783 -2643 END
START 116 4788 21092 -805 6932 -2779 END
START 204 4264 20596 -425 7303 -2841 END
START 100 3944 20004 235 8208 -2736 END
START -296 4060 19652 1020 8757 -2790 END
START -212 3992 19480 1610 9152 -2952 END
START -384 3976 19364 1472 9310 -2910 END
START -360 4000 19300 1011 9313 -2920 END
START -728 3852 18732 541 9309 -3021 END
START -800 4016 17908 35 9428 -3064 END
START -1244 4052 17480 -207 10439 -3206 END
START -1184 4020 16808 -1798 11253 -3224 END
START -1292 3984 16484 -3588 12537 -3054 END
START -1784 3512 15820 -3823 13445 -3025 END
START -2256 2496 15712 -1989 13585 -3192 END
START -2312 3032 15180 -1478 11035 -3497 END
START -2444 3224 15892 -1745 10044 -3727 END
START -2336 2772 15524 -1538 9297 -4094 END
START -2436 2704 15764 -1486 8585 -3986 END
START -2964 2612 15972 -1106 8392 -4243 END
START -2600 2492 15652 -618 9024 -4203 END
START -2768 2512 15304 47 9917 -3933 END
START -2980 1992 13800 574 9904 -3905 END
START -3812 2116 14088 -432 12864 -3687 END
START -4352 3096 15392 -719 6872 -4366 END
START -4180 3148 13840 -1695 5958 -4357 END
START -4260 2952 13128 -1282 4693 -4719 END
START -4524 2964 13564 -1582 4625 -5075 END
START -4328 2708 13060 -1877 4270 -5315 END
START -4340 2388 12592 -2031 3988 -5281 END
START -4396 2164 12012 -2244 3621 -5173 END
START -4548 2364 11808 -2423 3209 -5061 END
START -4964 2540 11972 -2647 2676 -5181 END
START -4940 2360 11444 -2525 2266 -5300 END
START -5020 2160 10756 -2010 2656 -5254 END
START -5528 2264 11040 -1223 1965 -5507 END
START -5336 2120 11216 -1181 1158 -5850 END
START -5356 1760 10944 -1296 416 -6057 END
START -5160 1252 11256 -1381 -82 -6287 END
START -4400 636 10836 -1345 -113 -6061 END
START -4100 180 10452 -805 -62 -5585 END
START -4072 32 10268 -372 -146 -5150 END
START -3968 -176 9904 276 -543 -4865 END
START -3552 -348 9424 1366 -746 -4559 END
START -3540 -612 9380 2474 -982 -4220 END
START -3512 -784 9728 2690 -1791 -4030 END
START -3608 -1188 10252 2100 -3321 -3988 END
START -2956 -1504 10392 1508 -4763 -3494 END
START -3012 -1352 11304 1421 -5520 -2711 END
START -3276 -1124 11856 1263 -6037 -2149 END
START -3432 -764 12048 1204 -6223 -1738 END
START -3640 -516 12076 1406 -6815 -1866 END
START -3408 -856 11716 1999 -6698 -2000 END
START -2720 -1260 12500 2436 -7624 -1800 END
START -2484 -1524 12704 3036 -9307 -1432 END
START -2052 -1408 13244 3784 -10769 -870 END
START -2568 -1268 13836 4693 -12529 -416 END
START -2716 -860 14940 4971 -13018 -137 END
START -2856 -932 15080 5135 -14282 113 END
START -3192 -536 16264 4757 -14951 -121 END
START -2304 -640 16420 4544 -15693 -204 END
START -1416 -288 17896 5457 -13630 195 END
START -732 -312 18468 7223 -13294 897 END
START -1208 228 20324 7947 -12721 1431 END
START -2440 448 21088 7645 -13593 1565 END
START -2204 696 20392 8750 -13628 1272 END
START -1888 1844 21920 9180 -12063 1494 END
START -2236 2268 18728 4664 -12293 1736 END
START -1736 2600 24048 3705 -8665 2074 END
START -732 2664 23852 3598 -8355 1972 END
START 168 2248 23860 3574 -7497 2305 END
START -8 2072 23820 3995 -6307 3117 END
START -480 2604 23936 3813 -5693 3637 END
START -772 3172 23732 3431 -5103 3920 END
START -1224 3872 23656 3570 -4487 4036 END
START -1756 4700 24104 3474 -4263 3643 END
START -1676 5384 24792 2919 -3889 2896 END
START -1284 5404 24912 2450 -3206 2342 END
START -1100 5312 24596 2203 -2452 2203 END
START -1048 5296 24492 2231 -1761 2213 END
START -1428 5408 24520 2364 -1282 2103 END
START -1592 5804 25048 2188 -895 1884 END
START -1552 5836 25608 1861 -498 1700 END
START -1504 6108 26200 1373 306 1664 END
START -1388 6456 26388 895 1187 1300 END
START -1084 6468 26496 786 2275 785 END
START -820 6416 26108 872 3690 563 END
START -908 6304 25872 834 4716 286 END
START -1056 6212 25572 544 5591 4 END
START -1084 6108 25076 200 6456 -283 END
START -1260 6088 24496 -207 7032 -808 END
START -1208 5996 23984 -797 7302 -1359 END
START -788 5176 23132 -1227 7786 -1691 END
START -600 4860 22472 -1351 8460 -1418 END
START -796 4756 21760 -759 9596 -1245 END
START -868 4816 21384 93 10526 -1159 END
START -1112 5176 21128 93 11053 -1049 END
START -1560 5300 20232 -593 11850 -1015 END
START -1640 5828 19052 -1263 13323 -1030 END
START -3040 6332 18744 -2466 14592 -1485 END
START -2900 6360 18248 -1782 13806 -2630 END
START -2840 5760 17280 -2280 12869 -3361 END
START -2408 5404 16688 -3435 12701 -3665 END
START -2248 5012 16176 -5220 14311 -3392 END
START -2396 4292 15188 -4473 15418 -3405 END
START -2896 4592 15296 -3415 14385 -3594 END
START -3484 4320 14356 -3217 13770 -3864 END
START -3572 4404 14236 -2784 12940 -4264 END
START -3808 3688 13304 -2569 10324 -4743 END
START -2668 3944 12804 -4240 13337 -4593 END
START -4516 3144 14388 -5116 7116 -5133 END
START -4120 3376 12384 -5471 6056 -4591 END
START -4548 3756 11336 -6163 4864 -4683 END
START -4560 3136 10624 -5616 4989 -5167 END
START -4648 2884 10132 -4569 5422 -5397 END
START -4992 2560 10360 -3830 4477 -5757 END
START -4512 1920 9448 -4284 4399 -5774 END
START -4592 1748 8944 -4512 3224 -5503 END
START -4744 1740 8580 -4386 1648 -5401 END
START -4584 1820 8392 -4177 607 -5097 END
START -5156 2196 8724 -4233 -751 -4971 END
START -5680 2652 9032 -4264 -1885 -5401 END
START -6072 2620 9292 -4241 -2393 -6119 END
START -6432 2820 9896 -4319 -3311 -7083 END
START -5964 2420 9796 -4258 -3715 -8157 END
START -5456 1412 9640 -3227 -3287 -8554 END
START -5140 540 10088 -1715 -2684 -8429 END
START -5068 428 10604 -592 -2203 -8074 END
START -4888 744 11228 -24 -2594 -7898 END
START -4804 312 11348 280 -2856 -7741 END
START -4728 336 11556 1027 -2911 -7470 END
START -5256 416 12432 1405 -3096 -7616 END
START -5108 296 12576 1566 -3251 -8086 END
START -4888 -24 12960 1781 -3619 -8302 END
START -4252 -440 13072 2218 -4072 -8451 END
START -3656 -1120 13448 3076 -3703 -7842 END
START -3528 -1280 14028 3720 -3050 -6827 END
START -3212 -1348 14184 3381 -3434 -6193 END
START -2520 -1704 13844 3273 -4332 -5578 END
START -2072 -2248 13764 3300 -4605 -4888 END
START -1864 -2672 13372 3388 -4877 -4362 END
START -1648 -2604 13156 3572 -5635 -4025 END
START -1192 -2932 13176 3987 -6547 -3683 END
START -944 -3220 13088 4655 -6398 -2800 END
START -764 -3004 13884 5388 -6730 -1757 END
START -576 -2712 14028 5819 -6421 -985 END
START -1256 -2820 14336 5552 -6695 -485 END
START -1180 -2596 14080 4988 -7739 -191 END
START -896 -2616 13268 4984 -9074 -45 END
START -508 -2440 13956 5649 -10123 571 END
START -408 -1724 15756 5565 -11215 1285 END
START 92 -1416 16768 4865 -11594 2006 END
START -576 -1104 17516 4460 -11188 2752 END
START -892 -464 17044 4373 -11412 2938 END
START -1500 -48 17400 5023 -10983 2866 END
START -2156 312 18428 5961 -11923 2631 END
START -2196 1160 20604 6315 -12305 2628 END
START -2540 2032 23052 5691 -12103 2361 END
START -2276 2444 23988 5443 -11071 2136 END
START -1876 3016 24352 5149 -9991 2099 END
START -1560 2924 23872 4513 -10161 1818 END
START -1792 2908 23904 3976 -9040 1882 END
START -3076 3304 25632 2818 -8480 1670 END
START -2956 3084 26256 1696 -7497 1024 END
START -2756 3084 26336 1778 -5167 824 END
START -2600 3140 26168 2401 -3848 788 END
START -2132 3100 25860 2498 -2684 762 END
START -1892 3168 25720 2002 -2108 879 END
START -1700 3372 25076 1180 -1877 956 END
START -1336 3376 23956 653 -1490 1019 END
START -1156 3372 22856 568 -620 1149 END
START -1344 3260 21924 811 231 1251 END
START -1176 3500 21652 521 509 1330 END
START -1096 3740 21108 220 491 1211 END
START -760 3924 20120 54 430 1128 END
START -1028 4164 19988 -174 316 971 END
START -892 4140 19932 -520 -46 553 END
START -464 4116 19676 -883 -144 287 END
START -412 3676 19276 -1245 689 107 END