START -4884 1608 16784 827 63 -840 END
START -5300 3352 11088 -427 -538 -620 END
START -6248 -236 16068 344 521 -948 END
START -5536 1176 16280 1321 482 -1076 END
START -5308 1248 16876 1066 289 -1085 END
START -5004 1072 16756 933 179 -964 END
START -4732 1016 17012 846 457 -666 END
START -4592 968 17524 218 504 -126 END
START -4624 1244 17724 -684 561 281 END
START -5012 1460 17572 -1382 583 305 END
START -5224 1512 17348 -1785 634 99 END
START -5444 1624 17124 -1968 903 -180 END
START -6200 1344 16684 -1437 790 -640 END
START -5436 1288 16724 -770 493 -1159 END
START -5272 924 16680 -259 606 -1395 END
START -5148 636 16768 235 824 -1303 END
START -4772 700 17184 296 476 -917 END
START -4652 772 17312 8 737 -425 END
START -5060 928 17604 -308 528 -146 END
START -4924 1376 17408 -748 604 130 END
START -5452 1628 17324 -1013 943 28 END
START -5492 1952 17000 -1289 1086 -380 END
START -5712 1976 16512 -1398 1292 -978 END
START -5624 1588 15948 -1121 1247 -1602 END
START -5268 1408 15728 -1046 1036 -1876 END
START -5064 1204 15424 -942 895 -1938 END
START -4972 1164 15644 -817 579 -1919 END
START -4760 1284 15492 -829 570 -1639 END
START -5008 1304 15552 -701 704 -1460 END
START -4724 1608 15208 -779 911 -1472 END
START -4916 1760 14952 -1015 954 -1396 END
START -4960 1932 15120 -1143 848 -1758 END
START -4800 1948 14528 -1536 992 -2163 END
START -5056 1600 13980 -1621 678 -2614 END
START -4460 1416 13176 -1413 270 -3078 END
START -4184 1048 13088 -1160 -11 -3349 END
START -3676 900 12732 -1092 -549 -3491 END
START -3604 456 12604 -1155 -881 -3551 END
START -3256 192 12320 -1099 -1212 -3489 END
START -3040 -8 12264 -923 -1538 -3405 END
START -3396 -76 12624 -1123 -2912 -3095 END
START -3152 176 13192 -1109 -6371 -3212 END
START -2828 -100 12620 109 -8432 -3360 END
START -2804 -944 11644 2340 -9410 -3579 END
START -2236 -1324 12600 3875 -11501 -3949 END
START -1668 -1036 12796 5315 -11588 -3966 END
START -1212 -2156 11700 9697 -10571 -3951 END
START -912 -508 13280 7310 -13728 -2781 END
START -140 3136 13820 -4281 -4707 -189 END
START -1760 -3640 13536 -1690 -5516 -271 END
START -1456 632 9644 -52 -6926 -628 END
START -1612 -3124 11972 2694 -7213 -774 END
START -1436 -732 14020 1318 -9188 242 END
START -1108 68 13180 3321 -9644 -194 END
START -88 -676 16292 4073 -9899 -167 END
START 312 -76 16744 4112 -9389 369 END
START 336 368 18332 4364 -9414 821 END
START -328 -316 17864 3203 -9400 1334 END
START -340 812 17660 3609 -9589 1291 END
START -428 136 16840 3484 -9726 1266 END
START -240 1064 16436 5905 -9324 826 END
START 112 -636 18164 7001 -9512 1275 END
START -92 1132 20348 6119 -9908 1996 END
START 64 1936 20556 5939 -9951 2388 END
START -968 2304 21732 4884 -11800 2407 END
START -1064 3080 21752 4335 -10558 2165 END
START -1276 2860 22208 3067 -11237 1587 END
START -360 2660 22300 2647 -10195 1280 END
START -60 2324 22532 2351 -9799 1010 END
START 620 2168 22252 2483 -9489 1194 END
START 1096 2168 22492 2972 -9083 1487 END
START 1256 2356 23708 3186 -8834 2014 END
START 892 2452 24788 3505 -7429 2730 END
START 628 3192 25592 3109 -6591 3183 END
START 544 4524 26048 2327 -6241 3223 END
START 100 4852 26264 1419 -5867 2860 END
START 360 5356 26456 709 -5316 2021 END
START 164 4272 27872 1369 -4601 1281 END
START 780 4984 27072 884 -2868 739 END
START 392 4740 27016 1092 -1535 500 END
START 960 4964 26964 1326 139 327 END
START 772 4944 26988 1297 1450 186 END
START 1048 4932 26604 1291 2941 -50 END
START 1048 5060 26332 971 4286 -227 END
START 1036 5084 25492 273 5103 -299 END
START 948 5324 24636 -340 5468 -533 END
START 660 5288 23504 -426 5907 -973 END
START 744 5316 22832 -190 6342 -1390 END
START 184 5024 22316 -136 6668 -1776 END
START 264 4776 21744 -76 6612 -2196 END
START 320 4652 21780 152 6615 -2442 END
START 584 4748 21816 246 6782 -2566 END
START 468 4668 22204 -66 6900 -2689 END
START 824 4720 22476 -454 7414 -2949 END
START 812 4384 22144 -714 8278 -2979 END
START 744 4152 21472 -418 9061 -3002 END
START 784 3704 21060 73 9929 -2980 END
START 532 3528 20200 728 10635 -2840 END
START 380 3648 19984 1152 10967 -2563 END
START 12 3832 19656 1088 10956 -2528 END
START -272 4052 19228 865 10892 -2507 END
START -580 3996 18488 856 10807 -2712 END
START -1016 3688 18080 560 10574 -3049 END
START -864 3916 17392 -523 10666 -2908 END
START -1200 4332 16628 -509 10656 -3061 END
START -1188 4172 16920 -3307 10921 -2810 END
START -1468 4092 16708 -4657 11464 -2848 END
START -1520 3812 16296 -5376 11826 -2896 END
START -1864 3080 15940 -3757 11050 -3327 END
START -1820 3172 15576 -3622 10043 -3841 END
START -1740 3360 15480 -4326 10100 -4198 END
START -2020 2172 14560 -3901 9779 -4573 END
START -1728 2236 14428 -3836 8559 -4651 END
START -1716 2524 15364 -3815 8226 -4715 END
START -1812 2008 14164 -2859 9598 -4806 END
START -1928 1380 13120 -2251 9308 -4674 END
START -2720 1184 13996 -2344 7383 -4472 END
START -2492 1216 12668 -2341 8483 -4121 END
START -2804 1288 12432 -3038 8595 -3842 END
START -2356 2388 13288 -3521 4930 -4202 END
START -3168 1828 11332 -2531 3836 -4534 END
START -3776 1992 11484 -2072 3127 -4826 END
START -3888 1968 11588 -1972 2913 -5331 END
START -4016 1320 11424 -2431 2294 -5795 END
START -3828 612 11292 -2989 1886 -5748 END
START -3744 424 11160 -3451 1636 -5439 END
START -3228 328 10440 -3373 911 -4941 END
START -3492 528 10320 -2902 612 -4618 END
START -3492 708 10524 -2375 -287 -4774 END
START -3544 572 10488 -2041 -577 -5109 END
START -3536 612 10360 -1531 -559 -5463 END
START -3844 276 10024 -951 -261 -5846 END
START -3676 204 9968 -193 -402 -6095 END
START -3436 268 9888 95 -701 -6190 END
START -3164 216 10056 321 -1432 -6176 END
START -2556 176 10320 573 -2027 -5973 END
START -2232 156 10532 875 -2485 -5611 END
START -2504 184 11176 886 -2824 -5293 END
START -2796 388 11884 313 -3612 -5201 END
START -2968 936 12336 -584 -4657 -5700 END
START -3104 412 12056 -934 -5153 -6673 END
START -2228 -388 11684 73 -5192 -7086 END
START -916 -1408 12152 2158 -4549 -6902 END
START 288 -1856 12152 3665 -3645 -5872 END
START 268 -2028 12836 4704 -3163 -4835 END
START -44 -2424 13220 5080 -3626 -4107 END
START -144 -2596 12832 5604 -4764 -3133 END
START -928 -2480 13864 6133 -5429 -2317 END
START -1584 -1768 15136 5603 -7258 -1932 END
START -1504 -1260 15716 4968 -10215 -2167 END
START -884 -1244 16272 4967 -10363 -2032 END
START -312 -1420 16540 5164 -10958 -1551 END
START -268 -1664 16388 5097 -9904 -796 END
START -1116 -1500 15784 5530 -8309 208 END
START -2020 -848 15808 6827 -7309 335 END
START -2516 -320 17680 6734 -8839 493 END
START -2472 468 18028 5587 -11763 842 END
START -2684 1132 18932 3778 -14717 878 END
START -2652 1380 20004 3463 -14488 711 END
START -2292 2000 20988 2975 -14447 626 END
START -2852 1988 21920 2184 -13109 346 END
START -3032 1552 22264 2522 -11253 -298 END
START -2852 792 22728 3555 -10069 -891 END
START -2388 180 23704 4312 -9476 -937 END
START -1696 -200 25408 4948 -8981 -326 END
START -1488 120 27324 4345 -8664 596 END
START -1020 416 28036 2748 -7871 1453 END
START -1200 888 27972 1277 -6823 2248 END
START -1380 1816 26144 1015 -5003 2294 END
START -892 2508 25116 7668 -4273 1521 END
START -1292 1900 24972 10582 -4797 1233 END
START -2432 3172 26580 10684 -5821 840 END
START -3936 4244 19980 11002 -4573 200 END
START 604 5156 24560 6451 -878 1142 END
START -988 7156 24100 869 2443 1739 END
START -1400 4768 22240 -445 2523 1310 END
START -1424 5724 21396 -578 1819 974 END
START -1536 5296 20304 -724 2195 467 END
START -684 4132 19692 -2817 1090 327 END
START 60 6708 16172 -2927 4793 -141 END
START -52 4324 16928 -3991 3843 -322 END
START 204 4224 16376 -5075 4913 -112 END
START 200 3692 15296 -5486 4814 -17 END