START -5540 188 16656 2258 618 -96 END
START -5772 1712 10160 973 -96 49 END
START -5560 2252 16280 991 1421 -264 END
START -5604 -204 16276 2427 -350 -710 END
START -4852 -204 16912 1905 -238 -541 END
START -4696 -436 17064 1335 -181 67 END
START -4624 -604 16860 865 -270 565 END
START -4540 -400 17288 345 -415 1100 END
START -4944 16 17452 -139 -499 1430 END
START -5136 520 17864 -680 -583 1145 END
START -5468 524 18212 -1388 -535 636 END
START -5468 408 17164 -1752 -282 106 END
START -5696 -124 16636 -750 -460 -508 END
START -4768 -124 17024 -372 -403 -431 END
START -5088 -216 17324 -295 -695 -286 END
START -4912 -536 17532 -215 -673 -146 END
START -4744 -624 17316 231 -455 335 END
START -5008 -444 17780 521 16 768 END
START -5356 -256 17916 455 177 788 END
START -5392 -56 17808 127 113 630 END
START -5524 32 17660 -11 95 487 END
START -5648 16 17876 -95 -98 230 END
START -5540 -52 17816 40 -128 -66 END
START -5432 -244 18276 -42 -154 -85 END
START -5788 -324 18624 -416 -343 -142 END
START -5492 -352 19376 -999 -257 -301 END
START -5352 -252 19336 -1587 162 -93 END
START -5508 196 18968 -1864 422 140 END
START -5444 564 18548 -1653 798 145 END
START -6052 1200 18756 -1587 1064 -125 END
START -6380 1448 18500 -1556 1259 -884 END
START -5868 1600 17728 -1372 1727 -1455 END
START -5292 1196 16008 -595 3515 -1717 END
START -5884 1720 17964 -938 2864 -1889 END
START -5776 1972 17464 -1534 2822 -2165 END
START -5748 2008 16948 -2423 2426 -2515 END
START -5484 2156 15908 -3270 1756 -2720 END
START -5820 2236 15116 -3807 1578 -2892 END
START -5680 2272 14144 -3763 995 -3299 END
START -5408 2112 13548 -3501 944 -3618 END
START -5016 1608 13008 -3056 998 -3632 END
START -4476 1012 12412 -2574 809 -3624 END
START -4132 424 11936 -2133 677 -3601 END
START -3752 -300 11204 -1395 903 -3538 END
START -3216 -716 10976 -177 967 -3563 END
START -2564 -1616 10764 948 1260 -3552 END
START -1820 -2012 10688 1348 1342 -2902 END
START -1904 -2188 10244 1447 660 -2212 END
START -1744 -1800 9956 2020 -279 -1838 END
START -2044 -1436 10368 2487 -1484 -1809 END
START -1900 -956 11684 2409 -2817 -2162 END
START -1944 -876 12632 1527 -3765 -2470 END
START -1276 -956 12788 1576 -6806 -2644 END
START -1472 -1496 13052 1167 -6985 -2679 END
START -1324 -2024 11872 3076 -8518 -2434 END
START -1252 -2304 11880 5731 -8877 -2306 END
START -1304 -2724 11848 7788 -9286 -1862 END
START -880 -1780 11532 10119 -10022 -1451 END
START -1724 -3840 13312 15454 -13558 -2025 END
START -3344 32 11440 16695 -16188 -2266 END
START 2412 5508 14380 211 -3842 1871 END
START -4548 -4632 14344 -3423 -7737 432 END
START -1296 3292 12120 -444 -9368 -870 END
START -932 -1340 13928 2282 -7771 -2092 END
START -84 892 14796 3138 -7836 -1840 END
START -188 -700 15180 5857 -8088 -1760 END
START -112 -552 17132 5672 -8059 -968 END
START -648 -892 17460 5651 -8156 -348 END
START -624 -640 17908 4879 -8839 176 END
START -340 244 18840 3947 -9721 636 END
START -828 1016 19548 2944 -10483 551 END
START -480 904 20544 2793 -10813 0 END
START 216 1196 21808 3355 -10166 -314 END
START -332 516 20740 1134 -11260 440 END
START -268 692 21464 2073 -10284 439 END
START -228 328 20724 2630 -9570 623 END
START -116 304 21720 3845 -8932 944 END
START 124 836 23032 4932 -8451 1512 END
START -392 1316 23936 5821 -8198 1715 END
START -264 3632 26060 3851 -7605 2124 END
START -580 2760 27000 2725 -8660 1763 END
START -300 3136 26280 1545 -7723 1375 END
START -496 2908 25848 1194 -6836 920 END
START -252 2348 25192 1555 -5869 478 END
START -604 1720 24688 1769 -4544 622 END
START -256 1908 26748 3007 -4615 768 END
START -52 2504 27564 2203 -3697 1288 END
START -68 3004 27820 1800 -2799 1375 END
START 40 3384 27876 1345 -1539 1452 END
START -96 3648 28388 968 -600 1311 END
START -196 3624 28260 197 583 1136 END
START -188 3632 27468 -214 1769 1071 END
START -40 3608 26520 -24 2946 874 END
START -76 3616 25908 116 3915 760 END
START 272 3732 25204 299 4582 685 END
START 12 3828 24784 191 5210 508 END
START 272 4072 24584 -319 5558 304 END
START 92 4160 23972 -1168 5617 -50 END
START 80 3844 23136 -1763 5864 -481 END
START -80 3716 22348 -1898 6289 -687 END
START 148 3300 21496 -1767 6639 -939 END
START 100 2964 21208 -960 7040 -1223 END
START 516 2892 21488 -409 7348 -1264 END
START 512 2952 21916 -293 7976 -1107 END
START 672 2952 22056 -656 8759 -809 END
START 540 2916 21472 -1031 9393 -602 END
START 340 2996 20444 -877 10052 -399 END
START -236 3388 19488 -82 10666 -625 END
START -404 3832 19436 612 11085 -902 END
START -984 4108 19476 590 11237 -1236 END
START -1052 4328 19288 -12 11178 -1703 END
START -1308 4228 18268 -653 11423 -1978 END
START -1236 3548 17364 -1955 10943 -1980 END
START -1068 5240 16848 -672 10488 -2532 END
START -1568 3660 17444 -3404 10126 -2367 END
START -2064 5252 14604 -4080 9751 -2989 END
START -1728 3236 16728 -4933 9400 -3090 END
START -2112 4200 15796 -6741 9982 -2933 END
START -2152 3400 15476 -7371 11179 -3391 END
START -2564 3012 14672 -6965 12457 -3920 END
START -2880 2944 14748 -5687 11537 -4748 END
START -2556 1916 13728 -3458 11917 -5137 END
START -2628 1168 14224 -2057 11206 -5067 END
START -3576 1316 14932 -1949 10067 -4790 END
START -2616 1192 12260 -1251 8779 -4445 END
START -2864 1144 12288 -1440 6647 -4399 END
START -3112 1928 12528 -3376 10487 -4535 END
START -2568 1268 11320 -2822 3738 -5323 END
START -2700 956 11444 -3413 4052 -5462 END
START -2504 440 9964 -2781 4428 -5244 END
START -2900 44 10528 -2321 3558 -5029 END
START -3220 196 9828 -2267 2562 -4978 END
START -3292 28 9840 -2349 1517 -5115 END
START -3284 28 9716 -2244 904 -5084 END
START -3380 144 9760 -2014 109 -5302 END
START -3360 -64 10320 -2199 -695 -5563 END
START -3348 -308 10168 -2367 -988 -5768 END
START -2912 -1112 9500 -1652 -784 -5773 END
START -2668 -1540 9360 -229 -216 -5219 END
START -3120 -1584 9928 1062 -400 -4819 END
START -3192 -1052 9600 1558 343 -4930 END
START -2716 -896 9308 2007 -443 -4891 END
START -2988 -1096 10340 1871 -1263 -5010 END
START -2688 -760 10856 1045 -2634 -5013 END
START -2624 -1008 11088 538 -3370 -5301 END
START -2128 -1568 11340 388 -3626 -5363 END
START -2108 -2296 10960 764 -3375 -5111 END
START -2092 -2576 10216 2228 -3137 -4765 END
START -1676 -2620 10460 3787 -3445 -4342 END
START -1632 -2436 11096 5089 -3922 -3893 END
START -1068 -2180 12148 5331 -4514 -3275 END
START -852 -1552 13160 4439 -5812 -2565 END
START -980 -1772 12604 3304 -9678 -2529 END
START -724 -1160 12268 2667 -10573 -2680 END
START -1012 -1220 11696 3568 -10934 -2996 END
START -1432 -952 12020 5461 -9503 -3381 END
START -1852 -1060 13316 7341 -9099 -3863 END
START -1980 -1080 15328 7939 -10899 -4073 END
START -1520 -2000 16244 7699 -13773 -3954 END
START -824 -1888 18156 6169 -16807 -3282 END
START -424 -1092 18884 5207 -18135 -2531 END
START -760 -156 21072 4516 -18752 -2198 END
START -1364 180 21788 4084 -17457 -2158 END
START -1668 288 22520 4447 -15383 -2126 END
START -1956 924 23804 1992 -13621 -1826 END
START -2100 524 24336 1033 -12584 -2153 END
START -1696 448 25524 1187 -11760 -2291 END
START -1288 244 26564 1210 -11186 -2175 END
START -432 -208 26692 705 -10281 -1681 END
START -360 -384 27132 570 -8632 -761 END
START -740 -312 27368 1251 -7270 126 END
START -1564 240 28980 2292 -4951 1390 END
START -1720 896 27160 13315 -5892 -688 END
START -1956 2892 32767 8561 -12948 798 END
START -620 2380 28264 5431 -5889 -703 END
START -488 5164 25572 -1052 -3685 457 END
START 152 896 25796 506 -637 248 END
START 792 1072 25516 -39 742 907 END
START 1144 884 24736 343 349 1033 END
START 1740 1044 23188 1396 3660 1189 END
START 1520 996 20688 391 4952 1712 END
START 1900 588 19560 -1019 5236 2214 END
START 1696 2180 18836 -623 5623 2071 END
START 1336 1996 16928 -183 5453 1913 END