START -3932 -140 17036 1946 754 1021 END
START -2928 1260 10748 732 212 1486 END
START -3648 168 16624 1599 858 1352 END
START -4864 372 17112 2156 307 1039 END
START -4796 956 17256 1794 -57 794 END
START -5204 1252 17500 1286 -99 288 END
START -5148 996 17844 848 16 -378 END
START -4788 656 17984 437 271 -639 END
START -4416 368 17704 198 361 -586 END
START -4440 208 17504 -122 327 -301 END
START -4460 364 17596 -364 -122 -28 END
START -4504 396 17788 -517 -366 -30 END
START -4580 248 17884 -626 -435 -32 END
START -4516 252 18036 -489 -222 -34 END
START -4524 184 18172 -204 164 -196 END
START -4428 224 18296 45 404 -308 END
START -4116 152 18584 -62 384 -280 END
START -4564 -8 18588 -358 734 -113 END
START -4540 108 18476 -561 447 -35 END
START -4624 124 18496 -572 620 18 END
START -4392 80 18320 -548 867 126 END
START -4552 520 18420 -495 1407 324 END
START -4864 908 18280 -476 1830 324 END
START -5628 1240 18564 -682 3257 -126 END
START -5380 1468 17632 -585 1687 -771 END
START -4848 1532 17552 -688 1969 -1321 END
START -4640 1524 17008 -773 1898 -1595 END
START -4596 1428 17012 -1160 1837 -1471 END
START -4804 1548 16656 -1571 1813 -1307 END
START -5020 1760 16260 -1720 1823 -1482 END
START -5152 1996 15932 -1930 1812 -1840 END
START -5104 2144 15280 -1876 1940 -2286 END
START -4980 2172 14652 -1409 2012 -2761 END
START -4676 2356 14572 -1202 2140 -3153 END
START -4672 1944 14304 -1040 2502 -3463 END
START -4756 1672 13616 -1059 2103 -3762 END
START -4552 1400 13420 -1129 1414 -3952 END
START -4296 1252 13596 -1217 827 -4023 END
START -4100 816 13848 -1527 517 -3950 END
START -4004 648 13664 -1498 425 -3992 END
START -3448 500 13392 -1019 763 -3999 END
START -3388 12 13212 -497 1081 -3871 END
START -3008 -240 13004 -167 1001 -3826 END
START -2620 -736 12588 -320 967 -3711 END
START -2400 -1076 12084 -576 456 -3432 END
START -2256 -1580 11332 -455 -344 -3117 END
START -2120 -1812 11168 135 -1157 -2915 END
START -1708 -2228 11180 1387 -1778 -2574 END
START -1248 -1904 12640 2770 -4852 -1925 END
START -1620 -1716 12596 3288 -7197 -1573 END
START -1412 -932 11796 5290 -9991 -1818 END
START -1484 -2036 12492 6908 -12526 -2170 END
START -2680 -984 13300 8779 -14874 -2612 END
START -4172 -1220 11236 10817 -16868 -3358 END
START -936 1340 6076 5100 -13988 -4821 END
START -3876 3072 14848 -480 -6500 -3855 END
START -1344 -5388 15620 2499 -10215 -4044 END
START 1684 1980 12736 3776 -7146 -3188 END
START 1148 -3512 17136 4372 -6570 -1732 END
START 1436 -1020 15204 1182 -7940 329 END
START 104 -496 13208 3564 -7564 498 END
START -556 -1672 14396 3846 -8228 955 END
START -1032 620 13756 6156 -8790 571 END
START -1208 -84 15936 7823 -9709 126 END
START -576 700 18148 7666 -10866 -245 END
START 628 128 19460 6068 -11761 41 END
START 1544 348 19360 4074 -12401 976 END
START 1764 268 18512 3759 -12667 1713 END
START 1908 -220 18748 4515 -12304 2540 END
START 784 208 21536 5018 -13478 3487 END
START 1300 1380 21644 8228 -10177 3493 END
START 856 2076 22804 6699 -10643 4058 END
START 512 2340 24248 6163 -9911 4064 END
START 1108 3500 24344 4950 -10282 3927 END
START 1028 3656 25628 3387 -10950 3584 END
START 860 3452 25828 2514 -10129 3043 END
START 1036 3356 25544 2450 -8677 2821 END
START 608 3112 25368 3187 -7385 2772 END
START 1096 3636 25968 3742 -6526 2866 END
START 928 4020 26920 3496 -5604 3049 END
START 856 5204 26520 3320 -4732 3074 END
START 380 5212 27936 1271 -3553 2663 END
START 904 5788 27540 372 -3124 2211 END
START 584 5984 27056 93 -1774 1653 END
START 392 6028 26688 35 -574 1133 END
START 336 5812 26732 126 738 627 END
START 532 5892 26332 343 1822 261 END
START 772 5848 26192 536 2959 -6 END
START 700 5980 25616 476 3818 -215 END
START 744 6204 25220 407 4531 -665 END
START 916 6248 25116 239 5404 -1122 END
START 792 6140 24680 -149 6229 -1446 END
START 848 5996 23956 -707 6768 -1871 END
START 920 5964 23176 -1100 6923 -2360 END
START 1196 5676 22724 -1358 6966 -2765 END
START 1144 5300 22692 -1618 7067 -2990 END
START 1576 5376 22800 -2053 7448 -3220 END
START 1388 4264 22428 -1581 7963 -3596 END
START 1588 4104 22440 -1256 9281 -3430 END
START 1540 4244 21852 -1030 10578 -3122 END
START 976 4312 20956 -612 11456 -3261 END
START 1040 4432 20100 -442 11718 -3564 END
START 556 4012 19236 -220 11723 -3819 END
START 472 3904 18864 -318 11385 -3925 END
START 236 3872 18656 -139 11208 -4056 END
START -92 3536 18248 -118 11075 -4371 END
START 240 3460 18176 -293 10841 -4632 END
START 64 3056 17772 -1032 10884 -4501 END
START 296 2572 16764 -1915 11241 -4116 END
START 96 3212 18268 -4679 12682 -3044 END
START -468 2708 16532 -5234 13960 -2758 END
START -1320 3532 15876 -4894 13316 -2885 END
START -1592 3220 16076 -3815 13220 -3389 END
START -1948 3092 15568 -2742 12892 -3915 END
START -1688 3260 15236 -4022 11877 -3956 END
START -2192 2092 13460 -2802 10864 -4511 END
START -2412 1916 13284 -2442 9642 -4629 END
START -2468 1700 12684 -1480 9336 -4784 END
START -2668 2320 13584 -1004 10267 -4565 END
START -2604 1884 13116 -1307 10220 -4294 END
START -3564 1928 13556 -2424 6599 -4188 END
START -4252 2328 12244 -3409 7440 -4291 END
START -4668 2424 12496 -3045 4207 -4959 END
START -3984 2548 12212 -3120 4999 -5222 END
START -3900 2152 11152 -2033 2844 -5996 END
START -3792 1612 11744 -1733 2496 -6057 END
START -3704 1504 11608 -1640 2368 -5815 END
START -3864 1448 11840 -1570 2038 -5759 END
START -4120 1400 11944 -1402 1653 -5722 END
START -4224 1568 12020 -1001 1290 -5706 END
START -4596 1596 12724 -1390 1028 -5714 END
START -4956 1720 12896 -2108 36 -6258 END
START -4620 1564 12672 -2567 -259 -6813 END
START -4508 1344 12460 -2356 -89 -7070 END
START -4296 936 12212 -1571 355 -7368 END
START -4116 564 12080 -559 1038 -7255 END
START -3900 732 11940 -80 849 -6995 END
START -3792 744 11784 -47 551 -6858 END
START -3432 868 11856 -550 21 -6935 END
START -3296 524 11164 -1189 -678 -7084 END
START -2880 236 10676 -1644 -1635 -7172 END
START -2708 -176 10316 -1714 -2249 -7391 END
START -2096 -1108 9908 -1110 -2774 -7543 END
START -1800 -1660 10320 -463 -3369 -6972 END
START -1352 -1876 10456 23 -4048 -6212 END
START -1064 -2368 10236 585 -4491 -5286 END
START -1168 -2540 10304 1324 -4768 -4579 END
START -504 -2716 10612 2251 -4973 -4189 END
START -408 -2684 10944 3346 -5075 -3871 END
START -24 -2568 11712 4508 -5069 -3590 END
START 40 -2244 13088 5318 -5396 -2992 END
START -124 -1332 14216 4852 -7897 -2566 END
START -372 -768 13580 3811 -9776 -2799 END
START -864 -884 12028 4428 -11545 -3358 END
START -1412 -1592 11984 4950 -12592 -3528 END
START -1064 -1872 12192 5866 -10482 -3587 END
START -1268 -1720 14288 6825 -10541 -2896 END
START -1160 -1192 16188 7767 -11195 -2077 END
START -1428 -428 18148 7595 -13773 -1152 END
START -1492 680 18448 6603 -15470 -890 END
START -2368 572 18424 5878 -16237 -1068 END
START -2560 1444 20028 4399 -16396 -1599 END
START -2456 592 21136 3711 -13964 -2534 END
START -1836 -336 24060 3788 -11899 -2362 END
START -1296 -776 26380 5044 -11100 -2029 END
START -548 -876 26644 4374 -10882 -1273 END
START -364 -884 27328 3176 -9764 -216 END
START -720 -1060 27252 2590 -8758 654 END
START -804 -1204 27092 3130 -6885 1560 END
START -1568 -308 27584 3831 -4947 2442 END
START -2328 720 27032 3205 -4217 2829 END
START -2384 1360 26356 2328 -3361 2839 END
START -2800 1296 25156 8395 -4929 1952 END
START -2404 2416 24636 10099 -6126 2035 END
START -2776 1748 23120 11204 -9820 1593 END
START 456 3276 25164 6696 -5919 1876 END
START -1608 7936 23600 747 -1918 2210 END
START -400 3396 22356 949 -1544 1679 END
START 248 2580 20240 1321 235 1650 END
START 248 3264 20728 554 1411 2053 END
START -36 3104 19284 1767 2921 2002 END
START -232 3300 19892 1620 2523 2141 END
START -4 2920 19540 1665 1833 2065 END
START 232 4708 19664 1744 1104 1717 END
START 796 4624 16852 402 3049 1510 END
START 736 3600 21160 -390 2618 1411 END
START 956 3236 17528 -939 2230 1701 END
START 836 3660 17532 -177 2506 1807 END