START -5324 656 18804 1172 1798 -56 END
START -5700 2844 12364 -196 1078 17 END
START -7100 -2716 18200 -46 1983 -568 END
START -4996 240 18012 427 1438 -846 END
START -4232 -268 17616 22 1331 -660 END
START -4256 -520 17556 -386 1094 -151 END
START -4580 -496 17452 -587 764 446 END
START -4392 -268 17716 -602 540 816 END
START -4640 360 17852 -671 614 973 END
START -5084 896 17696 -754 537 555 END
START -5224 1200 17804 -818 544 -177 END
START -5608 732 17284 -729 744 -1092 END
START -4696 420 17124 -732 834 -1432 END
START -4596 -32 17036 -752 1230 -1087 END
START -4148 -196 16972 -449 1191 -645 END
START -4368 -80 17140 -319 1359 -201 END
START -4644 216 17168 -296 1156 52 END
START -4932 584 16856 -321 866 -70 END
START -5084 928 17248 -371 1028 -240 END
START -5204 1124 17024 -395 1414 -581 END
START -5328 1356 17324 -449 1508 -1051 END
START -5048 1456 17176 -766 1469 -1535 END
START -5332 1272 16760 -1039 1232 -2022 END
START -4964 1236 16312 -1055 1133 -2335 END
START -4908 1068 15832 -841 1307 -2395 END
START -5472 880 15672 -915 1196 -2469 END
START -5332 856 15680 -1138 912 -2771 END
START -4952 844 15456 -1421 887 -2857 END
START -4620 604 15140 -1580 849 -2905 END
START -4368 460 14724 -1552 723 -3009 END
START -4260 296 14520 -1496 918 -2887 END
START -3724 24 13952 -1412 1005 -2780 END
START -3496 -76 13344 -1074 684 -2628 END
START -3256 -24 13020 -905 286 -2401 END
START -3780 -312 12924 -820 79 -2480 END
START -3460 -444 12692 -683 -227 -2773 END
START -3064 -792 12624 -863 -572 -2914 END
START -2496 -1216 12112 -967 -784 -2764 END
START -1768 -1128 11940 -573 -1129 -2416 END
START -1904 -1160 12024 -245 -1378 -2149 END
START -2852 -2368 10828 -226 -5416 -2223 END
START -2448 -1448 11836 791 -4965 -2035 END
START -2328 -1984 12272 2309 -7009 -2334 END
START -2208 -2748 12384 4248 -7661 -2477 END
START -1632 -2380 11324 5561 -8259 -2453 END
START -108 -3872 11556 8925 -8842 -2575 END
START -96 -4192 10252 7306 -10767 -1400 END
START -376 -1012 10652 13121 -11476 -1819 END
START 2376 956 15524 -3158 -4236 3160 END
START -1724 -2856 13420 99 -5074 1754 END
START -1228 228 14364 -605 -7101 1910 END
START -2504 -348 12912 1663 -6845 402 END
START -2280 -1484 15796 1607 -7785 -396 END
START -936 148 15804 1328 -8780 -869 END
START -96 -1296 16624 1622 -8895 -761 END
START -124 -1568 16708 626 -9068 334 END
START -940 -1124 16064 1577 -9244 1162 END
START -1224 -488 16964 2636 -9820 1181 END
START -824 -152 17652 3623 -10223 1097 END
START -620 436 18700 4906 -10480 1159 END
START -12 980 20888 5056 -10448 1119 END
START 244 932 21240 3247 -10734 1329 END
START 244 1024 20852 2235 -10826 1746 END
START -344 996 20532 2236 -10603 1947 END
START -836 1192 20492 2858 -10685 2026 END
START -1116 2052 21628 4740 -10210 1651 END
START -1932 2016 23368 5677 -10374 908 END
START -1956 3400 27128 4454 -11316 524 END
START -752 3420 26660 2582 -9300 486 END
START -1036 3240 27228 1725 -9450 337 END
START -932 3140 27888 1543 -8162 117 END
START -1020 2996 28184 2245 -6588 -159 END
START -904 2976 28364 2918 -5417 -351 END
START -1112 3332 29860 2606 -4179 -331 END
START -1140 3556 31048 2452 -2634 -473 END
START -1092 3744 31520 2106 -1269 -725 END
START -236 3684 32084 1394 199 -917 END
START -76 3456 31992 562 1893 -922 END
START 236 3288 30904 -130 3920 -802 END
START 276 3084 29424 3 5783 -830 END
START 404 3028 28504 206 7257 -934 END
START 380 3112 27164 269 8516 -977 END
START 268 2992 26252 31 9187 -1161 END
START 648 3260 25244 -493 9670 -1295 END
START 528 3252 24324 -976 9969 -1589 END
START 520 3184 23488 -1517 10007 -1739 END
START 628 3036 22544 -1881 10408 -1793 END
START 492 2848 21424 -2005 10677 -1733 END
START 380 2832 20328 -1522 11239 -1914 END
START 104 2960 19920 -850 11688 -2231 END
START -92 3172 19528 -780 12039 -2647 END
START 0 3148 18988 -1022 12425 -2933 END
START -292 3196 18300 -1393 12541 -3148 END
START -556 2672 17524 -2093 12682 -3190 END
START -848 3528 16572 -572 12641 -3615 END
START -1120 2600 16312 -1772 12445 -3618 END
START -1232 4104 15884 -3744 12773 -3853 END
START -2500 2500 10328 -4735 12963 -4369 END
START -1384 1952 15276 -5698 13114 -4375 END
START -1840 2212 14412 -9430 12724 -3847 END
START -2160 1236 13484 -6609 14006 -4446 END
START -2224 1464 13148 -5517 12267 -4607 END
START -2392 1044 12536 -4092 9346 -4713 END
START -2664 1288 12424 -3212 8561 -4975 END
START -2264 824 11020 -2374 9886 -4990 END
START -2808 1552 12452 -2340 7593 -5200 END
START -3076 1304 12116 -2532 7294 -5388 END
START -2856 1068 10868 -2399 5936 -5940 END
START -2412 1024 10656 -3075 8688 -5967 END
START -3652 112 10584 -3539 8416 -5918 END
START -2988 532 10948 -3149 3392 -5784 END
START -2916 52 9832 -2350 2439 -5547 END
START -3348 200 10176 -1895 1901 -5485 END
START -3368 376 10944 -1762 930 -5674 END
START -3712 296 11180 -1798 899 -6063 END
START -3564 -172 11244 -1690 977 -6429 END
START -3312 -868 10808 -1518 1287 -6325 END
START -3180 -1396 10448 -1079 1799 -5907 END
START -2932 -1740 10184 -1084 306 -5690 END
START -2984 -1448 9796 -873 -34 -5525 END
START -2164 -2428 9356 -335 167 -5374 END
START -1836 -2352 9268 483 -857 -4813 END
START -1796 -2280 9172 1157 -1425 -4291 END
START -1984 -2112 9932 1482 -2228 -3921 END
START -2424 -1532 10380 992 -2912 -3770 END
START -3488 -1212 10592 269 -4102 -4063 END
START -3192 -1704 10396 322 -4997 -4749 END
START -2540 -2040 10512 1203 -4765 -4658 END
START -2224 -1756 10408 2723 -4627 -4425 END
START -1548 -1156 11524 3898 -5443 -4510 END
START -892 -1084 12348 4010 -6293 -4625 END
START -596 -1960 12044 3833 -8243 -4444 END
START -1348 -1884 12380 3489 -7505 -4060 END
START -1468 -2132 11512 3917 -8255 -4051 END
START -1864 -2212 11760 4601 -9554 -4311 END
START -1436 -2232 12400 5700 -10306 -4410 END
START -916 -2616 14956 6946 -11650 -4017 END
START -456 -2224 18288 7443 -12539 -3004 END
START -600 -1576 21108 6113 -14723 -2591 END
START -12 -1012 20736 5270 -15898 -2571 END
START -500 -1440 19476 4925 -15231 -2369 END
START -1876 -1400 19752 4019 -12331 -2422 END
START -3692 -1448 21700 3077 -9902 -2811 END
START -4376 -1856 24048 4018 -9474 -3572 END
START -3752 -1948 24816 3487 -10977 -4001 END
START -2868 -2360 25004 1418 -11277 -3603 END
START -1876 -2436 25440 516 -11614 -2949 END
START -1184 -2924 25760 521 -10621 -2407 END
START -808 -3252 26136 890 -8986 -1229 END
START -1140 -2820 25880 953 -7299 37 END
START -1904 -2516 25644 1285 -6225 644 END
START -2348 -2980 25380 4201 -5081 1057 END
START -2228 -1292 25592 6428 -7102 293 END
START -836 -564 24620 11826 -11222 -974 END
START 1172 412 23520 9031 -5162 624 END
START -740 -352 23008 7604 -5047 1173 END
START -1672 2216 25836 -1766 -713 3376 END
START -1088 1920 21832 335 40 2223 END
START -1180 972 23240 1427 -745 1438 END
START -444 2248 22448 1553 1012 1120 END
START -588 2324 22856 814 1598 948 END
START -756 2420 23132 471 1892 469 END
START 104 2516 21932 -3009 2059 687 END
START 220 2100 21512 -3167 3517 624 END