START -4780 144 17976 1688 219 314 END
START -5312 1728 13688 627 -629 522 END
START -5952 -192 17064 772 759 -75 END
START -5228 252 17144 1594 481 -245 END
START -4548 -60 17480 1194 440 -301 END
START -4540 -268 17308 729 519 -39 END
START -4456 -484 16984 459 303 186 END
START -4080 -384 17040 138 298 604 END
START -4004 -236 17176 -234 141 1069 END
START -4284 344 17512 -864 137 1440 END
START -4772 624 17472 -1388 -73 1487 END
START -5068 900 17776 -1735 -198 1018 END
START -5448 652 17408 -1848 276 436 END
START -4832 356 16984 -1063 420 12 END
START -4212 280 16724 -301 622 38 END
START -4516 16 17116 108 399 277 END
START -4680 172 17332 79 19 441 END
START -4688 436 17684 -113 -194 441 END
START -4804 416 17608 -235 -474 363 END
START -4760 388 17792 -432 -421 393 END
START -4932 384 17572 -394 -221 281 END
START -4980 416 17660 -183 -210 28 END
START -5064 412 17816 -133 -15 -265 END
START -4840 500 18080 -176 -51 -499 END
START -4780 572 18100 -165 41 -548 END
START -4868 624 18252 -108 92 -755 END
START -4660 712 18424 -177 248 -809 END
START -4888 940 18284 -273 302 -921 END
START -4380 1244 18600 -503 659 -1131 END
START -4380 1152 18432 -1052 1085 -1074 END
START -4776 1012 17796 -1689 1841 -1019 END
START -5192 1320 18164 -1759 1485 -1046 END
START -5364 1700 16640 -2028 1481 -1288 END
START -5328 2008 16496 -2165 1044 -1957 END
START -5284 1868 15896 -2223 1107 -2698 END
START -5088 1708 15404 -1976 1573 -3119 END
START -4648 1428 15024 -1670 1661 -3187 END
START -4780 1352 14704 -1571 1831 -3283 END
START -4544 1128 14076 -1485 1679 -3361 END
START -4124 792 13460 -1310 1503 -3236 END
START -3892 484 13084 -1157 1409 -3014 END
START -3996 500 12928 -1216 1137 -2999 END
START -4012 492 12940 -1300 541 -3340 END
START -3900 380 12812 -1332 -8 -3801 END
START -3840 -92 12440 -936 -73 -4013 END
START -3304 -288 12132 -326 -517 -3905 END
START -3188 -408 12532 180 -1112 -3772 END
START -2812 -828 13068 182 -1503 -3577 END
START -2592 -1052 13260 -11 -1956 -3310 END
START -2520 -1412 13476 -54 -2083 -2980 END
START -3100 -2488 14196 497 -4950 -2790 END
START -2088 -1600 13424 653 -4928 -2272 END
START -1752 -1200 13844 1258 -7785 -2388 END
START -1336 -1944 12308 3772 -8712 -2579 END
START -1140 -2460 12496 5681 -8808 -2453 END
START -1216 -2000 13200 6760 -9614 -2244 END
START -1552 -1608 14256 7584 -11619 -2236 END
START -696 -4940 11840 11477 -11782 -2755 END
START -36 -16 15060 10704 -8961 -1618 END
START -1676 3948 14860 1069 -3600 -868 END
START -2452 -6560 15744 2310 -6004 -57 END
START -372 2784 12520 1140 -6819 106 END
START -748 -1772 14292 4059 -6702 -666 END
START -824 -1220 15792 1248 -8375 80 END
START -504 -380 14216 2343 -9068 45 END
START -388 -2040 16292 2608 -9384 209 END
START 20 -1956 15704 2651 -9119 912 END
START 172 -1612 15988 4830 -8534 1575 END
START 232 -1184 17168 5566 -8472 2535 END
START 4 540 18112 6235 -8790 2858 END
START -548 1220 19488 5526 -9241 2720 END
START -384 1772 20108 4574 -9787 2277 END
START -16 1864 20832 3323 -9839 2036 END
START -340 1380 20716 1957 -9780 1901 END
START 356 1352 21180 2885 -9012 1485 END
START 680 1092 20748 2720 -8837 1919 END
START 464 1280 21044 3108 -8692 2313 END
START 740 1524 21212 3935 -8786 2404 END
START 804 2332 22532 4084 -8295 2392 END
START 556 2736 23416 3194 -7387 2340 END
START 512 3368 23408 2268 -8335 1878 END
START 520 3000 24648 1619 -8300 1619 END
START 528 3236 24172 1070 -7143 1512 END
START 408 3172 24212 1107 -6387 1223 END
START 640 3332 24480 1124 -5633 948 END
START 660 3508 24820 1171 -4789 923 END
START 628 3732 25520 1126 -4108 890 END
START 280 4160 26320 1039 -3379 748 END
START 320 4568 27148 821 -2633 379 END
START 32 4740 27772 248 -2075 29 END
START -48 4864 27884 -262 -1187 -481 END
START 472 4752 28192 -365 51 -1077 END
START 516 4292 27768 -112 1680 -1477 END
START 1040 4032 27444 335 3144 -1696 END
START 1448 3608 26872 641 4280 -1812 END
START 1468 3224 26520 471 5118 -1594 END
START 1724 3108 26268 185 5764 -1362 END
START 1532 3000 25432 -198 6580 -1143 END
START 972 3140 24640 -326 7324 -1296 END
START 1116 3112 23808 -307 8032 -1608 END
START 892 2888 22692 45 8644 -1653 END
START 1100 3040 21956 901 9090 -1724 END
START 696 3112 22044 1276 9436 -1695 END
START 436 3292 21864 876 9694 -1776 END
START 396 3324 21764 265 10264 -1874 END
START 420 3276 21032 -95 10741 -1880 END
START 192 3432 19908 -344 10950 -1918 END
START -128 3460 19048 -234 11122 -2156 END
START -104 3540 18312 -506 11033 -2509 END
START -200 2660 17592 -1145 11315 -2406 END
START -252 4176 16560 -866 11895 -2366 END
START 52 2760 21000 197 13257 -2536 END
START -520 3036 16400 -3447 13381 -1768 END
START -500 3464 15836 -4816 13784 -1579 END
START -1000 3432 15016 -4964 12871 -1610 END
START -1200 3304 15156 -4762 12038 -2232 END
START -1264 2316 14256 -4673 11692 -2873 END
START -1544 1732 14284 -5237 12266 -3233 END
START -1516 1336 13884 -3986 12525 -3381 END
START -1712 1008 13880 -1795 11808 -3315 END
START -1884 1616 13856 -996 10244 -2945 END
START -2164 1984 12536 -278 8729 -3048 END
START -2740 2540 13056 -382 9549 -3494 END
START -3208 2596 13604 -971 7378 -4430 END
START -3224 1772 13196 -1610 8689 -4949 END
START -2896 1368 12896 -2411 8364 -5104 END
START -2204 1932 13260 -3175 6826 -4735 END
START -2656 1400 11492 -2725 3486 -4808 END
START -3400 1360 12200 -3124 2248 -4867 END
START -3452 1308 11832 -3203 1802 -4961 END
START -3928 1364 11872 -2943 1436 -5151 END
START -3728 1332 11864 -2708 1079 -5529 END
START -4128 1108 12012 -2673 1090 -5863 END
START -3972 988 12064 -2583 657 -6295 END
START -3884 412 11924 -2124 1108 -6444 END
START -3836 -244 11648 -1356 1607 -6253 END
START -3520 -716 11636 -981 1787 -5998 END
START -3108 -720 11092 -1110 917 -5415 END
START -3132 -812 10500 -906 331 -4803 END
START -3048 -668 10596 -709 -310 -4530 END
START -3392 -308 10788 -610 -866 -4697 END
START -3356 -104 11420 -828 -1595 -5158 END
START -3484 -660 11436 -1015 -1825 -5689 END
START -3152 -1028 11184 -993 -1932 -5725 END
START -3040 -1596 10860 -709 -2325 -5609 END
START -2708 -1812 10844 49 -2507 -5081 END
START -2732 -1464 11064 732 -3178 -4544 END
START -2836 -1332 11536 1139 -3798 -4667 END
START -2368 -1324 11660 1524 -4176 -4618 END
START -2464 -1476 12248 2065 -4332 -4647 END
START -2468 -2124 12304 2699 -4989 -4805 END
START -1340 -2516 13076 2738 -6061 -4368 END
START -1068 -2724 12732 2608 -7462 -3462 END
START -1108 -2000 13004 2945 -9583 -2840 END
START -1480 -2312 12860 5082 -10362 -2840 END
START -1772 -2508 13224 7193 -9006 -2675 END
START -2232 -1368 15344 7858 -8445 -2180 END
START -2440 -1008 17204 8335 -10878 -2398 END
START -2000 -1308 16668 7557 -13907 -2663 END
START -1488 -960 17336 6164 -15801 -3035 END
START -1072 -1696 17308 6823 -15046 -2956 END
START 76 -1284 17724 5347 -13230 -2144 END
START -252 -700 19280 4948 -10131 -1013 END
START -1160 -352 19840 3448 -9498 -53 END
START -1708 300 20288 1666 -9949 454 END
START -2220 688 20876 991 -10008 202 END
START -2396 848 20532 -66 -10067 -336 END
START -2200 656 21712 -912 -11435 -743 END
START -1128 100 21292 -156 -10146 -832 END
START -1288 28 23432 581 -10245 -214 END
START -1180 416 24220 1786 -9204 -11 END
START -1304 708 24856 2331 -8513 203 END
START -1940 1240 25528 2198 -7671 184 END
START -1932 1528 26028 1281 -7830 -43 END
START -3252 -544 26904 5368 -7640 -879 END
START -7388 -3132 29232 7054 -1250 -2458 END
START -628 -640 24648 4153 -7313 -378 END
START -188 1172 27368 4381 -6234 562 END
START 336 1424 24804 4995 -4672 1002 END
START 336 424 24164 1109 -1313 1973 END
START 152 4056 23808 511 208 1887 END
START 212 2832 22916 396 1160 1576 END
START -364 1896 23080 1273 1905 1220 END
START -620 2664 22312 2178 2688 858 END
START -320 2692 21624 2977 1477 289 END
START 140 3496 21764 148 2677 401 END
START -12 2644 19976 -86 3033 158 END