START -5124 -1016 17716 2299 170 1109 END
START -5736 740 11152 649 -429 1340 END
START -6632 -3708 17816 1171 -84 1052 END
START -5932 -976 17960 1258 -313 234 END
START -5368 -1204 17548 620 -10 8 END
START -5208 -1588 17408 264 135 6 END
START -4980 -1856 17592 120 -99 272 END
START -4812 -1696 17648 -298 -95 742 END
START -4988 -1556 16884 -264 256 1078 END
START -5236 -1060 16696 479 223 1007 END
START -4924 -632 16992 1048 336 601 END
START -5508 -548 17368 693 441 372 END
START -5744 -640 17496 57 342 49 END
START -5304 -704 17280 -209 287 -251 END
START -5300 -1052 17084 -333 576 -207 END
START -5332 -1456 17304 -151 703 1 END
START -5496 -1252 17388 17 734 182 END
START -5388 -948 17528 200 874 283 END
START -5576 -608 17572 321 1116 420 END
START -5828 -284 17652 487 1202 287 END
START -5916 48 17636 397 1503 42 END
START -6084 364 17776 232 1397 -354 END
START -5776 612 17568 -234 1372 -809 END
START -6192 256 16952 -337 1617 -1296 END
START -5560 172 16872 -355 1618 -1553 END
START -5460 -200 16352 -560 1832 -1406 END
START -5496 -188 15912 -596 1862 -1122 END
START -5528 120 15888 -588 1647 -1152 END
START -5232 144 15460 -704 1630 -1236 END
START -5188 120 14192 -505 2036 -1306 END
START -5204 436 14396 -288 1283 -1587 END
START -4936 696 14232 -321 845 -1860 END
START -5004 480 14516 -598 861 -2354 END
START -4956 368 14192 -845 554 -2895 END
START -4388 -132 13552 -909 577 -3005 END
START -4228 -480 12932 -679 431 -2894 END
START -3884 -660 12924 -330 11 -2766 END
START -3416 -1068 12532 -278 -421 -2426 END
START -3568 -1344 12188 -149 -901 -1925 END
START -3464 -1312 12064 38 -1803 -1698 END
START -3340 -1084 12436 70 -2426 -1558 END
START -3560 -544 13076 9 -3011 -1864 END
START -2956 0 13120 -111 -4599 -2507 END
START -3296 -276 13712 -588 -4987 -3038 END
START -2884 -984 12704 196 -6726 -3419 END
START -3064 -1268 12612 2146 -7059 -3490 END
START -3896 -3344 10632 5551 -8372 -3337 END
START -2904 -4240 13068 5345 -7597 -2968 END
START -2736 -1016 12248 6397 -7795 -2828 END
START -1836 -3000 13012 6685 -10164 -2537 END
START -596 -880 13900 9734 -11904 -2226 END
START 696 -680 9564 -3865 -5995 869 END
START -2300 -472 16184 388 -5902 -515 END
START -2136 -2736 15432 -3691 -7000 -366 END
START -1648 324 11992 49 -5932 -2018 END
START -1732 -3212 12432 233 -7205 -1920 END
START 1016 -1372 14292 5462 -8531 -2583 END
START 920 -2732 14304 2619 -8391 -955 END
START 704 -1264 16856 4116 -9583 -444 END
START -492 -3228 18204 511 -10340 1322 END
START -1284 -1212 15828 601 -10862 1335 END
START -1916 -1396 16560 1933 -10399 811 END
START -1660 -392 18268 3233 -10320 -174 END
START -1176 -688 19860 4121 -10024 -1321 END
START 228 -1400 21368 4185 -9854 -1795 END
START 1352 -1932 21536 3271 -9695 -1102 END
START 1240 -2268 20996 2563 -9448 481 END
START 416 -2028 21064 2548 -9133 1905 END
START -1020 -592 23092 2377 -9995 2640 END
START -1332 -24 23208 4484 -9025 2058 END
START -1748 972 25284 3612 -8627 1376 END
START -1784 1624 26368 3122 -7691 227 END
START -1052 1488 26924 2785 -6700 -556 END
START -548 948 27308 1975 -6038 -479 END
START -692 676 27336 1597 -5356 -19 END
START -840 684 27476 1615 -4262 550 END
START -1156 1196 27784 1863 -2932 889 END
START -1444 1636 28028 2627 -2153 856 END
START -1344 2708 28984 3290 288 94 END
START -1260 2596 29216 2657 35 -255 END
START -1160 2628 29608 2238 1732 -593 END
START -892 2580 29388 1483 3160 -717 END
START -1276 2348 28648 1007 4044 -835 END
START -836 2456 28152 776 5109 -1171 END
START -676 1952 27348 623 6124 -1266 END
START -380 1676 26552 642 6847 -1248 END
START 28 1316 25908 853 7728 -1154 END
START 180 1028 25476 959 8759 -874 END
START 88 1208 25156 647 9452 -638 END
START 176 1096 24264 351 10141 -521 END
START 132 844 23304 40 10642 -320 END
START 64 1264 22644 -264 10970 -158 END
START -244 1240 21812 -497 11280 -151 END
START -532 1164 20828 -92 11696 -274 END
START -672 1576 20060 75 12024 -217 END
START -652 1712 19336 -185 12061 -231 END
START -1072 1864 18528 -410 11995 -466 END
START -1496 2956 17576 213 11536 -1021 END
START -1956 2520 17888 7 11413 -1548 END
START -2128 3024 17032 -1366 11527 -1824 END
START -2140 3208 16584 -1886 11513 -2444 END
START -1944 3296 16676 -3360 12065 -2687 END
START -2160 3460 16072 -5482 12938 -2814 END
START -2324 2672 14656 -7081 13177 -2844 END
START -768 4408 27804 -3159 12958 -4023 END
START -2652 2996 14388 -5718 13437 -3846 END
START -2956 2452 13580 -3927 10613 -4719 END
START -3048 2060 13360 -2899 9699 -5132 END
START -3388 1580 12724 -2747 9082 -5394 END
START -3312 1552 12304 -3657 9749 -5533 END
START -3812 964 11916 -3963 7927 -5749 END
START -3244 1188 10176 -4295 11061 -5751 END
START -4368 1272 10616 -4376 7378 -6426 END
START -3860 992 10384 -3004 3373 -6997 END
START -3728 652 10640 -3050 2603 -7190 END
START -3860 600 11072 -2963 1721 -7301 END
START -3676 476 11708 -3305 1527 -7442 END
START -3404 -364 11372 -3197 1969 -7223 END
START -3172 -764 10564 -2157 2577 -6600 END
START -2780 -1120 9508 -1308 2972 -6253 END
START -3680 -1360 10260 -1476 3050 -5615 END
START -4004 -1292 9544 -1188 2342 -5391 END
START -4148 -980 9164 -862 1181 -5700 END
START -3864 -1124 8588 -541 465 -6440 END
START -3508 -1260 8836 -309 -914 -7128 END
START -2908 -2132 8864 184 -1157 -7437 END
START -2172 -2704 8760 1329 -906 -6889 END
START -2232 -2456 9560 2410 -832 -5852 END
START -2636 -1976 10480 2302 -1286 -5255 END
START -3104 -1888 10116 1508 -2185 -5023 END
START -2768 -2220 9320 1667 -3167 -5151 END
START -2264 -2732 9088 2785 -3792 -5131 END
START -1740 -2940 9884 3683 -4524 -5288 END
START -596 -3568 10492 4351 -5038 -5532 END
START 604 -4172 11716 5097 -6240 -4977 END
START 1552 -4604 11148 5631 -4996 -3425 END
START 824 -4136 11540 5329 -5986 -1589 END
START -1148 -2988 12332 4727 -8169 -736 END
START -2412 -2136 12156 4290 -10765 -1176 END
START -2084 -768 13048 5708 -12588 -2270 END
START -2420 -1576 14372 6109 -14921 -3156 END
START -1476 -2264 15644 6637 -15306 -3587 END
START -1760 -1796 17896 6540 -14722 -3429 END
START -1844 -2696 18804 5713 -12851 -3662 END
START -1884 -3252 19888 4432 -11114 -2794 END
START -2536 -3392 21072 3985 -11324 -1714 END
START -2724 -2648 22340 4202 -12152 -977 END
START -2952 -1164 23656 3740 -13420 -1067 END
START -2480 -192 24316 2912 -14095 -1836 END
START -3012 -352 23584 2402 -12702 -2552 END
START -3040 -896 23800 583 -11076 -3026 END
START -2800 -2012 24708 602 -9853 -3405 END
START -2112 -2572 25120 1286 -9092 -2858 END
START -1844 -2720 26200 2450 -7648 -1842 END
START -1676 -2276 27064 1682 -6023 -720 END
START -1896 -1580 26852 925 -4502 236 END
START -2256 -704 26836 526 -3807 585 END
START -2444 -408 26512 -166 -2897 360 END
START -2300 -560 26260 -400 -1474 55 END
START -1840 -624 25648 -279 123 78 END
START -1488 -636 24804 149 1231 366 END
START -1420 -672 23984 3012 723 586 END
START -684 200 24412 1620 1384 928 END