START -3152 56 12436 -415 347 -2596 END
START -3236 -96 12240 -447 263 -2695 END
START -3016 -296 12032 -397 78 -2846 END
START -2688 -764 11232 56 -77 -2964 END
START -2608 -1412 10892 936 -251 -2738 END
START -2336 -1624 11280 1776 -916 -2175 END
START -2796 -1560 12188 1784 -1783 -1583 END
START -3176 -1140 13308 1402 -6287 -1292 END
START -2900 -964 12864 2142 -9453 -1441 END
START -2404 132 13536 4241 -12438 -1896 END
START -2764 -2376 12808 6966 -13617 -2453 END
START -2460 -1304 13668 8884 -15431 -2959 END
START -2248 -3220 13800 13915 -14202 -3546 END
START 4236 -1092 5392 898 -8809 -59 END
START -724 2856 16880 838 -4750 -1302 END
START -976 -6664 17416 -948 -7849 -110 END
START 408 1616 12476 -559 -6426 251 END
START 136 -2924 17060 4601 -5500 -220 END
START -456 -2364 16704 428 -6324 1391 END
START -704 -20 14552 3262 -6694 777 END
START -896 -2116 17036 3183 -6966 853 END
START -768 -368 15532 3276 -7480 1034 END
START -8 -604 17364 4481 -7806 1067 END
START 384 -480 18572 2027 -8517 1806 END
START 564 680 17896 1069 -8877 2045 END
START -1144 212 17124 895 -8616 1885 END
START -1312 -340 16856 1562 -8891 1430 END
START -1224 -184 17076 2824 -8744 1086 END
START -872 -708 17952 4428 -8604 1188 END
START -660 -176 19144 5659 -9017 1632 END
START -40 644 20816 5698 -9414 2035 END
START 508 1112 22540 4001 -9439 2368 END
START 584 1852 22756 2881 -9383 2480 END
START -24 1608 22320 1719 -9067 2448 END
START -36 1492 22368 2079 -8650 2207 END
START 76 1292 22204 2143 -8016 1956 END
START -164 1436 23028 2562 -9092 1808 END
START 444 1604 23340 2723 -7592 1962 END
START 668 1924 24948 2530 -7235 2203 END
START 660 2372 25396 2023 -6298 2636 END
START 340 2816 25512 1547 -5326 2751 END
START 76 3348 25480 1410 -4513 2438 END
START -360 3508 25592 1423 -3559 2077 END
START -700 3852 25960 1349 -2681 1578 END
START -500 4084 26132 1343 -2011 949 END
START -380 4044 26464 1114 -1218 603 END
START -168 4008 26416 901 -516 547 END
START -28 4060 26612 905 266 429 END
START 76 4044 26720 1047 1331 222 END
START 208 4000 26904 1051 2649 -26 END
START 316 3868 26544 985 4249 -259 END
START 240 3940 25864 954 5586 -486 END
START 428 3960 25380 982 6711 -767 END
START 312 3672 24832 846 7509 -1018 END
START 388 3732 24188 593 7792 -1138 END
START 204 3640 23640 256 8011 -1277 END
START 20 3584 23260 19 8148 -1526 END
START 224 3540 23112 -260 8339 -1707 END
START 336 3384 22632 -693 8615 -1779 END
START 56 3152 22044 -876 9012 -2001 END
START 260 3112 21212 -383 9481 -2085 END
START 240 3068 20544 293 10331 -2053 END
START -140 3024 20324 519 10838 -2070 END
START -488 3312 19972 295 10951 -2280 END
START -496 3504 19424 44 11092 -2476 END
START -1076 3544 19212 -314 10839 -2786 END
START -1068 3392 18532 -1013 10500 -3063 END
START -936 2712 18404 -2342 10345 -3115 END
START -1024 4424 16420 -3210 10908 -3249 END
START -1144 2280 15228 -2694 12561 -3748 END
START -1044 2808 16804 -7670 13043 -2598 END
START -1444 1508 16772 -6628 13142 -2861 END
START -1276 1380 16012 -6705 14122 -2692 END
START -1344 1508 15320 -7490 12812 -2201 END
START -1976 1400 15544 -6508 12120 -2284 END
START -2272 1872 15008 -5412 10378 -2553 END
START -2520 1648 14628 -4740 9021 -2916 END
START -2380 1064 13136 -3731 9251 -3231 END
START -2656 932 13928 -4528 10350 -3228 END
START -2972 716 13456 -4439 8069 -3422 END
START -2644 392 12440 -3972 9012 -3468 END
START -3488 188 13300 -4396 8317 -3252 END
START -3296 408 12480 -3897 3842 -3024 END
START -3248 428 12280 -4102 3909 -3135 END
START -3720 556 11456 -4203 3045 -3334 END
START -3684 644 10924 -4020 2109 -3775 END
START -3464 400 10284 -3351 2034 -4206 END
START -3540 276 10692 -2854 1561 -4259 END
START -4012 444 11488 -2891 1097 -4403 END
START -4068 264 11468 -3017 184 -4645 END
START -4320 -88 11128 -2890 442 -4856 END
START -4268 -124 10664 -1994 664 -4933 END
START -4312 -64 11076 -956 778 -5008 END
START -4408 76 11140 -462 740 -5250 END
START -4120 -192 11056 -317 481 -5610 END
START -4004 -368 10692 -309 225 -5915 END
START -3968 -388 10496 -275 -492 -6210 END
START -3848 -612 10792 -341 -643 -6365 END
START -4000 -984 10652 -316 -613 -6531 END
START -3500 -1148 10032 500 -693 -6534 END
START -3152 -1308 9856 1697 -604 -6206 END
START -3260 -1348 10324 2264 -1374 -5875 END
START -2964 -1088 11064 2090 -2754 -5852 END
START -2604 -1100 11764 1154 -3808 -5843 END
START -2204 -1132 11696 290 -4612 -5925 END
START -2200 -1612 11320 -87 -4941 -6108 END
START -1464 -2452 10452 821 -5322 -6398 END
START -448 -3100 9400 3227 -5171 -6079 END
START -396 -3352 9572 5983 -5942 -5655 END
START -112 -3516 11044 8489 -6732 -5001 END
START 320 -3084 12652 8792 -10462 -4011 END
START 536 -912 13192 9737 -15530 -3615 END
START 660 -2860 13028 9548 -18496 -3437 END
START 68 -2420 11260 9238 -18701 -3290 END
START 196 48 11300 9680 -19771 -4066 END
START 1416 -5064 13412 12440 -18173 -4400 END
START 1164 -1876 15056 10357 -15741 -3383 END
START 1884 -984 17880 8604 -14705 -1787 END
START 1224 272 20320 5926 -13647 -810 END
START 1652 272 19104 4701 -12812 -765 END
START 1236 168 19256 5292 -12294 -971 END
START 1300 208 20540 5347 -11391 -878 END
START 484 172 22708 6116 -10397 -1101 END
START 104 292 24460 6954 -9190 -1420 END
START -632 364 26836 5341 -13140 -1409 END
START 1192 904 25868 2513 -11973 -1101 END
START 876 32 26184 1583 -12198 -916 END
START 952 56 26976 984 -10360 -774 END
START 904 -296 28404 60 -8352 -270 END
START -2024 -1768 29168 1201 -6661 56 END
START 7208 108 17852 1964 3002 3444 END
START -1228 1560 32767 304 -4623 1874 END
START -804 328 28432 7773 -7212 -178 END
START -152 2192 29440 6106 -7760 617 END
START 1008 2908 27964 780 -2809 1385 END
START 580 2384 28688 666 584 1579 END
START 484 2700 27296 279 2384 1727 END
START 652 3316 26704 517 3260 1676 END
START 384 2792 24080 2811 5136 725 END
START 660 4460 22896 1425 6567 901 END
START 552 3476 22664 254 7248 829 END
START 464 3208 21720 959 8007 277 END
START 536 3320 20216 -101 8235 243 END