START -4652 52 18248 848 1300 991 END
START -5484 1780 15196 -478 1029 1363 END
START -5012 -832 17196 93 1940 1178 END
START -5040 168 16852 780 1350 1192 END
START -5316 320 16932 891 1456 1308 END
START -5396 972 17148 820 1192 1279 END
START -5552 1304 17024 498 1229 983 END
START -6068 1316 16864 202 762 505 END
START -5884 1412 16908 -35 321 -3 END
START -5724 1212 17012 -359 248 -241 END
START -5868 1152 17176 -775 218 -431 END
START -5684 904 17324 -1343 -27 -564 END
START -5368 748 17192 -1660 -274 -542 END
START -5568 556 16900 -1681 -19 -373 END
START -5724 584 16816 -1102 71 -332 END
START -5412 764 16764 -485 222 -315 END
START -5528 808 17204 -89 289 -280 END
START -5820 996 17200 -17 227 -302 END
START -5920 1192 17652 -39 130 -557 END
START -5788 1224 17828 -451 434 -742 END
START -6100 1108 17708 -902 600 -948 END
START -6124 1040 17320 -1071 468 -1194 END
START -5936 1232 17160 -1058 498 -1436 END
START -6028 1324 17172 -1024 734 -1787 END
START -5700 1284 17172 -936 1183 -2230 END
START -5304 1112 16820 -1048 1631 -2389 END
START -5504 792 16380 -1287 1933 -2373 END
START -5572 1028 15808 -1396 1974 -2535 END
START -5924 1272 15676 -1410 1549 -2905 END
START -5700 1500 15108 -1535 2002 -2973 END
START -5216 1400 14308 -1294 1885 -2921 END
START -6000 1036 14052 -1026 1776 -2823 END
START -6012 1128 13728 -807 1323 -2700 END
START -6392 1412 13712 -482 1274 -2693 END
START -6164 1580 13632 -285 1276 -2767 END
START -6116 1700 13644 -345 1266 -2828 END
START -5808 1928 13320 -517 1088 -3104 END
START -5600 1804 12988 -496 977 -3723 END
START -5136 1608 12628 -266 757 -4170 END
START -4400 996 12324 22 455 -4445 END
START -3920 292 12360 217 52 -4659 END
START -3180 -540 12124 159 -358 -4500 END
START -2412 -1180 11956 231 -633 -4103 END
START -1896 -1604 11552 403 -811 -3489 END
START -2056 -2268 10644 1298 -5127 -3022 END
START -2688 -1340 11408 1477 -6053 -2843 END
START -2412 -1224 11020 3636 -9498 -3362 END
START -2112 -2428 12036 6572 -12049 -3678 END
START -1660 -1652 11888 8987 -12882 -3687 END
START -812 -1944 12768 12382 -15012 -3398 END
START -212 -68 13432 15618 -14631 -3084 END
START 4332 7044 14448 -2815 -3307 1153 END
START -2560 -6588 14148 747 -6259 -1305 END
START -592 2448 12156 813 -7258 -953 END
START -732 -1808 13332 4852 -6388 -1985 END
START -1328 -208 14872 1909 -8501 -1142 END
START -932 208 13700 4105 -9259 -1864 END
START -512 -612 15572 4644 -9701 -1985 END
START 464 -92 16768 4570 -9970 -1666 END
START 968 300 17748 4349 -9803 -1219 END
START 788 -208 18480 3541 -9831 -423 END
START 8 124 18564 3169 -9786 324 END
START -348 244 18620 3253 -9852 629 END
START -1044 568 18888 3718 -9645 578 END
START -1036 140 19312 4083 -9627 305 END
START -748 524 19172 4411 -9817 173 END
START -232 -228 21272 4519 -10239 85 END
START 628 544 20736 4270 -11082 793 END
START 76 684 22536 5832 -10037 1315 END
START -472 1288 23680 4783 -9537 2025 END
START -1824 1848 25220 2991 -8912 2247 END
START -1372 2840 23920 2370 -9214 1797 END
START -1888 2368 25456 2909 -8437 1442 END
START -1368 2488 25344 3134 -7172 1342 END
START -932 2648 26012 2980 -6519 1461 END
START -492 2732 26468 2643 -5821 1694 END
START -8 2820 26376 2176 -4828 2277 END
START -644 2912 25668 1702 -3777 2806 END
START -920 3252 25200 1618 -2833 3036 END
START -1404 4008 25060 1637 -2126 3135 END
START -1696 4708 25064 1522 -1755 2658 END
START -1636 5208 25020 1368 -1243 1986 END
START -1512 5428 25092 1324 -764 1332 END
START -1252 5300 25532 1257 -55 750 END
START -940 5168 25248 1156 1091 434 END
START -812 5060 24812 1107 2277 226 END
START -652 4936 24428 1230 3232 100 END
START -464 4992 24224 1115 3915 79 END
START -456 5232 24040 876 4331 -56 END
START -448 5192 24064 635 4769 -314 END
START -532 5220 24024 544 5518 -700 END
START -528 4884 23884 368 6202 -1155 END
START -268 4548 23556 214 6692 -1494 END
START -208 4336 23232 -54 7152 -1776 END
START 32 3968 22452 -94 7589 -2006 END
START 416 3800 22380 218 7849 -2053 END
START 272 3584 22192 175 8416 -1783 END
START 292 3520 21892 222 9076 -1519 END
START 312 3864 21648 38 9661 -1081 END
START -100 4060 20840 -280 10523 -776 END
START -712 4508 20020 -32 11009 -997 END
START -788 4732 19416 -145 11207 -1459 END
START -1112 4368 19032 -1484 11420 -1678 END
START -1412 5104 18068 -444 11464 -2391 END
START -1452 4416 18108 -1599 10886 -2590 END
START -1592 4424 17224 -3748 10739 -2630 END
START -1420 4312 16936 -6360 11671 -2570 END
START -1852 3496 16372 -7494 12271 -2637 END
START -1696 2228 15068 -7526 13545 -2678 END
START -2056 2176 15608 -6550 13193 -2729 END
START -2280 2352 14744 -5690 13105 -2900 END
START -2952 2656 14560 -3728 11940 -3461 END
START -2644 2600 13908 -3028 11195 -3589 END
START -3184 2816 13920 -3230 10653 -3842 END
START -3120 2176 12032 -3132 10741 -4089 END
START -3132 2736 12724 -3663 8438 -4197 END
START -3484 2064 11308 -3295 8880 -4540 END
START -3524 3056 13620 -4613 8466 -4651 END
START -2244 2780 10928 -4139 3957 -4807 END
START -3432 2268 11672 -4133 2662 -5288 END
START -3888 2060 11712 -4252 2078 -5451 END
START -4044 1880 11992 -4538 2097 -5584 END
START -4180 1696 11484 -4673 2440 -5856 END
START -3600 1352 10468 -3572 2876 -6072 END
START -3860 988 9728 -2232 3314 -5867 END
START -3840 1044 10344 -1227 2946 -5737 END
START -3916 1164 10356 -1434 2423 -5744 END
START -4284 1084 10232 -2041 1192 -6098 END
START -3940 988 9656 -2155 -27 -6433 END
START -4036 612 9416 -1811 -499 -6700 END
START -3592 416 9668 -1164 -839 -7033 END
START -3556 264 9812 -564 -803 -7208 END
START -3688 -72 10096 -95 -977 -7442 END
START -3392 -532 9832 296 -1215 -7629 END
START -2852 -936 9768 696 -1516 -7481 END
START -2552 -1400 9956 782 -1972 -7202 END
START -2340 -1624 9980 824 -2793 -6868 END
START -2016 -1692 10324 1016 -3804 -6532 END
START -1772 -1976 11048 932 -4996 -6311 END
START -1320 -2132 11804 1259 -5800 -5847 END
START -1692 -2064 12960 1493 -5883 -5454 END
START -1716 -2524 13432 1952 -6063 -5575 END
START -756 -3316 12700 2768 -5092 -5255 END
START -180 -3556 12096 4818 -4019 -4469 END
START -116 -3332 12708 7149 -4037 -3647 END
START 172 -3068 14160 8563 -4552 -2880 END
START 116 -2452 14920 8428 -6446 -1855 END
START -472 -1580 15080 7948 -8457 -1253 END
START -1516 -1464 14296 7898 -11413 -868 END
START -2748 -676 15400 6797 -13392 -752 END
START -2956 300 15396 6380 -13459 -1277 END
START -3152 924 17064 6313 -13992 -1984 END
START -2484 748 16948 6997 -11935 -2782 END
START -1604 712 18460 7899 -9535 -2936 END
START -1180 448 20752 8465 -7851 -2606 END
START -1276 572 21752 6846 -8882 -1774 END
START -1936 1128 20600 5509 -9716 -1084 END
START -2988 1852 21668 4027 -10479 -665 END
START -4204 2060 22952 2698 -10461 -868 END
START -4492 1772 23332 2132 -9627 -1256 END
START -4932 1632 25352 2856 -9888 -2007 END
START -3832 1288 25660 1934 -9629 -2530 END
START -2672 340 25696 -230 -8585 -2226 END
START -1628 -620 24428 -25 -7054 -1151 END
START -1856 -720 24156 349 -5506 308 END
START -2000 16 24164 1180 -4471 1173 END
START -2416 360 23536 1597 -3537 1472 END
START -2452 708 23184 2088 -2679 1430 END
START -2884 1192 23840 2295 -2285 954 END
START -2276 1084 23092 89 -3000 713 END
START -1784 456 22684 -876 -2700 855 END
START -1368 152 22040 -640 -3046 1115 END
START -928 432 21628 39 -2334 1665 END
START -716 648 20996 294 -1699 2178 END
START -720 1276 20460 351 -611 2456 END
START -560 1592 19744 206 -166 2556 END
START -1268 2144 19364 258 193 2384 END
START -1348 2248 19432 -356 637 2040 END
START -1196 2728 19508 -428 603 1652 END
START -712 2844 20024 -425 787 1674 END
START -1120 2788 20132 -1294 559 1826 END
START -1016 2900 19764 -2098 791 1973 END