START -2800 -220 13436 135 -525 -2713 END
START -2784 -312 13300 232 -441 -2674 END
START -2624 -544 13168 405 -505 -2669 END
START -1968 -756 13368 603 -368 -2377 END
START -2416 -1228 13268 631 -270 -1694 END
START -3144 -1116 13776 877 -3119 -1163 END
START -3048 -896 13008 1206 -4597 -965 END
START -2816 -876 11436 2544 -6564 -1282 END
START -2608 -600 12496 5156 -8860 -1633 END
START -2284 -1252 12176 6088 -9911 -1607 END
START -1420 -576 12896 7802 -12717 -1866 END
START -2116 -3212 14136 10104 -14025 -1985 END
START -1344 1184 9548 12903 -14102 -2659 END
START 704 0 16360 -195 -3995 -700 END
START -1320 -5472 13756 -15 -4013 381 END
START -316 -124 12368 2590 -5280 201 END
START 32 -2640 14336 4150 -4617 407 END
START 464 -1728 15028 2215 -6304 1655 END
START 380 -352 13688 2248 -7641 2012 END
START -72 -1084 14364 1935 -7860 2105 END
START -1240 -320 13992 1549 -8805 1739 END
START -1260 -724 14200 3295 -9586 867 END
START -1024 -788 16068 4880 -10164 856 END
START -600 -660 18296 5882 -10793 1310 END
START 196 -152 19984 5307 -11621 2276 END
START 812 724 21352 4691 -11714 3119 END
START 788 828 20852 2781 -11541 4206 END
START -188 1820 20940 2014 -10583 4457 END
START -1156 1676 20004 3120 -9966 3596 END
START -1552 2108 20956 4980 -9337 2911 END
START -1540 2644 22620 6238 -9497 2320 END
START -1456 3000 24672 4522 -9068 2201 END
START -744 3292 25712 3156 -8638 2026 END
START -184 3740 26528 1716 -9369 2023 END
START 508 3912 26328 872 -8608 2033 END
START 212 3744 26420 770 -7095 1984 END
START -124 3700 26464 1070 -5391 2000 END
START -404 3956 26304 1527 -3776 1855 END
START -712 4288 26248 2096 -2625 1562 END
START -872 4888 26396 2429 -1670 1240 END
START -756 5504 27284 2104 -1253 699 END
START -964 6136 27964 921 -1266 99 END
START -820 5760 28032 -238 -1184 -656 END
START -308 5108 27880 -735 -265 -1203 END
START 140 4544 27704 -505 1127 -1316 END
START 448 4288 27884 -321 2858 -1274 END
START 712 4184 27756 -451 4735 -1183 END
START 700 4120 26600 -459 6402 -1117 END
START 716 4016 25484 -91 7577 -1299 END
START 812 3904 24880 216 8462 -1446 END
START 644 3700 24400 176 8870 -1724 END
START 692 3796 24060 -75 9157 -1905 END
START 648 3424 23136 -549 9481 -2069 END
START 776 3376 22812 -932 9545 -2191 END
START 628 3240 22044 -1420 9645 -2192 END
START 644 3228 21408 -1740 9760 -2284 END
START 796 2684 20472 -1316 10279 -2350 END
START 812 2404 20420 -642 11157 -2412 END
START 788 2352 19884 -717 12051 -2266 END
START 568 2216 18588 -466 12666 -2364 END
START 656 2264 17572 -326 12848 -2229 END
START 296 2228 17364 -556 12837 -1955 END
START -148 3096 16968 -2143 12479 -1611 END
START -432 2784 15120 -4376 12382 -1235 END
START -800 3888 16188 -4992 12143 -1530 END
START -1068 1492 17460 -6838 13287 -1137 END
START -1440 2376 14040 -5886 14667 -1662 END
START -2520 2648 13896 -6194 12858 -2205 END
START -2464 2320 12904 -4905 12622 -2884 END
START -2872 1732 12340 -2860 11588 -3243 END
START -2520 1832 12360 -2465 9954 -3101 END
START -3196 2152 12956 -2771 8838 -3000 END
START -3616 2060 11616 -2375 7737 -3082 END
START -3876 2456 11920 -2358 5887 -3451 END
START -3780 2332 11056 -2224 6887 -4017 END
START -5124 2240 11940 -3262 6669 -4723 END
START -4320 2748 12052 -3861 2002 -5483 END
START -3680 1832 11204 -3481 1908 -5946 END
START -3884 1404 11180 -2628 1928 -5693 END
START -4088 1632 11904 -1557 2000 -5475 END
START -4528 1272 12800 -969 2518 -5523 END
START -4416 1092 13408 -788 3090 -5457 END
START -4416 1160 13412 -970 3638 -5125 END
START -4360 1396 12912 -1296 3395 -4915 END
START -4592 1636 12700 -1778 2325 -5203 END
START -4608 1808 12412 -2210 1501 -5678 END
START -4768 1676 11840 -1838 1054 -6311 END
START -4492 1264 12136 -1545 604 -6907 END
START -4356 540 11484 -1493 619 -7224 END
START -3768 -232 10836 -852 277 -7412 END
START -3572 -512 10548 -257 34 -7109 END
START -3340 -884 10676 -169 -15 -6718 END
START -3076 -820 10896 -343 -482 -6476 END
START -2472 -780 10404 -517 -750 -6171 END
START -2164 -1088 9912 -120 -1415 -5956 END
START -2008 -1468 9248 623 -2038 -5812 END
START -1776 -1632 9168 1330 -2577 -5713 END
START -2148 -1984 9004 1707 -3641 -5862 END
START -1592 -2468 8880 2013 -5118 -6220 END
START -1304 -3336 8864 2741 -6282 -6103 END
START -720 -3540 9880 3798 -7284 -5086 END
START -288 -3268 11628 3789 -9343 -4017 END
START 340 -2144 12032 3605 -12343 -3107 END
START -180 -1536 9844 6123 -15330 -2831 END
START -372 -1904 11120 6666 -16525 -3102 END
START -996 -2824 11032 7807 -15796 -3828 END
START 460 -492 10716 9070 -13472 -3993 END
START 1076 -3800 12904 10647 -13772 -3584 END
START 564 -1824 15248 9539 -15714 -2352 END
START 1112 -796 16000 11278 -17758 -1866 END
START 900 1344 23212 12169 -18601 -1308 END
START 972 1532 22308 2050 -13942 219 END
START -88 1328 22316 3746 -13910 -1184 END
START 84 1180 23804 3845 -13309 -2773 END
START 748 -352 23752 5909 -11244 -3772 END
START 1424 -1192 26600 7223 -10728 -3219 END
START 2132 -1488 27368 5182 -10936 -1355 END
START 1172 -1648 27816 3309 -9351 917 END
START 200 36 27888 2824 -7682 2244 END
START -692 1264 27256 2512 -6502 2481 END
START -1648 2200 27340 1760 -6211 2118 END
START -1824 2552 26364 1225 -5802 1357 END
START -1544 2704 25756 754 -5195 1005 END
START -1140 2668 24752 587 -4464 743 END
START -1712 2404 23920 2213 -2891 645 END
START -516 2548 24480 -441 -1907 1644 END
START -1492 2580 24372 1384 -1402 789 END
START -1524 2568 23160 2048 -2571 699 END
START -1024 3496 22852 2134 -1360 813 END
START -1116 3396 23380 1939 363 671 END
START -968 3800 23928 1493 745 193 END
START -216 3812 24084 580 1444 -280 END
START 736 3528 23296 -762 1975 -327 END