START -5072 -1572 19752 584 -75 -413 END
START -5864 956 15220 -1668 -740 18 END
START -6780 -3208 20736 -1556 -165 -486 END
START -6316 -2272 19672 -618 -481 -963 END
START -4844 -2520 19740 -1265 -375 -1394 END
START -4156 -3024 19792 -1194 337 -1203 END
START -4460 -3236 20408 -1232 428 -858 END
START -3912 -3560 20220 -1572 1114 -513 END
START -3788 -3760 19848 -2118 1811 321 END
START -3608 -3624 19116 -2331 1968 1157 END
START -3792 -3344 18364 -2223 2501 1762 END
START -4468 -2888 18204 -2295 2789 2149 END
START -4788 -2620 18228 -2520 3173 2034 END
START -4704 -2736 17248 -2817 3775 2017 END
START -4632 -2908 16732 -2568 4242 2099 END
START -4416 -2936 15988 -2556 3803 2161 END
START -4440 -3104 16116 -3093 3667 2196 END
START -4400 -3560 15808 -3667 3933 2347 END
START -3588 -4216 14796 -3432 2439 2915 END
START -3136 -4608 14740 -3429 1343 3963 END
START -3244 -4312 14772 -3565 2218 4964 END
START -2724 -4608 14684 -3784 778 5805 END
START -2988 -3776 13496 -4337 1351 6026 END
START -2712 -4388 13616 -4326 978 6637 END
START -2348 -4176 13140 -3051 944 7204 END
START -2172 -3644 13292 -2165 762 7735 END
START -2388 -3032 13172 -1622 285 8217 END
START -2688 -2328 13116 -1331 0 8597 END
START -3088 -1832 13272 -1340 -274 8927 END
START -3764 -1156 12948 -1696 -757 9027 END
START -4072 -808 12780 -1850 -1266 8845 END
START -4008 -356 12724 -1409 -1385 8689 END
START -3632 260 13184 -998 -1030 8617 END
START -3768 432 13248 -845 -860 8319 END
START -3556 680 13148 -732 -874 7993 END
START -3296 592 12396 -326 -1030 7909 END
START -3744 676 12560 514 -1344 7889 END
START -3680 940 12968 916 -1611 7824 END
START -3940 1332 13204 1021 -1888 7746 END
START -4272 1964 14100 1240 -4486 7268 END
START -4376 1860 13704 2119 -6241 6809 END
START -3656 2732 13200 3112 -8257 6377 END
START -4016 2880 13232 6496 -10761 4989 END
START -4644 920 10372 12817 -12983 3834 END
START -2872 3388 13908 16166 -11737 2974 END
START -3080 4884 212 2845 -6471 4187 END
START -2872 7156 14364 -109 -4570 4400 END
START -4836 220 16028 456 -5878 3748 END
START -3964 7120 13600 -462 -6515 3151 END
START -4484 2608 12640 1206 -5936 2063 END
START -4372 4860 14716 298 -8218 1557 END
START -4088 4892 14020 1447 -7901 858 END
START -3620 4400 15156 2192 -7931 356 END
START -2900 5096 15276 2748 -7985 169 END
START -2888 5340 15748 3721 -7930 -157 END
START -3660 5520 16584 3452 -8114 -525 END
START -4140 5760 16528 3209 -8580 -1400 END
START -4372 6508 17176 3638 -8775 -3059 END
START -4608 5880 18016 2399 -9993 -4504 END
START -3580 5420 18540 2115 -10914 -5760 END
START -2488 4708 19092 2721 -10662 -6462 END
START -1040 4396 19888 3392 -9638 -6343 END
START -740 4596 20600 4096 -8654 -6025 END
START -1120 4580 21136 3797 -7842 -5785 END
START -2192 4912 21484 3811 -7243 -5994 END
START -3184 5164 21960 3630 -7014 -6634 END
START -2824 5892 22444 3930 -6836 -7930 END
START -2160 6212 23592 4225 -6311 -9096 END
START -1160 5964 24132 4503 -5398 -9762 END
START -1068 5596 25012 4442 -4426 -9822 END
START -1152 5008 25552 3274 -3782 -9777 END
START -1448 4836 25476 2026 -3461 -9816 END
START -1784 4616 25652 1321 -3352 -9901 END
START -1504 4908 26236 529 -3196 -10432 END
START -1152 5200 25984 813 -2084 -11501 END
START -708 2928 26480 944 -1922 -12059 END
START 348 2540 27028 -1431 -2066 -11514 END
START 632 1156 26948 -324 529 -11538 END
START 580 592 26716 -1722 973 -10689 END
START 1008 508 26952 -1040 1843 -10286 END
START 1508 -520 26872 -1713 3052 -9359 END
START 1492 -80 26188 -1719 4276 -8339 END
START 1440 -540 25960 -1696 5256 -7697 END
START 1176 -588 25368 -2300 6139 -7234 END
START 1096 -1132 24396 -2163 6845 -6944 END
START 1372 -1752 23788 -2579 7530 -6421 END
START 1616 -2168 22728 -3000 8381 -5765 END
START 1648 -2752 22304 -4249 9236 -4613 END
START 1524 -2732 21360 -5320 10079 -3599 END
START 1384 -3092 20732 -6119 11253 -2403 END
START 812 -3864 19152 -7248 11687 -1158 END
START 176 -4024 13700 -3148 11482 -732 END
START 1204 -200 27588 -3304 8912 -806 END
START -708 -4808 16880 -6934 11865 1031 END
START -748 -4468 16116 -3962 12025 1046 END
START -644 -3228 16680 -3071 10806 1354 END
START -1292 -2680 16372 -2445 10297 1508 END
START -1184 -2704 16048 -2205 10447 1713 END
START -1472 -2632 16280 -2526 10477 2323 END
START -1636 -2836 14644 -2627 10761 2923 END
START -1816 -2420 14060 -3020 10848 3572 END
START -2324 -2140 13260 -3303 9065 4065 END
START -2384 -1908 12604 -3616 7830 4315 END
START -2628 -1820 12004 -3535 6905 4585 END
START -2792 -1776 12076 -3637 5786 5036 END
START -2604 -1380 11348 -3610 5554 5590 END
START -2912 -876 11312 -4486 5841 6059 END
START -3412 372 11648 -5512 4321 6477 END
START -4096 1044 10964 -5171 1598 6320 END
START -4112 1712 10780 -5219 642 5842 END