START -5408 -648 17476 1789 215 117 END
START -5968 2080 12592 -466 -520 386 END
START -7188 -1568 17992 -324 505 -131 END
START -6280 -356 16208 1426 -521 -846 END
START -5508 72 16944 767 -1067 -1498 END
START -5644 -380 17092 435 -1118 -1804 END
START -5364 -844 17328 46 -1243 -1798 END
START -5096 -1164 17756 -205 -982 -1488 END
START -5196 -1552 18272 -510 -855 -941 END
START -5132 -1572 18912 -1171 -916 -425 END
START -5832 -1888 19496 -1912 -859 -224 END
START -6212 -2356 19244 -2239 -721 -438 END
START -5604 -2392 19432 -2170 -1227 -728 END
START -5104 -2668 19884 -2407 -1142 -805 END
START -4864 -3264 20084 -2353 -949 -890 END
START -4220 -3648 19904 -2113 -434 -720 END
START -4064 -4108 20132 -1880 167 -410 END
START -3560 -4480 20316 -1946 600 60 END
START -3256 -4660 19928 -2113 1135 603 END
START -3384 -4988 19584 -2459 2002 1353 END
START -3280 -5140 18800 -2798 2356 2077 END
START -3228 -5024 18248 -2881 2509 2609 END
START -3000 -4760 17428 -2872 2679 3261 END
START -3092 -4724 17040 -3127 2610 3824 END
START -3360 -4388 17332 -3508 3562 4094 END
START -3356 -4108 16640 -3661 1780 4275 END
START -3772 -4116 16700 -3619 2223 4351 END
START -3496 -4032 16392 -3412 2727 4543 END
START -3440 -4200 16100 -3529 3076 4954 END
START -3168 -4368 15056 -3493 3968 5536 END
START -2988 -3928 14620 -3425 4028 6370 END
START -3124 -4332 14492 -3426 3014 7157 END
START -3208 -2632 13844 -3803 4391 7233 END
START -3616 -2468 13920 -3730 1490 7436 END
START -3616 -2280 13956 -3501 1119 7661 END
START -3548 -1484 13640 -3341 822 8006 END
START -3924 -888 13632 -3156 563 7982 END
START -4056 -708 12768 -2673 491 7614 END
START -3744 -572 12732 -2056 538 7429 END
START -3760 -660 12600 -1827 720 7294 END
START -3456 -904 12168 -1745 645 7354 END
START -3212 -720 11780 -1450 521 7752 END
START -3264 -132 11508 -828 268 8009 END
START -3452 280 11700 -374 66 8032 END
START -3796 200 11872 -193 -404 7944 END
START -3904 448 12396 -103 -859 7805 END
START -3864 464 12928 -26 -651 7680 END
START -4164 352 12676 393 -545 7589 END
START -3828 508 12192 1180 -180 7684 END
START -3800 496 12224 2004 174 8028 END
START -3984 660 12240 2721 80 8250 END
START -4616 1404 14324 2983 -1553 8522 END
START -4636 1696 12832 4306 -4276 8528 END
START -4732 2416 13276 5544 -7659 8163 END
START -5276 3304 13076 9191 -9141 7211 END
START -5152 2392 13780 12260 -10396 6201 END
START -4804 3216 13580 18949 -8719 5220 END
START -6072 6520 2488 11432 -9068 5495 END
START -2080 9956 13504 -1072 -4029 6521 END
START -6508 -112 14380 2200 -4899 4486 END
START -3876 8136 12588 -166 -6229 4246 END
START -4488 3640 13820 3778 -6274 3181 END
START -4272 5800 15004 1958 -7555 3203 END
START -4924 5516 13404 3534 -8137 2123 END
START -4480 6212 15872 2678 -8964 1224 END
START -4532 6336 16408 1812 -9936 29 END
START -4208 6832 15676 1541 -10401 -1232 END
START -3996 5652 17048 2423 -10788 -2391 END
START -3864 6176 17968 2499 -10598 -2951 END
START -4020 5628 18956 2388 -10203 -3554 END
START -4096 5920 19204 1869 -10033 -4246 END
START -3844 6024 19596 1903 -9837 -5138 END
START -2932 6492 20344 1904 -9590 -6041 END
START -2240 6200 20904 2092 -9338 -6799 END
START -1864 6504 21200 1563 -8968 -7050 END
START -2472 6172 21568 1195 -8978 -7453 END
START -2948 6148 21612 431 -9036 -7873 END
START -3260 5552 21668 551 -8809 -8578 END
START -3144 5304 21748 1227 -7911 -9257 END
START -2244 5072 22052 2653 -6937 -9979 END
START -1284 4996 23148 3092 -6298 -10169 END
START -788 4980 23528 2790 -6021 -10186 END
START -1164 4756 24148 2308 -5856 -10468 END
START -1376 3988 24668 1614 -5499 -10860 END
START -1124 3668 25068 1391 -4628 -11051 END
START -860 2752 25360 1302 -3501 -11048 END
START -428 2092 25676 1004 -2641 -10814 END
START 240 2140 25520 922 -1672 -10471 END
START 320 1680 26152 1252 -654 -10253 END
START 308 1180 26288 606 200 -9920 END
START 568 1404 26764 251 698 -9836 END
START 616 596 26392 -781 1331 -9755 END
START 1068 48 25656 -1202 2007 -9654 END
START 1272 -1180 25028 -1111 2770 -9179 END
START 1620 -1484 24800 -2177 3805 -8250 END
START 1744 -2028 24668 -2747 4648 -7395 END
START 2168 -2616 24460 -4313 5562 -5910 END
START 2040 -2648 23716 -5111 6716 -4739 END
START 1432 -3200 23496 -6230 7783 -3529 END
START 1200 -3216 22228 -6365 8693 -2492 END
START 880 -3172 20936 -5380 10002 -1543 END
START 5412 2548 31884 -3554 10657 -1115 END
START -1364 -6900 17804 -5629 11923 -863 END
START -416 -2900 19832 -3727 10638 -365 END
START -348 -2912 18864 -3030 9622 115 END
START -712 -2856 18228 -3091 9525 481 END
START -1056 -2572 18028 -3462 9842 854 END
START -1168 -2364 17248 -3690 10546 1362 END
START -1332 -2228 16116 -3283 11350 1814 END
START -2312 -1748 16068 -3287 11327 2089 END
START -2408 -1564 14796 -3475 10714 2046 END
START -2776 -1332 14852 -3808 11180 2125 END
START -2764 -1132 14244 -3952 10000 2234 END
START -2812 -1432 12892 -3537 9065 2728 END
START -2672 -1264 12160 -3300 7549 3410 END
START -2780 -932 11836 -3564 6453 4017 END
START -2792 -496 11020 -3770 5547 4354 END
START -3000 -128 10784 -4042 4133 4578 END
START -3028 80 10712 -4243 3394 4693 END
START -3164 376 10792 -4420 3448 4874 END
START -3764 988 11044 -4213 2683 5020 END
START -4104 1712 11756 -3983 1799 4991 END
START -4488 2620 11872 -4153 1278 4339 END