START -5416 -1048 18740 948 222 -192 END
START -6060 388 14496 -1049 -370 157 END
START -7864 -3084 18552 -47 263 -355 END
START -6888 -1320 18940 773 -118 -1138 END
START -6024 -1884 19804 20 137 -1585 END
START -5812 -2272 20004 -678 810 -1484 END
START -5448 -2876 19916 -1206 1022 -1173 END
START -5288 -3132 19900 -1626 1133 -755 END
START -5352 -3520 19592 -1851 1101 -465 END
START -4764 -3640 19856 -2188 1043 -115 END
START -4440 -3868 19692 -2998 1373 501 END
START -4004 -3916 19036 -3474 1446 1087 END
START -4104 -3644 18424 -3675 1607 1594 END
START -4120 -3760 17836 -3772 1634 1804 END
START -4000 -3780 17596 -4007 1877 2189 END
START -4156 -3964 17868 -3825 2169 2661 END
START -3716 -4256 16380 -4017 2982 3246 END
START -3208 -4884 16344 -3265 2430 3819 END
START -4360 -4416 15884 -3828 4396 3138 END
START -4624 -4108 16148 -3714 2968 3536 END
START -4152 -4204 15580 -3713 2369 3906 END
START -3900 -4248 14796 -4194 2140 4412 END
START -3932 -4492 14404 -4518 1566 4869 END
START -3888 -4264 13748 -4479 640 5244 END
START -3424 -4112 12744 -3943 1241 5539 END
START -4020 -4012 14384 -3904 -535 5711 END
START -3668 -4004 14100 -3653 -755 5818 END
START -3472 -3916 14344 -3162 -684 5999 END
START -3456 -3856 14456 -2913 -221 6244 END
START -3208 -3860 14484 -2559 -198 6335 END
START -3032 -3840 14620 -2321 59 6617 END
START -2836 -3928 14460 -2536 -118 7266 END
START -2580 -3856 14104 -2557 -234 8030 END
START -3096 -3516 13712 -2432 10 8937 END
START -3592 -2844 13416 -2204 -393 9236 END
START -3664 -2208 13108 -1772 -656 9062 END
START -3908 -1736 13648 -1228 -960 8983 END
START -4052 -1292 14248 -1224 -1220 8817 END
START -4080 -1320 14300 -1325 -1209 8680 END
START -3844 -1328 14396 -1078 -1156 9039 END
START -4168 -848 14580 -954 -714 9563 END
START -4636 -332 14136 -577 -372 9762 END
START -4900 192 14048 117 -217 9754 END
START -4976 492 13972 801 -308 9625 END
START -5032 1044 14264 1021 -768 9535 END
START -5076 1612 14028 1270 -1404 9360 END
START -5336 2388 14400 1385 -1823 9212 END
START -6980 1232 13972 1456 -6277 8604 END
START -6296 3220 15288 1405 -6888 8580 END
START -6000 3832 15980 951 -10405 8179 END
START -6040 4056 14600 2768 -11854 7709 END
START -6396 4364 14548 6041 -11983 6331 END
START -6120 4736 14592 9125 -11975 4650 END
START -8032 2584 12460 15888 -11212 2598 END
START -6612 2960 15288 5428 -9883 4007 END
START -3244 8808 8508 2566 -2190 2828 END
START -6416 2980 15488 3191 -2537 1590 END
START -4760 4660 15540 3433 -3801 1088 END
START -4280 2652 14752 1851 -4718 1393 END
START -4156 3560 14460 2857 -5282 1326 END
START -4660 2836 15536 1408 -6382 1652 END
START -4592 4136 16024 691 -7283 1370 END
START -4484 3704 15632 1284 -6951 838 END
START -4724 3792 16248 2544 -7111 -108 END
START -4292 3596 16828 2552 -7138 -1099 END
START -3688 3452 16832 3170 -6953 -1836 END
START -3028 3188 17472 3422 -6768 -1903 END
START -2852 3440 18188 3663 -6571 -1761 END
START -3284 4284 19032 3396 -6653 -1644 END
START -3144 4764 19296 2682 -6760 -1944 END
START -3332 5272 19080 2266 -6641 -2661 END
START -3468 5616 18676 2301 -6831 -3716 END
START -3616 5392 18340 2944 -6800 -5008 END
START -3476 4764 18900 3046 -6861 -5914 END
START -3076 4268 19156 3284 -7127 -6570 END
START -2248 4456 19772 3345 -7162 -6826 END
START -1772 4544 21052 3856 -6648 -7072 END
START -1788 4828 21560 3812 -5514 -6941 END
START -2080 5224 22084 3463 -4845 -7243 END
START -1892 5324 21892 2946 -4681 -7860 END
START -2272 4684 21748 2901 -4688 -8556 END
START -1904 4560 22568 2737 -4457 -9144 END
START -1688 4136 23140 2880 -4238 -9738 END
START -1032 3944 23628 3020 -3275 -10004 END
START -708 3256 24044 3461 -2039 -9945 END
START -160 3448 24192 3130 -1366 -9708 END
START -200 3356 24580 2662 -1016 -9758 END
START -96 2912 24520 1567 -840 -9900 END
START 28 2288 24416 1099 -572 -9849 END
START 308 1672 24888 850 184 -9669 END
START 648 948 24104 884 1284 -9345 END
START 900 784 23876 2091 2650 -8929 END
START 976 -220 24292 2651 3794 -8202 END
START 620 392 24424 2220 4354 -7487 END
START 240 196 24428 1447 4522 -7128 END
START 196 132 23384 407 4683 -6854 END
START 496 -228 23048 400 4775 -6697 END
START 628 -332 22900 -402 5286 -6234 END
START 2288 -1564 23760 -729 6888 -5344 END
START 736 -1212 22944 -3371 7760 -4173 END
START 380 -1244 21872 -983 8030 -4124 END
START 488 -1940 21636 -3788 8743 -2716 END
START 116 -976 20452 -3701 8984 -2126 END
START -412 -1572 20192 -4958 9289 -1263 END
START -1264 -1472 19792 -3582 8650 -1190 END
START -3260 1696 17600 -2445 7606 -1532 END
START -1636 -5044 15480 -4696 11618 -669 END
START 684 4392 21424 -4765 11201 345 END
START -2180 -2996 17384 -5889 11764 664 END
START -2068 -1360 15640 -3626 9841 830 END
START -2604 -656 15360 -3134 8279 1105 END
START -3036 -156 15280 -3300 7231 1034 END
START -2916 -308 14704 -3395 6904 854 END
START -2928 -68 14180 -3983 6525 941 END
START -2960 -256 14044 -4128 6304 1122 END
START -2820 -352 13604 -4165 5982 1497 END
START -3240 -436 13196 -4322 6318 1955 END
START -3616 220 14368 -4914 8178 2482 END
START -3580 -124 12800 -4139 5742 2752 END
START -3648 32 12056 -3516 4501 2988 END
START -3932 604 11792 -3475 3934 3144 END
START -4444 1176 12096 -3539 2658 2995 END
START -4644 1564 12220 -4154 1686 2615 END
START -4712 1584 12480 -5008 904 2212 END
START -5080 1416 12100 -5404 802 1951 END
START -5468 1340 11868 -5372 164 1635 END