START -3976 -1388 18432 2017 1264 -187 END
START -3788 1900 13128 353 585 456 END
START -4044 -1224 17984 372 392 -53 END
START -5124 -1048 19576 1731 62 -626 END
START -4592 -744 19836 938 -284 -980 END
START -4536 -972 19988 409 -495 -1356 END
START -4824 -1628 20184 -397 -51 -1473 END
START -4204 -1896 20392 -573 603 -1434 END
START -3772 -2076 20192 -1267 1073 -1047 END
START -3956 -2220 19740 -1854 1453 -783 END
START -4052 -2368 19476 -2249 1680 -749 END
START -3936 -2480 18888 -2388 1864 -702 END
START -3440 -2896 18040 -1586 3624 -521 END
START -3672 -3288 18952 -2087 2652 -344 END
START -3648 -3620 18712 -2341 3163 -278 END
START -2916 -4452 17760 -1955 3830 10 END
START -3024 -4504 17584 -1995 4823 497 END
START -2896 -4760 17448 -1952 5498 1250 END
START -3616 -4720 17500 -1759 4406 1826 END
START -3012 -4752 16832 -1820 3354 2148 END
START -2524 -4632 16532 -2236 3065 2789 END
START -2612 -4908 16428 -2636 3133 3586 END
START -2484 -4600 15816 -2803 4529 4109 END
START -2552 -4208 15612 -2905 4162 4765 END
START -3084 -4240 15304 -3091 3814 5301 END
START -3160 -4124 13900 -2587 4453 5412 END
START -3140 -3828 14080 -1722 2572 5407 END
START -3316 -3676 14160 -1614 2809 5835 END
START -3296 -3544 13596 -1434 1990 5960 END
START -2948 -3324 13580 -1434 1375 6293 END
START -3060 -3028 13308 -1456 1380 6689 END
START -3032 -2864 13344 -1608 695 7075 END
START -2780 -2488 12884 -1356 274 7543 END
START -3224 -2188 12724 -783 194 7987 END
START -3384 -1728 12752 -345 -102 8252 END
START -3816 -1268 13280 -260 -748 8170 END
START -4000 -1092 13088 -186 -898 7722 END
START -3744 -1456 13188 384 -542 7588 END
START -3260 -1456 13428 911 -119 7839 END
START -3424 -1256 13904 727 15 8216 END
START -3620 -1164 14116 261 -430 8269 END
START -3152 -1156 13472 117 -506 8496 END
START -3032 -812 12188 1237 -139 9183 END
START -3280 8 12640 2499 -698 9672 END
START -3540 720 13384 2838 -1681 9726 END
START -4148 1196 14184 2905 -4593 9271 END
START -4192 1852 14488 2895 -7288 8702 END
START -4660 2136 14104 3659 -9657 7959 END
START -4864 2812 14244 6044 -11854 6545 END
START -5624 216 14336 13370 -11044 4185 END
START -4420 3780 11932 11550 -11928 4350 END
START -2240 5008 11032 -1913 -5307 5207 END
START -4096 4004 15736 2918 -5104 4477 END
START -2644 3036 15596 -535 -5282 5019 END
START -3244 4668 13796 1470 -5730 4220 END
START -3604 3044 15664 -372 -6553 4272 END
START -3836 5512 14580 -1052 -7289 3867 END
START -5224 4024 13288 -237 -7317 2675 END
START -4276 6512 19124 2343 -7664 809 END
START -4612 3952 14928 1600 -7655 270 END
START -3284 5520 15852 3986 -7837 -818 END
START -2048 3552 17256 3043 -8105 -578 END
START -1212 5512 16528 2448 -8901 -192 END
START -1944 4876 17560 1497 -8851 -28 END
START -2804 5720 17428 901 -9231 -240 END
START -3476 6020 17500 1802 -9225 -1260 END
START -3344 6288 18224 2828 -8814 -2589 END
START -2936 6140 19600 3405 -8644 -3952 END
START -1624 6936 19588 2884 -8609 -4841 END
START -1092 6624 19868 2563 -8935 -5459 END
START -1488 6224 19436 2406 -9049 -5856 END
START -1984 6052 19840 3375 -8132 -6091 END
START -2584 6296 21344 3416 -7486 -6454 END
START -2564 6860 21728 3014 -6959 -7651 END
START -2120 6732 22100 2641 -6758 -8708 END
START -1596 7028 22108 2587 -6835 -9704 END
START -564 6600 23100 2850 -6742 -10527 END
START -488 5856 23416 2347 -6000 -10494 END
START -1276 5112 23740 1655 -5519 -10244 END
START -1520 5480 22996 2065 -4638 -10621 END
START -1600 5420 24644 3282 -3881 -11301 END
START -1568 5708 25280 2187 -3113 -12068 END
START -576 5644 26328 2165 -2761 -13126 END
START 296 3916 26780 1204 -1757 -13446 END
START 1112 3392 27248 1301 -537 -13186 END
START 844 1812 26756 251 766 -12319 END
START 932 2316 26416 407 1783 -12062 END
START 1112 1492 26164 618 2729 -12006 END
START 1500 892 26012 -139 3165 -11713 END
START 1900 540 25668 -470 3254 -11271 END
START 2340 -492 25472 -1077 3615 -10626 END
START 2420 -1320 25472 -1566 4340 -9816 END
START 2564 -2408 24948 -2341 5326 -8620 END
START 2848 -2236 24212 -2390 6431 -7343 END
START 2452 -2984 24044 -2413 6948 -6283 END
START 2300 -2924 23620 -3345 7588 -5305 END
START 2024 -2796 23276 -3608 7971 -4717 END
START 2440 -3456 22896 -4559 9013 -3707 END
START 2060 -3548 21956 -4689 10038 -2551 END
START 1744 -3576 22124 -4623 11077 -1449 END
START 1384 -3892 20928 -5298 12075 -234 END
START 1596 -720 17212 -3163 9785 118 END
START -112 -5972 19464 -4361 13808 1587 END
START -768 -3324 16804 -4198 12780 2120 END
START -1208 -2108 16928 -4332 11295 2434 END
START -1284 -1864 16096 -4061 11005 2357 END
START -1308 -1836 15340 -3771 11211 2487 END
START -1148 -1688 15144 -4035 10490 2936 END
START -1320 -1784 13856 -3798 10130 3408 END
START -1552 -1864 13188 -3470 9237 3948 END
START -1536 -1256 12524 -3763 9148 4586 END
START -2060 -1248 11648 -4016 9006 4971 END
START -1760 -984 10552 -4227 8932 5440 END
START -2424 -280 10080 -4619 8683 6070 END
START -3016 656 9840 -3859 6087 6185 END
START -2932 1552 9664 -3642 4239 6162 END
START -3960 1896 9684 -3779 1760 5874 END
START -4204 2348 9780 -4119 744 5413 END
START -4320 2512 10076 -4213 467 4960 END
START -4772 2680 10244 -3870 245 4529 END
START -4612 2988 10448 -3201 412 4097 END
START -4680 3380 10500 -2400 562 3845 END
START -4968 3728 10912 -1789 168 3486 END