START -5248 -1172 20020 781 -31 -383 END
START -6092 1760 18452 -1635 -649 34 END
START -6432 -1932 20736 -1199 -121 -717 END
START -5928 -1400 19196 -306 206 -947 END
START -4904 -1264 19136 -198 11 -1038 END
START -4764 -1500 19428 -306 621 -1078 END
START -4728 -1940 20032 -588 908 -1030 END
START -4536 -2348 20284 -1239 1570 -746 END
START -4564 -2580 20284 -1929 2182 -659 END
START -4620 -3028 19688 -2912 2671 -710 END
START -4316 -3316 19328 -2834 2546 -713 END
START -3804 -3740 19180 -3133 2298 -451 END
START -3520 -4364 18892 -3178 2282 24 END
START -2772 -4600 18376 -3172 3170 722 END
START -2436 -4964 17804 -2875 3736 1520 END
START -2120 -5008 17976 -2871 4426 2395 END
START -1848 -4812 17140 -3138 5119 3306 END
START -2500 -5020 16800 -3759 4938 3843 END
START -2776 -4732 17204 -4269 5259 4526 END
START -3408 -5132 15984 -4614 3896 4874 END
START -2520 -6056 15980 -4591 3737 4898 END
START -3668 -4496 14580 -4138 4571 5275 END
START -3728 -4380 13980 -2923 3779 5533 END
START -3916 -4236 13948 -2319 3807 5940 END
START -4272 -4116 14248 -2267 3515 6259 END
START -4128 -3952 14168 -2989 2643 6692 END
START -4156 -3892 14168 -3647 2108 7131 END
START -3832 -3548 13668 -3949 1360 7527 END
START -3860 -3408 13376 -3822 1018 7940 END
START -3928 -3048 13596 -3358 160 8385 END
START -4272 -2816 14008 -3116 -21 8608 END
START -4052 -2648 14232 -3237 -211 8668 END
START -3960 -2576 14048 -3244 -9 8917 END
START -3820 -2128 13756 -2959 238 9363 END
START -4236 -1636 13644 -2491 420 9545 END
START -4524 -1080 13764 -2302 131 9474 END
START -4680 -876 13512 -1951 -81 9383 END
START -4632 -808 13748 -1891 -361 9433 END
START -4640 -564 13452 -2197 -523 9601 END
START -4604 -268 13456 -2283 -892 9627 END
START -4712 -292 12692 -2075 -1211 9577 END
START -4484 84 12948 -1347 -1621 9676 END
START -4356 376 13400 -916 -1834 9820 END
START -4356 896 13580 -793 -1793 9907 END
START -5092 1164 13572 -731 -1912 9543 END
START -5192 1580 13432 -534 -2066 8751 END
START -5080 1768 13360 -181 -2172 8205 END
START -5924 1752 14204 1017 -6684 7460 END
START -5168 2212 13736 2305 -8947 6965 END
START -4644 2560 14056 4590 -10270 6595 END
START -4772 2408 14560 8538 -11542 5440 END
START -4764 1548 12288 12173 -11899 5309 END
START -4832 3276 16052 14916 -10793 4285 END
START 1016 8660 19608 7168 -7485 5334 END
START -5096 5228 14412 -1433 -3288 3958 END
START -4132 356 15608 -1700 -4953 3438 END
START -3468 5764 12980 -494 -5393 2909 END
START -5312 2548 14552 656 -4965 2468 END
START -5044 3764 13928 40 -6297 1924 END
START -5312 4616 14904 -284 -7550 1293 END
START -5536 4172 15184 -1156 -8105 336 END
START -5012 5100 14864 -558 -8620 -931 END
START -4252 4224 14384 -186 -9030 -1651 END
START -3432 5096 14860 1951 -9278 -2041 END
START -3216 4692 16180 2201 -9639 -1917 END
START -4392 5776 16768 2003 -9898 -2178 END
START -4728 5940 17428 1210 -10533 -3272 END
START -5224 6528 17712 676 -10860 -4862 END
START -4880 5460 18508 197 -11603 -6648 END
START -3764 4880 18776 554 -11397 -8005 END
START -2356 3960 19360 3073 -10402 -8646 END
START -1456 3640 20696 4118 -9146 -8129 END
START -1456 4648 21464 4485 -7916 -7425 END
START -2756 4892 21712 4227 -7489 -7286 END
START -3628 5996 22240 3650 -7726 -8082 END
START -3756 5916 22824 3181 -8349 -9825 END
START -3020 5460 23424 3169 -8510 -11430 END
START -1696 4488 24672 4736 -7899 -12467 END
START -248 2648 26676 5395 -5938 -12293 END
START -412 2420 27640 5664 -3568 -11068 END
START -516 2452 27824 4749 -2166 -10114 END
START -980 3612 27448 4048 -1055 -10139 END
START -1320 3624 27380 3577 -373 -10819 END
START -624 3404 27400 2888 107 -11903 END
START 724 2268 27120 2982 615 -12349 END
START 1564 884 27572 2063 868 -11685 END
START 1772 484 26944 1832 1884 -10629 END
START 1704 -672 26656 2130 3404 -9377 END
START 1432 -204 26320 1991 5037 -8222 END
START 1080 492 26032 1967 5986 -7852 END
START 652 140 25520 1150 6510 -7862 END
START 1040 260 24708 502 6781 -7845 END
START 1204 -408 23968 278 6908 -7644 END
START 1420 -908 23848 -283 7085 -7002 END
START 1196 -740 23752 -701 7766 -6515 END
START 1204 -1436 23116 -1953 9153 -5932 END
START 1088 -1732 22480 -3403 10539 -4982 END
START 140 -2488 21036 -5549 11396 -3963 END
START 632 -1560 19616 -6585 11861 -2855 END
START -2988 -4664 13908 -1020 9474 -4257 END
START 888 -1436 21964 -3204 8791 -2487 END
START -812 -3296 18596 -7932 10680 -1201 END
START -516 -2856 18088 -2352 10484 -2198 END
START -500 -2392 18092 -5977 11255 -424 END
START -596 -3260 15620 -3905 12159 -50 END
START -1448 -2952 16188 -4086 10164 477 END
START -1268 -2552 15240 -3615 9111 913 END
START -1476 -2496 14140 -3508 9034 1348 END
START -1720 -2344 13428 -3489 8980 1741 END
START -2320 -2640 13016 -3569 8220 2174 END
START -2064 -2476 12520 -3657 7838 2630 END
START -2468 -2068 12128 -3987 7028 3173 END
START -2728 -1528 12756 -4888 5164 3495 END
START -2996 -1100 12268 -5215 3828 3682 END
START -3416 -980 11756 -5194 3836 3770 END
START -3600 -336 12296 -5245 3488 3765 END
START -3860 120 11828 -5178 2890 3588 END
START -4076 640 11972 -5250 2216 3414 END
START -4580 1188 11804 -5415 1425 3088 END