START -5184 -804 18220 677 312 261 END
START -6316 828 15028 -972 -554 485 END
START -5992 228 18300 -748 809 -78 END
START -5524 -968 16804 924 -45 -207 END
START -5796 -972 18364 871 -274 -391 END
START -5684 -1020 18296 368 -672 -261 END
START -6020 -1092 18708 477 -432 -468 END
START -5852 -1164 19332 330 -439 -384 END
START -5712 -996 19472 126 -164 -175 END
START -5788 -960 19640 -103 236 -107 END
START -5968 -1308 19848 -410 476 -190 END
START -5664 -1480 19852 -733 711 -357 END
START -5500 -2084 19664 -1041 1152 -454 END
START -5012 -2536 19348 -1234 1126 -437 END
START -4676 -3032 19428 -1752 1038 -217 END
START -4548 -3148 19176 -2391 967 22 END
START -3932 -3388 19084 -2991 824 336 END
START -3640 -3776 18760 -3428 1136 848 END
START -3384 -3968 18568 -3554 1402 1286 END
START -3256 -4028 18028 -3547 2042 1875 END
START -3292 -3892 17680 -3327 2088 2206 END
START -3132 -3884 17312 -3387 2369 2569 END
START -3160 -3772 17124 -3406 2375 3154 END
START -3456 -3744 16900 -3454 2474 3580 END
START -3468 -3624 16588 -3575 2357 3978 END
START -3420 -3312 16308 -3896 2198 4332 END
START -3220 -3344 15940 -4078 1921 4730 END
START -3384 -1248 18524 -5487 5611 5125 END
START -3148 -2856 14324 -3719 2454 5326 END
START -3828 -2804 14860 -3640 2978 5480 END
START -3600 -2740 14568 -3175 2220 5606 END
START -4060 -2680 14896 -3136 758 5753 END
START -2976 -2712 13724 -3127 2277 6148 END
START -3424 -2664 14176 -3380 1182 6328 END
START -2656 -3024 13636 -3039 438 6965 END
START -1772 -4644 13408 -2420 -476 7814 END
START -3452 -2280 13496 -3460 1419 7343 END
START -2876 -1968 13156 -2596 -38 7892 END
START -3180 -1848 13188 -1654 -604 8048 END
START -3244 -1416 13220 -1057 -682 8018 END
START -3320 -1260 13388 -977 -1056 8027 END
START -3240 -948 13412 -974 -1787 8178 END
START -3172 -480 14056 -961 -2130 8331 END
START -3268 -208 14132 -1051 -2109 8458 END
START -3200 448 14016 -708 -1661 8622 END
START -3284 1040 13904 -204 -1688 8542 END
START -3280 1268 13768 228 -1574 8307 END
START -3444 1496 13428 589 -1528 8045 END
START -3452 1496 13480 820 -1721 7625 END
START -3444 1704 12928 1087 -2129 7261 END
START -3496 1652 13332 1272 -2685 7009 END
START -3836 2112 14356 1265 -3656 6881 END
START -3320 2252 13676 1765 -7550 6435 END
START -3664 2768 15036 2186 -10037 6110 END
START -3240 3100 13992 4070 -12180 5499 END
START -3344 2412 13616 9032 -12659 4082 END
START -2680 2888 14200 12518 -13793 3464 END
START -2224 4032 22036 9448 -7358 5346 END
START -4360 3432 19364 3371 -3025 3602 END
START -5324 2316 16980 4175 -3639 2862 END
START -3108 3720 16776 913 -5145 2549 END
START -2976 4392 14480 2427 -6023 2149 END
START -2976 3520 16748 1840 -6131 2308 END
START -3160 4016 16852 468 -7482 2342 END
START -3680 4292 14816 1517 -7364 1941 END
START -3284 4036 16420 2096 -7677 1624 END
START -3648 4644 16176 2846 -7632 1277 END
START -3908 4696 17100 3296 -7883 853 END
START -3984 5556 17452 3019 -8018 259 END
START -4032 6160 17676 2805 -8053 -687 END
START -4680 6560 17364 2664 -7986 -1994 END
START -4464 6568 18356 3290 -8381 -3683 END
START -3764 5952 19076 2977 -8194 -4490 END
START -3204 5740 19032 3927 -7647 -4929 END
START -2756 5772 20124 4298 -7161 -5083 END
START -2628 6180 21000 4461 -6598 -5283 END
START -3128 6452 21368 3296 -6479 -5383 END
START -3856 7300 21628 2630 -6843 -6413 END
START -3516 7080 21972 2041 -6914 -7999 END
START -3112 6604 21932 1807 -6653 -9232 END
START -1780 6240 21884 2141 -6416 -10035 END
START -1160 5964 22792 2750 -5996 -10162 END
START -280 6056 23600 1717 -5311 -9838 END
START -896 5804 23652 1860 -4510 -9946 END
START -872 5024 23664 1193 -3949 -10212 END
START -812 4976 23920 1322 -3220 -10585 END
START -260 3588 24532 1326 -2765 -10986 END
START 204 4504 24692 1680 -1418 -11204 END
START 664 2960 25428 1871 -574 -11451 END
START 1132 3136 25300 1002 -107 -11215 END
START 976 2408 24904 866 280 -10902 END
START 1048 1716 25184 404 544 -10551 END
START 1292 1716 25456 533 1169 -10345 END
START 1360 744 25916 463 2188 -9974 END
START 1668 376 25480 80 3182 -9541 END
START 1856 140 25596 -90 3882 -8965 END
START 1664 -352 25064 -462 4791 -8336 END
START 1920 -668 24832 -421 5589 -7722 END
START 1908 -1008 24492 -979 6771 -6791 END
START 1696 -1080 24208 -1639 8050 -5905 END
START 1328 -1380 23624 -3167 9505 -4955 END
START 944 -1548 22944 -4970 10755 -4116 END
START 1084 -1096 21628 -6484 12664 -3419 END
START 2852 -116 21448 -4670 9967 -4135 END
START -628 -5196 14340 -9680 11534 -1458 END
START 428 -4120 17520 -6977 12804 -1224 END
START 232 -3616 19000 -5443 12145 -822 END
START 104 -3280 19524 -4000 10859 -71 END
START -108 -3732 18168 -3149 9782 765 END
START -48 -3324 17560 -3275 10088 1849 END
START -368 -3120 16244 -3078 10658 2775 END
START -864 -2724 15088 -3052 11043 3542 END
START -1104 -2312 14476 -3351 10687 4149 END
START -1580 -2152 13768 -4016 9506 4644 END
START -1916 -1316 13240 -5331 8274 5009 END
START -2396 -1016 13272 -6739 6731 5198 END
START -2768 -924 12712 -7192 4799 5192 END
START -2912 -56 13328 -7528 4427 5219 END
START -2708 -460 11388 -6942 3492 5266 END
START -3104 -176 11492 -5735 3693 5467 END
START -3388 568 11760 -5371 3193 5528 END
START -3780 1232 11196 -5685 2628 5329 END
START -3952 1584 10940 -5668 2249 4970 END
START -4212 1908 11328 -5519 1557 4711 END
START -4568 1816 10796 -4885 1670 4306 END
START -4716 2188 11172 -4407 1291 3733 END