START -4996 -484 18956 538 960 -135 END
START -6092 984 16168 -1299 298 83 END
START -6336 -2588 18248 -1064 1486 -589 END
START -5712 -1072 18160 98 835 -838 END
START -4624 -1084 18080 -130 1292 -711 END
START -4608 -1420 17848 -128 1414 -399 END
START -4992 -1768 18292 17 1139 -78 END
START -4696 -1712 18288 -463 1173 390 END
START -4980 -1636 18076 -753 955 655 END
START -4788 -1208 18176 -1033 587 697 END
START -5028 -1104 18100 -1412 412 681 END
START -5356 -1100 18548 -1780 308 516 END
START -5584 -1412 18896 -2119 436 328 END
START -5516 -1720 19104 -2582 529 72 END
START -5180 -2264 18900 -2960 879 -73 END
START -4832 -3072 18252 -2821 1089 133 END
START -4484 -3520 18120 -2338 1342 520 END
START -4180 -3780 18396 -2049 1723 864 END
START -4284 -4156 19640 -2934 3165 1383 END
START -3484 -4980 18248 -3304 2935 2281 END
START -4176 -4172 18456 -4285 2166 2310 END
START -3388 -4808 17384 -4314 2631 2968 END
START -3300 -4632 17020 -4970 2446 3281 END
START -3576 -4616 16816 -5113 2167 3805 END
START -3256 -4616 15376 -5011 2622 4235 END
START -2892 -4724 15560 -4610 2627 5087 END
START -3916 -5372 14676 -4182 1312 5250 END
START -3372 -4428 14608 -4745 1966 6008 END
START -3504 -4304 14176 -4560 430 6239 END
START -3448 -4120 14092 -4806 -222 6676 END
START -3540 -3852 13840 -4998 -606 6925 END
START -3404 -3528 13672 -4954 -592 6943 END
START -3496 -3432 13888 -4649 -1215 6968 END
START -3204 -3340 13544 -3825 -1103 7071 END
START -2976 -3532 13564 -3053 -575 7449 END
START -3172 -3476 14024 -2973 -984 8016 END
START -3556 -3232 13652 -2911 -1575 8597 END
START -3488 -2640 13760 -2711 -2073 9041 END
START -3664 -2132 13720 -2571 -2322 9316 END
START -3696 -1492 13620 -2386 -2233 9630 END
START -4140 -736 13344 -2266 -2143 9805 END
START -4608 -188 13312 -1784 -2337 9459 END
START -4636 20 13664 -1222 -2101 8891 END
START -4608 48 13612 -902 -1834 8397 END
START -4516 -8 13452 -651 -1491 8138 END
START -4504 80 13532 -221 -1555 7969 END
START -4248 408 13524 -13 -1748 7884 END
START -4344 464 13272 302 -2040 7899 END
START -4320 752 13308 912 -2586 7963 END
START -4548 1300 13876 1218 -2989 7972 END
START -5020 1772 14008 1406 -3292 7405 END
START -5396 2612 16196 896 -5163 6716 END
START -4492 2164 14072 1944 -7407 5985 END
START -4980 2212 15532 2088 -9890 5410 END
START -4664 2364 15888 2489 -11673 5047 END
START -4116 2228 15224 4944 -12934 4358 END
START -4072 2256 14392 9221 -10795 3510 END
START -4044 3004 15012 11880 -11616 2761 END
START -5516 1292 12712 18840 -11983 1525 END
START -5312 4332 6636 8949 -17062 2427 END
START -2880 9048 16356 1677 -4528 2189 END
START -4640 1096 16424 3007 -5372 954 END
START -2824 3084 16900 2320 -6651 912 END
START -2904 3788 14984 2526 -7212 923 END
START -2792 4144 17136 3688 -7432 670 END
START -3040 4500 18284 3207 -7303 410 END
START -3084 4512 19072 3025 -6854 -151 END
START -3300 4944 19056 2013 -6412 -672 END
START -3416 4604 18580 1634 -6323 -1422 END
START -3476 4668 17880 2204 -6166 -2208 END
START -3308 4644 18080 3498 -6040 -2828 END
START -3428 4516 19412 3256 -6384 -3190 END
START -3328 4872 19828 2627 -6669 -3668 END
START -3060 4912 19984 1908 -6825 -4253 END
START -2492 5024 20152 1247 -6880 -4908 END
START -1900 4684 20380 1411 -6404 -5581 END
START -1472 4008 20212 1485 -5483 -5744 END
START -1728 3952 19804 2357 -4522 -5790 END
START -2416 3876 20272 2639 -4115 -5897 END
START -2728 4464 20472 2760 -4254 -6366 END
START -2844 4580 21016 2825 -4287 -6918 END
START -2344 5028 21228 2348 -4370 -7394 END
START -1944 5312 21332 2464 -4262 -7958 END
START -1988 5108 21656 1725 -4155 -8308 END
START -2048 4924 21788 1208 -4540 -8871 END
START -1584 4408 21980 793 -4912 -9601 END
START -1448 3772 22876 1389 -4524 -10085 END
START -688 2816 24100 1091 -3452 -10008 END
START -312 2824 23988 1332 -2091 -9773 END
START -448 2764 24100 1229 -1090 -9434 END
START 104 1548 23800 1902 46 -9316 END
START 68 2264 24228 1562 326 -9470 END
START 276 952 23828 1491 792 -9473 END
START 848 872 23852 1036 1119 -9322 END
START 1152 0 23688 1337 1540 -9283 END
START 1560 -1012 24500 1223 2053 -8810 END
START 1952 -1216 24900 914 3178 -7993 END
START 2300 -2000 24680 760 4728 -6976 END
START 2000 -2548 24360 278 6166 -5576 END
START 1968 -1664 23568 -593 7488 -4453 END
START 1780 -1560 23192 -1536 8519 -3737 END
START 1320 -1408 22600 -3225 9579 -3000 END
START 972 -1716 20060 -2200 10063 -2538 END
START 848 -240 22664 -3358 10049 -2901 END
START 400 -2104 24088 -8057 12186 -1484 END
START -24 -2028 22616 -9695 12292 -1442 END
START -516 -2996 18528 -5574 12285 -1653 END
START -100 -2704 18744 -3394 11027 -1258 END
START -484 -3124 17396 -2535 11264 -170 END
START -1216 -2428 17500 -2104 10719 922 END
START -1672 -1904 16840 -1471 9977 1626 END
START -2212 -904 16812 -1941 10106 1906 END
START -2608 -296 16172 -2736 9273 1529 END
START -2800 -108 15216 -3730 8473 781 END
START -2864 -692 14832 -4175 8135 306 END
START -2340 -1180 14108 -4204 7949 369 END
START -2696 -1556 14000 -4220 8124 882 END
START -2740 -536 14440 -4638 8766 1728 END
START -2628 -1024 13352 -3630 5771 2336 END
START -2748 -632 12592 -3870 4941 2832 END
START -3100 -216 12364 -4266 4544 3211 END
START -3724 88 12052 -4807 3607 3147 END
START -3648 456 11448 -5154 3160 2959 END
START -4028 1092 11136 -4910 2674 2676 END
START -4536 1548 11264 -4450 1586 2127 END
START -4700 1892 10828 -3825 733 1436 END
START -5072 1932 10980 -3196 127 654 END
START -4868 1900 11460 -2522 -414 76 END
START -4752 1452 11828 -1991 -323 -213 END
START -4336 956 12512 -1849 -353 -34 END
START -4332 976 13476 -2141 -389 428 END
START -4612 988 14140 -2629 -465 769 END