START -6404 -1188 18712 591 94 348 END
START -7304 452 15116 -1307 -661 470 END
START -7752 -2788 18036 -930 346 -390 END
START -7204 -1376 18200 714 -389 -1330 END
START -6388 -1624 18984 170 -650 -1999 END
START -6204 -2364 19764 -700 -263 -2263 END
START -5416 -3384 19748 -1521 163 -1940 END
START -4748 -3688 19404 -1589 763 -965 END
START -4860 -3760 19520 -1303 1254 -111 END
START -4832 -4044 19748 -1218 1402 359 END
START -4360 -4320 19612 -1242 2023 842 END
START -4160 -4456 19296 -1490 2442 1517 END
START -3808 -4600 19168 -1453 2790 2165 END
START -3936 -4428 18984 -2090 2955 2803 END
START -3968 -4228 18884 -2895 2496 3103 END
START -4008 -4396 18372 -3666 2439 3456 END
START -3808 -4492 17252 -3834 2160 3821 END
START -2696 -4664 13716 -3406 4951 4413 END
START -3944 -4384 16832 -4072 3158 4678 END
START -3560 -5040 16220 -4426 3837 5232 END
START -2896 -3972 14088 -5038 4643 5213 END
START -3580 -3908 14368 -4606 2730 5786 END
START -3328 -3740 13272 -3873 2334 6173 END
START -3856 -3508 13808 -3479 1599 6698 END
START -3816 -3196 13228 -3252 1267 6957 END
START -3396 -3004 12856 -3053 1084 7112 END
START -3360 -2620 12692 -3104 1024 7388 END
START -3684 -2344 12520 -3159 525 7520 END
START -3724 -2108 12688 -3174 -10 7468 END
START -3664 -1988 13080 -3305 -503 7499 END
START -3768 -1756 13740 -3419 -1032 7540 END
START -3980 -1844 13884 -3346 -1762 7681 END
START -3588 -1700 13872 -2736 -1925 8121 END
START -3604 -1300 14084 -1766 -1456 8818 END
START -3640 -724 14756 -1187 -1073 9187 END
START -4288 -392 15164 -1077 -400 9374 END
START -4176 -24 14888 -1015 358 9161 END
START -4164 120 14080 -684 1007 9080 END
START -4116 452 13452 -29 1206 9038 END
START -4316 628 13564 355 889 9038 END
START -4428 1208 13616 471 28 9093 END
START -4540 1644 13544 393 -639 9132 END
START -4792 2236 13396 608 -1450 8909 END
START -4608 3340 13800 660 -2034 8521 END
START -4296 3544 12728 727 -5796 7718 END
START -5236 3720 13704 1370 -7542 6608 END
START -5096 3020 12032 3262 -8703 5535 END
START -4916 2512 12352 6880 -7888 4495 END
START -4780 2604 12416 8914 -8457 3862 END
START -6644 -136 10064 16588 -11089 1674 END
START -2888 3772 13792 16762 -10805 2482 END
START 1444 8256 16372 8911 -6271 4080 END
START -3144 5120 14688 263 -3640 3810 END
START -4124 552 15388 -3520 -6525 4048 END
START -4492 7768 11192 1301 -6237 2607 END
START -6092 1444 13648 3111 -5688 1846 END
START -6080 5012 14336 3518 -6778 1201 END
START -6152 4440 15920 4167 -7276 192 END
START -6004 4044 16276 2281 -8070 -126 END
START -5040 5232 15700 2970 -8723 -787 END
START -4456 4772 17064 3118 -9321 -1119 END
START -4116 5260 17284 3582 -9303 -1283 END
START -4784 4868 18120 4332 -8778 -1410 END
START -5508 5548 19252 4081 -8756 -1888 END
START -5820 6416 19776 3353 -9414 -3178 END
START -5320 6320 20472 2329 -10039 -4830 END
START -4164 5488 20464 1534 -10093 -5974 END
START -2900 5276 20640 1980 -9588 -6635 END
START -2424 3884 21072 2917 -8326 -6587 END
START -3136 3764 21056 3703 -6794 -5767 END
START -3860 4076 21248 4377 -5995 -5468 END
START -4236 5076 21468 4165 -5880 -5644 END
START -4428 6368 21792 3901 -6231 -6423 END
START -4180 6964 22728 3892 -6212 -7699 END
START -3020 6572 23396 2997 -5792 -8642 END
START -2580 6376 23420 2483 -5299 -9325 END
START -2360 5016 22860 2434 -4722 -9831 END
START -2512 3712 22568 2737 -4090 -9614 END
START -2152 3968 22612 2891 -3702 -9261 END
START -1856 4192 23464 3026 -3268 -9422 END
START -1316 4128 24120 2942 -2428 -9674 END
START -716 3892 24840 2976 -1522 -9824 END
START -508 3432 25168 1730 -1125 -9730 END
START -516 3540 24480 932 -860 -9842 END
START -664 2292 24392 649 -309 -9772 END
START -480 2184 24084 1134 850 -9644 END
START -404 1324 24004 2039 2025 -9364 END
START -96 1420 24080 1107 2797 -8785 END
START 336 1272 24300 962 3501 -8375 END
START 420 1332 23960 325 3896 -8086 END
START 508 712 23888 72 4354 -7854 END
START 188 -460 24408 -1980 4803 -7166 END
START -52 236 23476 -2938 5103 -6615 END
START -112 -732 23396 -3709 5634 -6266 END
START 116 -584 22368 -5162 6645 -5576 END
START 336 -1388 23620 -7117 7711 -3449 END
START -52 -596 20832 -5013 8176 -4203 END
START 2092 856 32767 905 7485 -4885 END
START -1084 -5416 20780 -6805 8844 -3152 END
START -68 -1968 20168 -5928 9203 -2761 END
START -268 -2704 19640 -4912 9387 -2004 END
START -872 -2848 18940 -4023 9640 -1196 END
START -1280 -1800 18724 -4405 9390 -533 END
START -1792 -1636 17860 -3778 9645 -345 END
START -1832 -1580 17012 -3868 10378 -163 END
START -2024 -1808 16040 -3353 10524 198 END
START -2352 -1564 15960 -3081 9158 818 END
START -2556 -1336 15276 -2211 8510 1163 END
START -2660 -1144 14872 -2447 7920 1459 END
START -2736 -948 14596 -2966 8374 1900 END
START -3036 -876 14076 -3133 7106 2195 END
START -3296 -664 14208 -3451 6038 2432 END
START -3592 -708 14276 -3999 5731 2517 END
START -3348 -796 13504 -4261 6097 2479 END
START -3256 -1084 12616 -4151 7495 2749 END
START -3380 -900 12352 -3689 5824 3114 END
START -3444 -736 11920 -3121 4528 3613 END
START -4136 -404 11948 -2805 3532 3940 END
START -4400 -168 12116 -2693 2450 4120 END
START -4260 192 11848 -2883 1434 4238 END
START -4796 756 12256 -3072 666 4262 END
START -5204 1276 12332 -3427 21 3931 END
START -5236 1692 12832 -3734 -193 3380 END
START -5332 1936 13028 -3876 -33 2783 END
START -5200 1944 13084 -4014 -446 2277 END
START -5564 1728 13140 -3880 -348 1965 END
START -5456 1380 12704 -3312 76 1796 END
START -5504 1508 12640 -2186 790 1891 END
START -5608 1688 13056 -1282 529 1930 END