START -5668 -1580 18580 -330 257 -859 END
START -6380 -188 14440 -2261 -319 -601 END
START -3844 -1480 16012 -476 420 -754 END
START -6096 -2348 18444 -913 -68 -1151 END
START -5936 -3000 18148 -716 203 -938 END
START -5856 -3560 18376 -403 654 -848 END
START -5364 -3720 19124 -614 642 -526 END
START -5076 -3968 19360 -1356 911 -204 END
START -4684 -3848 19268 -2134 833 91 END
START -4564 -3816 19140 -2847 554 264 END
START -3968 -4036 18844 -3384 651 488 END
START -4072 -4600 18868 -3660 926 921 END
START -3468 -4800 19100 -3839 1259 1402 END
START -3768 -5336 18752 -3951 2054 1959 END
START -3208 -5584 18116 -3790 2524 2746 END
START -3428 -5264 17492 -3774 2835 3624 END
START -3204 -4892 16456 -3834 3122 4066 END
START -3852 -4568 16896 -3733 3457 4467 END
START -3672 -4632 16044 -3763 2206 4648 END
START -3380 -4848 16276 -3698 2286 5294 END
START -2460 -8516 20788 -5623 3221 4752 END
START -4188 -5104 16324 -3997 3501 6482 END
START -3044 -4296 14420 -3257 2629 7453 END
START -3292 -3864 14320 -2912 1546 8163 END
START -3444 -3376 13624 -2680 1529 8727 END
START -3616 -2652 12956 -2613 1023 8851 END
START -3672 -1932 12880 -2633 784 8627 END
START -3600 -1468 12572 -2580 198 8477 END
START -3844 -1196 12384 -2332 -351 8262 END
START -3812 -1016 12160 -1933 -696 8053 END
START -3600 -880 12092 -1198 -851 8115 END
START -3756 -576 12484 -505 -815 8313 END
START -3708 -696 12692 32 -289 8348 END
START -3540 -324 12864 482 -149 8506 END
START -3628 -12 12800 823 -153 8684 END
START -3872 476 12760 1149 -289 8704 END
START -4220 672 12568 1532 -612 8532 END
START -4428 968 12672 1884 -1162 8244 END
START -4864 984 12800 2265 -1490 7831 END
START -4464 1116 13236 2544 -2067 7366 END
START -4196 1216 13604 2625 -2322 7109 END
START -3664 1480 14176 2492 -2287 7014 END
START -4364 1028 14560 3052 -5195 6964 END
START -4140 1600 14480 3443 -6712 7128 END
START -4504 2116 13524 4618 -8156 7306 END
START -4700 2728 13452 7885 -9798 6740 END
START -4388 3156 13812 11557 -10284 5743 END
START -3592 3588 13996 16030 -10071 4512 END
START -3036 5792 15344 20872 -6019 3380 END
START -7148 5844 1232 12213 -9163 2776 END
START -2504 8380 16112 5570 -772 3918 END
START -5364 -308 16808 3483 -2512 3864 END
START -4392 8344 13340 3013 -4439 3704 END
START -5152 3952 14404 2983 -4110 3328 END
START -5732 5556 14352 1957 -5932 2874 END
START -5612 7112 14528 3721 -6233 1365 END
START -5648 6836 16128 2843 -6708 70 END
START -4888 7928 16604 3452 -6943 -1204 END
START -4484 6316 17528 2783 -6906 -1985 END
START -4292 6552 17304 1604 -7264 -2340 END
START -4256 5884 17188 1209 -7511 -2461 END
START -4064 6032 16532 1132 -7579 -2596 END
START -4008 5808 16612 1325 -8152 -2761 END
START -4124 6128 17084 1392 -9212 -3200 END
START -3596 6648 18248 959 -10003 -3824 END
START -3132 6776 19296 295 -10462 -4699 END
START -2620 6240 19384 -212 -10313 -5330 END
START -2860 5832 19632 545 -9671 -5778 END
START -2536 5912 20096 903 -8807 -6093 END
START -3152 6176 20148 1457 -7825 -6474 END
START -3652 6152 20564 1618 -7287 -6876 END
START -3824 6852 20776 2062 -6998 -7641 END
START -3480 6264 21324 2350 -6749 -8467 END
START -2588 6504 22028 2820 -6321 -8814 END
START -2180 6364 23080 2724 -5747 -9014 END
START -1996 6112 23644 2116 -5055 -9252 END
START -2336 5776 23920 1291 -4384 -9351 END
START -2456 5500 23464 1432 -4049 -9905 END
START -2096 4856 23636 1981 -3684 -10463 END
START -1684 4352 24732 1924 -3187 -10688 END
START -1304 4068 25364 1784 -2137 -10825 END
START -752 3512 26092 1593 -962 -10755 END
START -220 3356 25616 871 34 -10455 END
START -164 2908 25340 1385 1036 -10353 END
START 96 1784 24732 833 1760 -9745 END
START 272 2020 24156 1253 2367 -9309 END
START 108 964 24248 1667 2947 -8742 END
START 48 1500 24244 1182 3579 -8317 END
START 64 1428 24324 1647 4283 -8481 END
START 456 100 24140 472 5230 -7981 END
START 728 680 23668 -223 6072 -7371 END
START 516 -228 23680 -1239 6411 -6882 END
START 964 -308 23336 -3475 7444 -5910 END
START 792 -776 21920 -5055 8877 -5072 END
START 644 -636 22512 -6160 10663 -4164 END
START -2804 -6260 12816 -3528 3862 -4710 END
START 140 -1372 18312 -5408 10844 -2609 END
START -724 -2364 19720 -6328 11060 -1446 END
START -716 -1408 20608 -3310 9951 -1454 END
START -1188 -1716 19252 -3161 7683 -1472 END
START -1140 -1320 18580 -4460 8178 -1090 END
START -1200 -1700 17580 -4500 9408 -743 END
START -1212 -2020 17308 -2738 10534 -449 END
START -1236 -2040 16928 -2330 11734 436 END
START -1880 -2024 15928 -1826 11494 1120 END
START -2064 -1740 15684 -2332 10710 1670 END
START -2392 -1144 14824 -3620 8924 2331 END
START -2600 -644 13988 -4661 7760 2658 END
START -2900 -372 13276 -5083 7077 2802 END
START -3408 -268 13196 -4920 6954 2908 END
START -3436 -16 12360 -3692 7037 2931 END
START -3676 236 12268 -3061 6561 2980 END
START -3612 636 11664 -3137 6049 3030 END
START -3848 1120 10716 -3792 4977 2987 END
START -3876 1532 10620 -4685 3634 2782 END
START -4008 1828 10668 -5318 2268 2632 END
START -4092 1928 10536 -5330 1022 2666 END
START -4276 2388 10476 -5276 570 2717 END
START -5212 2648 11312 -5051 -113 2475 END
START -5224 2916 11444 -4382 -398 1877 END