START 176 1524 17928 -497 -1355 327 END
START 700 3468 20388 -788 -1812 692 END
START 276 1140 17680 43 -1317 -705 END
START 536 1120 17528 -259 -1288 443 END
START -136 1756 17056 686 -1558 63 END
START -204 2516 18016 1270 -1389 -442 END
START -616 2136 18824 1819 -1240 -1234 END
START -256 1776 19928 1412 -994 -1542 END
START -12 1472 20128 880 -821 -1505 END
START 12 884 20672 44 -1241 -1003 END
START 100 1032 21076 -904 -2118 -510 END
START -320 1588 21576 -1571 -3009 -184 END
START -144 1296 21788 -1618 -3607 -295 END
START -160 676 22844 -1442 -3485 -138 END
START 104 1180 23608 -755 -2560 15 END
START 68 996 24372 -31 -1315 -54 END
START 108 1096 24668 -326 353 -61 END
START 108 1352 24328 112 1808 -262 END
START 96 592 24056 210 3137 -134 END
START -96 56 23324 64 4063 311 END
START 168 336 22360 233 4631 910 END
START -96 320 21868 514 4787 1586 END
START -88 832 21312 500 4667 2119 END
START -500 1892 21524 761 4500 2220 END
START -740 1624 21032 854 4272 1999 END
START -792 2044 20612 1033 4489 1711 END
START -520 1860 20392 1559 4867 1616 END
START -576 1908 20208 984 5045 1980 END
START -904 2216 19816 990 5124 2151 END
START -924 2776 19456 718 4802 2009 END
START -948 3260 19404 622 4872 1488 END
START -1108 3164 19148 1007 5458 947 END
START -1144 3116 19260 1128 5819 458 END
START -600 3396 19496 399 5638 167 END
START -500 2832 19420 171 5540 -148 END
START -24 2312 19400 -549 6188 132 END
START 60 2580 19476 -516 7360 361 END
START -44 2256 18904 -487 8197 510 END
START -80 2760 18736 -425 9151 449 END
START -160 2472 18532 -747 10321 546 END
START -492 3252 18308 -1764 11150 529 END
START -876 2116 18936 -1290 10726 491 END
START -1036 3432 17300 -2010 11241 41 END
START -1408 2588 16328 -1084 9763 -356 END
START -4904 1076 8572 1521 8635 -2005 END
START -1420 2848 12604 -4172 10131 97 END
START -1924 3452 18284 -4176 9923 -608 END
START -3552 1852 9720 -2573 8487 -1319 END
START -2208 3636 15368 -2917 9071 -1454 END
START -2584 3256 15720 -2809 7531 -2041 END
START -2568 3152 15296 -2716 7381 -2385 END
START -3056 3172 15088 -3070 7072 -2709 END
START -2752 2792 14748 -2023 7323 -3301 END
START -2872 3012 15100 -2080 8329 -3492 END
START -2832 2660 14032 -1407 8117 -3859 END
START -2588 2524 13976 -1702 6848 -3929 END
START -2480 2172 13404 -1771 6101 -3924 END
START -3212 2668 11572 -2520 4386 -4320 END
START -2992 2396 12460 -3275 5271 -4279 END
START -3536 2764 13792 -3739 3917 -4575 END
START -3280 2364 12884 -3930 3823 -4812 END
START -3720 2320 13568 -3778 2118 -5296 END
START -3976 2644 14496 -3915 2367 -5729 END
START -4196 2412 13008 -3255 2785 -6445 END
START -3792 2216 13136 -2380 2618 -6927 END
START -3944 1528 13624 -2032 2772 -6859 END
START -4064 1464 13552 -2138 2424 -6673 END
START -3944 1348 13128 -2524 1781 -6470 END
START -4088 1088 12704 -2682 1033 -6270 END
START -4404 912 12900 -2767 292 -6105 END
START -4992 704 12816 -2573 -211 -6378 END
START -4916 228 12732 -2048 -306 -6708 END
START -4644 -372 12764 -1403 -294 -6982 END
START -4376 -788 13288 -1000 -276 -7130 END
START -4148 -828 13584 -1032 -654 -7318 END
START -3584 -1460 13412 -972 -832 -7490 END
START -3076 -2256 12928 -19 -284 -7199 END
START -2952 -2820 13012 924 -65 -6479 END
START -3052 -3256 13020 1539 108 -5807 END
START -3564 -3420 13384 2045 -301 -5131 END
START -3676 -3248 13860 1795 -1233 -4681 END
START -3960 -3124 14076 1211 -2264 -4441 END
START -3448 -3308 14020 959 -2746 -4402 END
START -3132 -3512 13656 1137 -3030 -4239 END
START -2964 -3956 14004 1494 -3284 -4046 END
START -3052 -4452 14008 1862 -3074 -3455 END
START -3728 -4796 14364 2190 -3329 -2794 END
START -4012 -4848 14760 2404 -3358 -2319 END
START -3732 -4792 14816 2386 -3657 -1778 END
START -3348 -4520 15600 2060 -4360 -1432 END
START -2596 -4456 15976 1652 -4572 -1021 END
START -2184 -4588 16068 1488 -4307 -352 END
START -2280 -4724 15828 1394 -4305 270 END
START -2648 -5020 15632 1459 -4744 811 END
START -2856 -5324 15304 1802 -4670 1382 END
START -3420 -5236 16356 2512 -6133 1800 END
START -3248 -4696 17456 2622 -7601 1919 END
START -2412 -4456 17104 2926 -8960 2045 END
START -2032 -4548 18016 3538 -9281 2296 END
START -1824 -4860 18296 3033 -8717 2960 END
START -2008 -5304 17828 3442 -7972 3704 END
START -2172 -4532 18252 3410 -8142 4149 END
START -2244 -5012 17932 3898 -7216 4845 END
START -2684 -3604 19320 5253 -7944 5353 END
START -3000 -2684 20572 5146 -8801 5555 END
START -3932 -2784 21588 6411 -9755 4730 END
START -1924 -1840 20532 5509 -8425 4842 END
START -924 -1312 24188 989 -5980 5706 END
START 400 292 19820 -1537 -3124 5977 END
START -584 -5120 21752 601 -2119 6392 END
START -572 -2916 21500 805 -2143 7968 END
START -1596 -2216 21696 1147 -1578 9089 END
START -1996 -660 21652 595 -1377 9554 END
START -2388 260 21384 117 -947 9337 END
START -2600 1204 21120 8 -996 8654 END
START -2604 1712 21276 65 -777 8017 END
START -2572 1868 21324 216 -286 7585 END
START -2416 2052 21312 362 440 7473 END
START -2684 2576 21592 142 1150 7439 END
START -2572 3160 21316 -538 1625 7334 END
START -2544 3500 19872 -638 2460 7242 END
START -2768 4280 19272 59 2470 6871 END
START -2912 4848 19064 -10 2361 6465 END
START -3084 5080 18512 -221 2497 5955 END
START -3244 5444 17788 -38 2439 5332 END
START -3460 6000 17156 575 2762 4605 END
START -3756 5940 16876 1196 3087 3746 END
START -3620 5992 16504 935 3426 2867 END
START -3888 6752 15664 1303 3580 1753 END
START -3756 6576 15588 1155 2771 419 END
START -3108 6508 15420 138 1728 -616 END