START -764 3108 17916 -2236 8620 -199 END
START -740 2996 17360 -2334 9026 -319 END
START -788 2592 18076 -3070 9770 -275 END
START -1632 1472 18236 -5411 10254 -174 END
START -1244 2012 16548 -6239 10347 24 END
START -5152 -452 6544 -2629 8474 -677 END
START -3012 -108 14668 -3816 8512 -1015 END
START -2624 1556 15448 -3813 7926 -1095 END
START -2164 1292 14800 -1434 8281 -1732 END
START -2168 1720 15196 -2708 9858 -1539 END
START -2580 2932 15240 -3199 9290 -2155 END
START -2596 2560 13632 -3239 11744 -2663 END
START -2720 5156 17616 -5093 12514 -3199 END
START -2412 2992 12224 -2582 8006 -3854 END
START -3548 3016 13236 -2623 5221 -4380 END
START -3716 2468 13164 -2924 4558 -4680 END
START -3448 3160 13892 -4587 4216 -5822 END
START -3668 2584 13272 -3695 3523 -6067 END
START -3624 2460 12392 -3702 4101 -6559 END
START -3584 2072 12508 -3485 3169 -7097 END
START -3412 2244 12980 -3123 2726 -7596 END
START -3128 1968 12820 -2578 3641 -7875 END
START -3328 1212 12964 -2317 3545 -7941 END
START -3332 420 12064 -1885 4150 -7772 END
START -3832 -104 12296 -1500 3413 -7314 END
START -4116 -172 12056 -2033 1852 -7082 END
START -4212 -384 11276 -2329 544 -7040 END
START -4368 -260 11388 -1902 -486 -7401 END
START -3944 -284 12156 -1960 -1419 -8082 END
START -3784 -1016 12288 -1596 -1352 -8656 END
START -3548 -1644 12680 -719 -1069 -8933 END
START -3152 -2256 13312 -204 -828 -9106 END
START -2688 -3324 13008 323 -202 -8664 END
START -2760 -3864 13132 859 -140 -7877 END
START -2704 -3904 13504 651 -780 -7175 END
START -2416 -4300 12864 549 -1377 -6703 END
START -2316 -4480 12824 1221 -1730 -6063 END
START -2388 -4672 13248 1465 -2353 -5319 END
START -2564 -4756 13868 1300 -3152 -4910 END
START -2532 -4912 13968 1114 -3807 -4622 END
START -2320 -5128 14436 1177 -3983 -4297 END
START -2356 -5552 14816 1057 -4227 -3996 END
START -1964 -5844 15144 1011 -4349 -3500 END
START -1716 -6344 14992 1168 -4062 -2715 END
START -1800 -6692 15520 1547 -4162 -1926 END
START -1700 -6772 16176 1446 -4868 -1087 END
START -1576 -7008 16380 1011 -4851 -166 END
START -1296 -6920 16536 986 -6307 635 END
START -1692 -6616 16112 1568 -7074 1401 END
START -1728 -6036 16652 2210 -8100 1837 END
START -2032 -5716 17164 2513 -9273 1773 END
START -1672 -6700 16932 2620 -9638 1868 END
START -1568 -6780 18408 2776 -8139 2536 END
START -1572 -7296 19176 2537 -7218 3422 END
START -788 -7284 18948 2391 -6167 4734 END
START -884 -6504 18860 3146 -4909 6087 END
START -1508 -5360 19296 3535 -5919 6840 END
START -2028 -3816 19712 4297 -7858 6720 END
START -2684 -3864 18276 10508 -8142 4962 END
START -3216 -2656 22164 7590 -10584 5467 END
START -2176 -2452 22272 7628 -6675 4380 END
START -4520 -5904 20528 -2332 -5701 5619 END
START -1600 -4060 23148 567 -1899 5847 END
START -476 -3380 22180 807 -671 7280 END
START -744 -2968 21628 1048 -398 8297 END
START -944 -1644 21952 506 -817 9118 END
START -1348 -596 21720 -124 -848 9507 END
START -1956 472 21336 76 -499 9392 END
START -2584 1580 21300 119 -178 8964 END
START -3348 2520 20692 -196 507 8156 END
START -3084 3128 19700 -61 697 7059 END
START -3224 3384 18604 507 1321 6453 END
START -3124 3852 18704 1560 1925 5938 END
START -3284 4184 18616 932 2189 5818 END
START -3520 4616 17768 -146 1933 5761 END
START -4000 5188 16536 -657 1406 5340 END
START -4424 5292 16328 -1038 442 4732 END
START -4588 5720 16052 -1159 -335 3521 END
START -4416 5608 16404 -687 -594 1955 END
START -4308 5344 16372 -490 -266 600 END
START -3480 4588 16160 144 220 -773 END
START -3140 3704 16188 720 586 -1530 END
START -2520 2776 16408 875 670 -1830 END
START -2120 1608 16340 1486 789 -1947 END
START -1672 1388 16640 1657 675 -1826 END
START -1520 824 16992 907 14 -1761 END
START -1192 472 16984 219 -633 -1627 END
START -872 -172 17692 115 -1034 -1585 END
START -972 -464 18664 -92 -798 -1511 END
START -952 -732 19032 -381 -48 -1437 END
START -648 -596 19052 -381 736 -1287 END