START 804 1760 18484 3035 58 -1245 END
START 3072 2064 21392 2273 -399 -869 END
START -832 92 16284 1600 -917 -1425 END
START 528 1936 18304 76 -626 -52 END
START 512 1068 19068 -593 -1535 246 END
START 120 1188 18636 -1896 -1744 836 END
START 32 1604 18516 -1478 -2026 705 END
START 32 1256 18504 -1795 -1836 749 END
START 120 2016 18176 -1705 -1778 476 END
START 48 1956 17896 -1078 -1769 -117 END
START 8 1848 18416 -447 -1592 -559 END
START 108 1604 18916 323 -1203 -835 END
START -284 1160 19536 550 -911 -841 END
START -396 1540 20232 131 -1045 -761 END
START -404 1240 21052 -66 -2002 -721 END
START 176 1644 21396 -1901 -2709 -220 END
START -184 2196 21764 -1561 -2951 -247 END
START -348 888 22676 -1540 -2693 -56 END
START -272 1848 22240 -817 -1726 -142 END
START -436 1056 23228 1177 -1011 -546 END
START -692 1176 23716 1003 724 -655 END
START -396 1836 24192 1511 1778 -1109 END
START -372 1136 24312 752 2388 -1408 END
START 680 1304 23392 -150 2946 -1285 END
START 1052 708 22640 279 3706 -872 END
START 1440 596 21672 284 4494 109 END
START 972 980 21128 1015 5117 800 END
START 476 1052 20968 1224 5467 1191 END
START 704 1704 21076 337 5604 1419 END
START 364 2204 20540 -662 5392 1429 END
START 108 2120 19816 -1770 4769 1162 END
START 392 2636 19140 -1849 4419 558 END
START 272 1836 18892 -1390 4184 127 END
START 420 1656 18404 -1186 4660 43 END
START -24 1440 18876 -383 5114 7 END
START -156 708 18996 -910 5110 39 END
START 272 1304 18636 -1284 5497 245 END
START 360 684 18064 -1174 5975 601 END
START 308 824 17736 -1424 6493 1038 END
START 144 740 17288 -1098 7096 1287 END
START -260 676 17764 -1326 7263 1422 END
START -68 852 17032 -1962 7460 1715 END
START -620 840 16488 -2165 7943 1961 END
START -1280 1032 16088 -1968 8167 2200 END
START 1144 1944 22232 2283 8734 1332 END
START -2224 -412 12664 -496 6368 1420 END
START -1272 1200 14720 -1128 5309 1706 END
START -1436 2380 16896 -369 4473 1337 END
START -1632 1712 16632 -1186 4883 1253 END
START -1596 2320 16744 -668 6033 947 END
START -2124 1212 15212 -618 7341 1033 END
START -3208 1080 13548 -666 8253 630 END
START -2244 2328 16408 -245 8482 469 END
START -2472 2660 16476 -736 7975 339 END
START -2688 2612 15796 -656 6541 85 END
START -3000 2976 16436 -929 6481 -225 END
START -3036 2992 15532 -585 6561 -946 END
START -3380 3084 16328 -795 6056 -1486 END
START -2984 3048 16240 -732 5797 -1688 END
START -3148 3092 15936 -818 5607 -1737 END
START -3516 3348 15692 -811 5504 -1876 END
START -3824 3924 16016 -1002 5401 -2132 END
START -4096 4396 15776 -1261 5161 -2843 END
START -4224 4684 15424 -1126 5906 -3726 END
START -4204 4372 14784 -759 6171 -4611 END
START -4432 3916 14864 -621 5767 -5248 END
START -4604 3912 15120 -666 5294 -5715 END
START -4432 3828 14684 -688 3822 -6075 END
START -4260 3464 14164 -798 3625 -6499 END
START -4104 3168 14344 -1256 2564 -6782 END
START -4144 2648 14436 -1745 2000 -6743 END
START -3456 2964 13720 -2107 3083 -6630 END
START -4272 2476 14236 -1988 2899 -6499 END
START -4200 2216 13320 -1325 3147 -6732 END
START -4660 2364 13832 -1440 2307 -7115 END
START -4380 2076 12640 -1183 3002 -7596 END
START -4652 1048 12872 -840 1743 -7891 END
START -4344 436 13096 -1074 802 -7892 END
START -4500 112 13348 -1654 -500 -7552 END
START -4484 84 13280 -2071 -1817 -7443 END
START -4392 -272 13664 -1644 -1706 -7503 END
START -3892 -508 13972 -1026 -1383 -7411 END
START -3556 -632 13652 -189 -670 -7317 END
START -3716 -764 14160 238 -123 -7024 END
START -3856 -924 13524 576 -338 -7062 END
START -3752 -1260 13424 1083 -407 -7305 END
START -3696 -1764 13908 1052 -951 -7164 END
START -3304 -2320 13580 537 -1630 -6952 END
START -2812 -2836 13856 425 -2558 -6728 END
START -2396 -3092 13932 326 -2907 -6024 END
START -1932 -3224 13720 525 -3060 -5426 END
START -2532 -3872 13500 1229 -2663 -4913 END
START -2212 -3884 13492 2359 -2357 -4186 END
START -2924 -4084 14476 2516 -2893 -3708 END
START -2508 -4108 15092 1667 -3789 -3329 END
START -2652 -4840 15204 1005 -4307 -2725 END
START -1952 -4832 15548 679 -5013 -2009 END
START -1836 -4800 15672 645 -5404 -1491 END
START -1312 -5004 15748 1141 -5928 -966 END
START -1856 -5436 16704 1153 -4932 -400 END
START -1928 -5684 16640 1076 -4376 425 END
START -2156 -5400 16580 1070 -4631 1019 END
START -2556 -5312 17168 1239 -5322 1273 END
START -2328 -5392 18176 910 -6726 1390 END
START -1420 -5916 18324 774 -7299 1773 END
START -1044 -6320 18800 1291 -6968 2551 END
START -1264 -6580 19172 983 -6973 3598 END
START -1420 -6360 20088 326 -7934 4548 END
START -1504 -5848 20360 285 -8149 5463 END
START -1836 -5112 20640 1254 -8035 6229 END
START -1880 -4328 21284 2476 -8528 6254 END
START -1324 -4232 21884 6382 -6967 5836 END
START -848 -4808 20296 5794 -6210 6355 END
START -376 -4624 21028 6235 -5179 6854 END
START -348 -4752 20696 6587 -4473 7720 END
START 1052 -3624 25108 569 -2946 10047 END
START -312 1352 20308 -1876 -59 11038 END
START -1156 -804 20740 -473 -1763 11363 END
START -1904 376 20960 -204 -1332 11470 END
START -2316 1904 21140 118 -684 11161 END
START -3016 2876 20952 -347 -330 10605 END
START -3052 3824 20308 -211 677 9880 END
START -3468 4364 19708 5 1415 9221 END
START -3760 5688 19128 -129 1696 8398 END
START -4120 6712 18184 245 1767 7356 END
START -4224 6640 17820 119 1071 6357 END
START -4048 6928 17568 -465 672 5604 END
START -3808 6592 17364 -296 487 4816 END
START -3564 6520 17476 -533 717 4395 END
START -3600 6544 16936 -360 1192 3837 END
START -3652 6472 16760 -40 1490 3211 END
START -4000 6824 16700 612 1781 2171 END
START -3552 6364 16952 1075 2188 1025 END
START -3400 6348 17416 848 2227 -87 END
START -2172 6092 17680 303 2059 -809 END
START -1420 4756 17532 62 1826 -887 END