START -160 1424 17864 133 -209 -892 END
START -208 3032 19056 -330 -193 -711 END
START 896 1748 18992 451 -608 -1677 END
START 100 600 16728 1140 -229 -1242 END
START 716 68 17844 1592 11 -635 END
START 612 180 18088 1567 728 267 END
START 72 84 18212 1790 875 756 END
START -8 488 19204 778 339 1186 END
START -416 1180 18856 -504 27 1273 END
START -616 1704 18068 -775 -603 740 END
START -1004 1964 17632 223 -921 -8 END
START -1488 1520 17888 1768 -1289 -778 END
START -1228 1420 19484 3905 -1172 -1655 END
START -1424 -136 21816 4978 -336 -2089 END
START -704 -220 23312 3508 347 -1797 END
START -200 36 23844 2332 719 -1221 END
START 520 -108 23404 1610 1730 -492 END
START 376 -92 23056 2100 2696 359 END
START 384 -436 22692 2001 3289 1533 END
START 164 464 22984 1924 4072 2580 END
START -784 804 22696 1327 4743 3332 END
START -1364 2132 22496 803 5511 3365 END
START -1832 3196 22548 663 6117 2518 END
START -1720 3456 21748 -330 6330 1381 END
START -1712 3944 20940 -989 6305 281 END
START -1172 3288 19764 -1120 6456 -461 END
START -1488 2528 18872 -1378 6639 -637 END
START -1268 2020 18300 -892 6567 -615 END
START -1392 1752 17908 -645 6843 -300 END
START -1268 1800 17844 -1034 7139 193 END
START -1740 2072 17620 -1652 7135 683 END
START -2148 2008 17660 -2294 6142 638 END
START -1692 2452 16648 -3843 5131 484 END
START -1652 3432 16304 -3657 5214 219 END
START -1668 3068 16708 -3713 6037 -6 END
START -1820 2884 16900 -4075 7790 -174 END
START -2748 2716 16656 -3304 8471 -674 END
START -832 5316 22328 -1093 8178 -1704 END
START -3064 1928 16272 -1021 8743 -1789 END
START -2872 3076 16964 -847 6820 -1606 END
START -3072 2596 17124 -73 6725 -2017 END
START -2772 2472 17216 -2117 6512 -1947 END
START -2576 3300 16900 -2811 6114 -2292 END
START -2628 2988 16872 -3971 6335 -2629 END
START -2784 2504 16728 -3566 7101 -3110 END
START -2848 2280 16888 -3932 6596 -3517 END
START -1820 3004 15360 -3658 10357 -3767 END
START -3512 1464 16224 -3195 6595 -3831 END
START -3096 1204 15212 -2814 4025 -3688 END
START -2968 2184 14292 -2967 3173 -3519 END
START -3312 2064 14340 -2726 3794 -3861 END
START -4028 2304 15060 -2911 3450 -4413 END
START -3836 1964 14900 -3147 3948 -5002 END
START -3664 1564 14228 -3411 4566 -5453 END
START -3368 1376 13680 -3222 4763 -5789 END
START -3344 1200 13496 -2448 3824 -5875 END
START -3260 824 13220 -1575 3159 -5944 END
START -3700 1048 13900 -1547 3088 -5859 END
START -3480 1000 13352 -1383 3025 -5943 END
START -3960 1220 13276 -1378 2663 -6094 END
START -3808 1112 13060 -1476 1699 -6297 END
START -3904 596 13016 -1615 893 -6334 END
START -3824 212 12760 -1518 550 -6033 END
START -3996 80 12736 -1122 528 -5854 END
START -4172 404 13168 -842 196 -6054 END
START -4248 624 12900 -396 46 -6670 END
START -4236 316 12892 405 261 -7425 END
START -3776 -208 13096 1060 387 -8030 END
START -3876 -768 13268 1701 315 -8255 END
START -3508 -1428 13692 2294 569 -8196 END
START -3332 -2048 14428 2001 601 -7744 END
START -3148 -2436 14136 1208 336 -7005 END
START -3080 -2520 13356 1182 -39 -6302 END
START -3364 -2524 13472 1306 -883 -5773 END
START -3344 -2400 13860 1095 -1554 -5420 END
START -3528 -2508 14112 949 -1915 -5588 END
START -3400 -2576 13996 947 -1927 -5514 END
START -3812 -2548 14244 1199 -2427 -5793 END
START -3476 -3252 14532 1331 -2919 -6205 END
START -3076 -4524 14696 1515 -3673 -6056 END
START -2616 -5568 14772 1896 -3029 -5267 END
START -1828 -6204 15188 2240 -3165 -3958 END
START -1616 -6496 15484 1929 -3380 -2234 END
START -2012 -6368 15492 1267 -4043 -788 END
START -2476 -6016 15760 383 -5086 81 END
START -2596 -5792 15372 100 -5628 543 END
START -2956 -5724 15924 816 -5867 672 END
START -2708 -5624 16964 1218 -6768 731 END
START -2204 -5820 17720 1104 -5685 799 END
START -1632 -6324 17344 1172 -5263 1308 END
START -1704 -6528 17988 1225 -5735 2282 END
START -1976 -6300 18420 1361 -7122 3149 END
START -1856 -6564 18856 2193 -8270 3819 END
START -1672 -6440 18528 3007 -6530 4920 END
START -1656 -6424 18924 3549 -6078 5552 END
START -1528 -5796 19516 3738 -6678 6150 END
START -1864 -5192 20436 3945 -8154 6253 END
START -1724 -4788 20760 7627 -7613 5614 END
START -416 -5808 20976 7715 -7599 6171 END
START -888 -3636 22452 6084 -6028 7062 END
START -1176 -6148 21644 -1407 -930 9578 END
START 468 -1024 23300 -443 -472 9572 END
START -1236 -4292 22524 1252 -632 9540 END
START -508 -2736 21276 163 -202 10385 END
START -580 -2352 21256 -97 -581 10986 END
START -904 -1584 21336 -511 -621 11635 END
START -1468 -76 21108 -143 -21 12073 END
START -2208 2036 21404 174 545 11754 END
START -2848 2808 20560 -470 1404 11187 END
START -3364 4212 19576 -907 1246 10451 END
START -3520 5448 18672 -487 1071 9301 END
START -3628 5144 18308 -46 1153 8630 END
START -3708 5232 18240 -31 1549 8463 END
START -3824 5372 17704 40 2106 8427 END
START -3972 6156 16900 -23 2120 8279 END
START -4376 7068 16444 -686 1400 7757 END
START -4488 7712 16152 -1063 797 6725 END
START -5008 7912 15868 -827 682 5277 END
START -4896 7444 16068 -614 381 3706 END
START -4796 7296 15996 -162 71 2222 END
START -4196 6336 16076 306 141 1168 END
START -3744 5344 16344 570 101 419 END
START -3188 5044 16584 768 434 50 END
START -2880 4520 16732 1033 968 -37 END
START -3076 4748 17004 821 1105 -77 END
START -2988 4940 17580 116 637 -512 END
START -2688 4640 17704 -902 88 -1086 END