START 120 1820 17160 2627 -1917 2236 END
START 856 3676 18424 1859 -2195 2510 END
START -248 2128 17352 3349 -2289 1515 END
START -592 1412 17348 3517 -2571 907 END
START 672 2012 17712 2906 -2832 832 END
START 832 1456 18092 2602 -2992 1135 END
START 868 1080 18476 1903 -3037 1658 END
START 648 1064 18748 1896 -2804 2332 END
START 148 1184 18704 2050 -2289 2740 END
START -320 1960 19444 2712 -1916 2642 END
START -1060 2204 20568 2857 -2036 2422 END
START -1836 2464 21616 2780 -2311 1973 END
START -2176 2368 22900 2739 -2758 1317 END
START -1760 2140 24856 2312 -3033 827 END
START -896 2236 26112 1416 -2933 771 END
START -576 1476 27300 1141 -2461 1020 END
START -172 1656 27804 351 -1146 1724 END
START -344 1552 27728 186 956 2339 END
START -420 1868 27352 121 3127 2807 END
START -700 2332 26768 -216 5035 3050 END
START -1132 2596 25372 -801 6554 2961 END
START -1252 3516 23804 -885 7641 2374 END
START -1220 3616 22440 -449 8005 1629 END
START -1248 3656 21324 30 8095 1046 END
START -1444 3308 20888 55 7656 705 END
START -1220 3480 20708 -484 7025 633 END
START -1056 3676 20624 -832 6483 603 END
START -1220 3448 20772 -1134 6253 569 END
START -1152 3544 20656 -1425 6458 500 END
START -1356 3716 20804 -1307 6885 221 END
START -1164 3856 20096 -1506 7643 -33 END
START -1088 4020 19668 -1136 7904 -443 END
START -1304 4248 19528 -772 8275 -852 END
START -1408 4444 19492 -517 8779 -1334 END
START -1496 4644 19680 -454 9157 -1731 END
START -1372 4432 19304 -686 9227 -2042 END
START -1392 4296 18896 -1160 9107 -2235 END
START -1344 4436 18660 -1824 8899 -2490 END
START -1496 4720 18420 -1948 8699 -3086 END
START -684 4272 17756 -1732 8989 -3554 END
START -708 4072 16972 -1693 10143 -3392 END
START -1284 3752 16808 -2082 10936 -3182 END
START -2032 3756 16404 -3635 11333 -3079 END
START -1840 4012 15800 -3950 10626 -3424 END
START -1860 3804 14996 -4950 9436 -3783 END
START -1716 3804 14268 -6128 8965 -4001 END
START -724 6360 19860 -6633 8817 -3949 END
START -3292 1648 10000 -5152 7938 -5085 END
START -1888 2672 13752 -6029 7554 -4640 END
START -2128 -692 13272 -3976 8537 -4787 END
START -1836 2920 13212 -2828 7731 -4960 END
START -3020 2364 12896 -2020 6361 -5469 END
START -2884 2772 13080 -2202 5376 -5882 END
START -2816 2488 11996 -1924 5714 -6262 END
START -3012 2564 12492 -1739 5505 -6575 END
START -2748 2356 11888 -1448 5320 -6902 END
START -2724 2264 11512 -1424 4990 -6993 END
START -2644 2228 11188 -1496 4377 -6971 END
START -2772 1868 10772 -1789 3182 -6858 END
START -3232 1580 10580 -1761 2515 -6625 END
START -3960 1700 11052 -2046 1170 -6711 END
START -4344 1456 11024 -1821 -227 -7273 END
START -4456 1388 11360 -1649 -451 -7729 END
START -4396 1340 11584 -1387 -720 -8284 END
START -4268 640 11472 -741 -629 -8850 END
START -4024 288 11940 90 -731 -9035 END
START -3804 -448 12556 446 -751 -8948 END
START -3960 -1136 12732 825 -536 -8794 END
START -3460 -1748 13076 1062 -842 -8259 END
START -3504 -2144 13316 1112 -992 -7426 END
START -3840 -2348 12916 1225 -1250 -6844 END
START -3392 -2380 12468 1853 -1735 -6603 END
START -3432 -2120 12756 2434 -2110 -6433 END
START -3284 -2108 13720 2202 -3388 -6703 END
START -3316 -3140 14104 1611 -4137 -6859 END
START -2660 -3880 14376 1552 -3938 -6242 END
START -2844 -4376 14416 1763 -3680 -5308 END
START -2752 -4196 14552 1948 -4120 -4624 END
START -2572 -4308 14360 2121 -4053 -4013 END
START -2560 -4188 14704 2507 -4348 -3309 END
START -2824 -4144 15188 2377 -4514 -2573 END
START -3336 -4136 15656 1718 -5171 -2191 END
START -3936 -4644 15968 1093 -5518 -1881 END
START -4272 -4596 15948 910 -6011 -1664 END
START -4112 -4708 16352 1104 -6541 -1807 END
START -3388 -4780 17216 965 -6918 -1764 END
START -2804 -4948 17968 580 -7113 -1583 END
START -2008 -5504 18076 457 -6393 -966 END
START -1816 -6160 18912 691 -5414 265 END
START -2072 -6344 18580 913 -4328 1795 END
START -2708 -6008 18812 758 -4249 2920 END
START -3252 -5260 18708 327 -4607 3427 END
START -3388 -4664 18812 282 -5803 3457 END
START -3112 -4464 18736 671 -5861 3263 END
START -3348 -4808 19612 1304 -6092 3282 END
START -3212 -4512 20836 747 -6067 3625 END
START -2668 -4528 21500 610 -6387 4127 END
START -2276 -4884 20884 694 -6434 4899 END
START -2104 -4672 20552 1603 -5439 5718 END
START -2304 -4360 20192 2201 -4562 6237 END
START -2280 -3380 21160 1726 -5087 6601 END
START -2144 -3076 21168 2146 -4463 6895 END
START -2600 -2708 21200 2868 -3709 7116 END
START -1992 -2276 21004 3396 -3546 7321 END
START -1992 -1748 20304 4506 -3277 7597 END
START -2856 -1600 20220 4365 -3148 7942 END
START -2004 -2404 16744 2442 -2755 8557 END
START -1656 2716 20204 -4191 -62 9877 END
START -2300 -792 20260 768 -810 8725 END
START -1732 988 19784 -2538 311 9817 END
START -2072 2928 19476 836 888 9000 END
START -2556 732 19612 -1090 1433 9051 END
START -2368 3860 18324 -198 1797 8507 END
START -2844 2072 18020 155 2222 8318 END
START -3048 3840 17172 -493 2130 8285 END
START -3468 4244 17140 190 1710 7619 END
START -3644 4904 16712 -489 1534 6967 END
START -3692 5560 16516 66 1174 5956 END
START -3440 5360 16544 -382 912 5159 END
START -3252 5880 16468 -575 692 4136 END
START -3336 4944 16828 -702 507 3028 END
START -3040 3816 16224 -942 775 2417 END