START 8 2440 17564 412 -1084 434 END
START 3124 2088 19480 625 -1614 636 END
START -2496 1112 15420 1054 -825 -451 END
START -244 1860 17932 1541 -636 213 END
START -492 2124 18824 2773 -1262 -374 END
START -132 1672 20024 2531 -872 -324 END
START 104 2584 20712 1571 -904 -251 END
START 76 2408 21376 629 -1391 -545 END
START 544 2176 21772 -848 -1452 -485 END
START 264 1812 21728 -1282 -1538 -322 END
START 532 1064 21744 -1632 -1446 -82 END
START 632 1508 21284 -676 -779 125 END
START 368 608 21300 1072 132 389 END
START 320 1056 21824 1635 553 760 END
START -44 1560 22380 1930 900 909 END
START -28 1764 23180 1126 1378 952 END
START 48 2064 23160 176 1928 939 END
START 268 1944 22524 -409 2641 1033 END
START 400 1616 21624 -824 3211 1315 END
START 244 1592 20784 -512 3389 1605 END
START -308 1616 20248 119 3454 1721 END
START -608 1708 20240 359 3106 1580 END
START -632 2144 20080 450 3051 1498 END
START -488 2024 19736 1339 3159 1426 END
START -428 2136 20388 1261 2909 1429 END
START -384 2308 21016 334 2706 1553 END
START -404 2016 20888 -504 2966 1562 END
START -200 2256 20856 -1082 3294 1612 END
START -252 2836 19964 -690 3951 1660 END
START 32 2940 19600 339 4698 1475 END
START -144 3144 20160 1031 5437 1228 END
START -244 3124 20036 682 5866 973 END
START -168 3976 19904 849 6700 492 END
START -76 3396 18764 667 7523 208 END
START 192 3424 18164 777 8170 118 END
START -360 2996 18288 895 8078 -165 END
START 24 3356 17652 38 8009 96 END
START -224 3084 16540 -257 8168 390 END
START -876 3712 16172 -441 8540 434 END
START -1436 3932 15948 -167 8376 -124 END
START -1536 4148 15984 -544 8176 -817 END
START -1368 4160 15824 -1148 7835 -1453 END
START -1108 3592 15424 -1461 7426 -1959 END
START -608 3236 15420 -1550 7130 -2026 END
START -1448 2936 15292 -2077 6799 -1936 END
START -452 2548 14144 103 7543 -2685 END
START -1904 2200 10740 -3402 7209 -1149 END
START -208 5876 18352 -3256 5222 -1809 END
START -2452 1472 16536 -1320 5897 -2391 END
START -2088 3224 15772 -938 5624 -2757 END
START -2404 3500 16748 -450 5433 -3344 END
START -2188 3152 16632 -546 6380 -3904 END
START -1848 2720 15940 -629 6537 -4013 END
START -1596 2272 16008 -842 6524 -3777 END
START -1576 1796 14852 -757 6609 -3213 END
START -2140 2660 15560 -1294 5669 -2758 END
START -2676 3356 15704 -1799 4899 -2796 END
START -3480 3796 15220 -2109 4187 -3317 END
START -3532 4100 15468 -2081 3908 -4371 END
START -3352 3488 15152 -1729 4634 -5180 END
START -3556 3096 15036 -1375 4936 -5596 END
START -3528 2808 14664 -953 4375 -5974 END
START -3508 2616 14652 -792 4462 -6104 END
START -3364 2308 14512 -1702 3435 -5952 END
START -3696 2320 13860 -2552 2664 -5802 END
START -4084 2480 14052 -3146 2164 -6023 END
START -3988 2020 15276 -3780 2526 -6553 END
START -4352 1780 14336 -2922 2273 -6369 END
START -4040 1640 14176 -2335 2149 -6517 END
START -3864 1416 13492 -1687 1960 -6471 END
START -4308 1308 14144 -1397 1408 -6355 END
START -4412 1364 14088 -1482 800 -6667 END
START -4584 1004 13760 -1495 710 -6927 END
START -4580 812 13856 -1576 -31 -7135 END
START -4276 596 13556 -1295 -524 -7462 END
START -3852 -128 14320 -993 -736 -7454 END
START -3636 -940 14712 -714 -417 -7052 END
START -3400 -1140 14744 -467 233 -6357 END
START -3688 -1048 14552 -163 597 -5991 END
START -3608 -1152 13968 178 457 -5885 END
START -3572 -1264 13556 452 -301 -5690 END
START -3816 -1612 14012 50 -1338 -5588 END
START -3772 -2040 14172 -445 -2067 -5535 END
START -3852 -2472 14192 -391 -2155 -5235 END
START -3708 -2460 14384 75 -2372 -5070 END
START -3516 -2648 14672 476 -2411 -4992 END
START -3192 -2932 14912 829 -2254 -4745 END
START -2692 -2988 14548 1182 -1982 -4185 END
START -3136 -3084 14580 1576 -1881 -3520 END
START -3408 -3124 15108 1211 -2812 -3249 END
START -3432 -3764 15136 696 -3797 -2809 END
START -3544 -3964 15524 462 -4178 -2135 END
START -3540 -3804 16020 309 -4461 -1695 END
START -3160 -3408 16388 232 -4645 -1645 END
START -3004 -3728 16700 -13 -4326 -1543 END
START -2644 -4232 16072 128 -3715 -1274 END
START -2768 -4340 15996 479 -3604 -636 END
START -2940 -4260 16080 494 -3962 -36 END
START -3392 -4104 16120 591 -4331 501 END
START -3412 -3684 16928 428 -5756 840 END
START -3292 -3728 17056 186 -7645 1056 END
START -2856 -3664 17472 555 -7614 1451 END
START -2756 -3776 18268 1177 -7709 1747 END
START -2492 -4568 18220 1051 -6868 2338 END
START -1976 -4368 18436 1164 -5563 3033 END
START -2000 -4240 18644 1644 -5086 3602 END
START -2240 -4576 17976 3357 -6238 3795 END
START -1560 -4068 18876 3398 -6367 4208 END
START -1520 -3848 18972 3441 -6923 4702 END
START -1528 -3656 19720 3873 -6843 4942 END
START -712 -3252 20180 4097 -6079 5401 END
START -832 -3244 19928 5921 -6221 5660 END
START -620 -3124 20768 4653 -5286 6515 END
START -1268 -3656 22776 -1289 -4609 8653 END
START -1892 160 20412 1835 -1901 8459 END
START -1076 -2240 20784 22 -1189 9508 END
START -1612 284 20612 613 -1288 9485 END
START -2000 820 20892 51 -1376 9272 END
START -2116 1344 20236 -50 -1065 8964 END
START -2376 1836 20372 130 -737 8645 END
START -2380 2268 19892 218 -477 8332 END
START -2388 3220 19544 789 79 7989 END
START -2236 3704 19688 976 600 7853 END
START -2404 4324 19072 885 1162 7679 END
START -2640 4872 19160 1271 1553 7311 END
START -2760 5548 19284 475 1730 7056 END
START -3200 6252 18640 -386 1594 6314 END
START -3244 6408 18188 -649 1447 5300 END
START -3160 6112 17708 -856 1257 4430 END
START -3324 5852 17252 -864 995 3463 END
START -2640 5964 17144 -658 409 2661 END
START -2760 5240 17008 -483 287 2025 END
START -2232 4960 16928 -525 381 1753 END
START -2452 4892 16780 180 455 1484 END
START -2168 4100 17280 -300 478 1339 END
START -2184 4628 16788 -638 541 1093 END
START -2216 4284 16492 -67 456 487 END
START -2012 3848 16920 116 211 -22 END
START -1796 3452 17372 -54 241 -364 END
START -1944 2844 16944 0 459 -624 END
START -1556 2388 17340 -129 252 -775 END
START -1496 2492 17304 -366 129 -999 END
START -1408 1876 17396 -285 77 -1180 END
START -1396 1516 17796 -427 -131 -1214 END
START -880 1264 18288 -876 38 -1083 END
START -612 1032 18816 -962 497 -634 END