START 148 300 17644 1465 106 1080 END
START 2060 1600 19988 1060 -415 1357 END
START -1088 228 15860 1899 -297 163 END
START 104 884 18304 1338 -816 666 END
START -132 864 18152 432 -1459 269 END
START -88 1188 18964 -327 -1916 -2 END
START -252 1520 19044 -950 -2274 -368 END
START -352 1340 19500 -1648 -2653 -763 END
START -208 1556 19412 -2173 -2556 -1070 END
START -232 860 19488 -1026 -2311 -1434 END
START -240 -64 19872 -103 -1789 -1215 END
START -76 -64 20196 1347 -1425 -835 END
START -376 -308 21604 2493 -1429 -262 END
START -600 524 22548 2108 -2054 248 END
START -388 1484 23868 1618 -3127 -12 END
START -580 1152 25256 -145 -3215 -180 END
START -328 968 25560 -2026 -2127 -220 END
START 88 764 24656 -2211 -219 -365 END
START -88 368 23500 -1387 1977 -214 END
START 60 208 22488 -216 4019 115 END
START 336 520 21216 919 5085 407 END
START 100 488 20676 2101 5470 654 END
START 156 608 20664 2169 5027 890 END
START 152 1076 20968 1903 4110 910 END
START 580 1152 21528 933 3380 972 END
START 804 1416 21764 -439 2774 1046 END
START 1056 908 21696 -1372 2751 1186 END
START 872 476 21140 -2423 3232 1669 END
START 964 540 19272 -1922 4210 2151 END
START 620 572 18284 -261 4933 2351 END
START 512 1132 17936 1156 5318 2276 END
START 300 1176 18680 2112 5298 2001 END
START 116 1220 18800 1631 5261 1851 END
START -148 1392 19052 1236 5308 1717 END
START -100 960 18972 -185 4501 1776 END
START 132 1544 18760 -1115 3998 1786 END
START 96 864 18316 -972 4065 1687 END
START 340 916 18492 -1806 4801 2055 END
START 328 1216 18284 -1829 5636 2318 END
START -164 1256 18856 -1769 6803 2671 END
START -636 1364 18840 -2438 8858 3317 END
START -1052 1296 18288 -1309 9803 3099 END
START -1596 2944 17376 602 9737 2252 END
START -1892 2376 17368 174 8986 1527 END
START -2168 3752 16888 107 8052 622 END
START -1912 2960 16872 -516 7802 158 END
START -1908 3208 16572 -1893 8503 91 END
START -1012 5424 24556 -3759 10017 -79 END
START -4104 1512 9760 -3106 8975 -440 END
START -4392 2704 10512 -2838 9340 -1328 END
START -3588 3936 15628 -2696 10207 -1892 END
START -3568 3296 14784 -1428 9546 -2872 END
START -3140 3516 15292 -927 7721 -3331 END
START -3592 3016 16012 -918 6991 -3570 END
START -3552 2936 16000 -2062 5916 -3695 END
START -3240 2704 15556 -2901 5661 -4004 END
START -3256 2668 15532 -3306 6486 -3957 END
START -3472 2808 16036 -3466 6721 -4314 END
START -3444 2556 15712 -3348 6217 -4721 END
START -2648 2064 15064 -2590 5912 -5202 END
START -2728 1808 14804 -1570 6954 -5385 END
START -5624 4404 15604 -2493 8332 -6269 END
START -3536 2032 15544 -2039 7169 -6302 END
START -3448 1704 13060 -2318 6731 -6369 END
START -4052 1892 13064 -2207 6324 -6503 END
START -4312 1700 12804 -2043 4773 -6826 END
START -4620 1512 13336 -1934 3997 -6757 END
START -4512 1488 12844 -1804 3865 -6689 END
START -4856 1752 12780 -1427 3428 -7050 END
START -5024 1420 13072 -1119 3087 -7721 END
START -4500 1136 13152 -797 2677 -8288 END
START -4552 616 13280 -575 2648 -8532 END
START -4140 -180 13316 -481 2695 -8582 END
START -4496 -932 12912 -506 2587 -8158 END
START -4496 -1100 12880 -582 1677 -7775 END
START -4500 -1196 12836 -803 767 -7510 END
START -4284 -1728 12748 -468 271 -7317 END
START -3920 -1780 12980 -51 259 -7001 END
START -3620 -1556 13344 12 -30 -6928 END
START -3548 -1932 13272 277 124 -6998 END
START -3608 -2516 12796 1151 350 -6943 END
START -3648 -2788 12876 1496 192 -6701 END
START -4168 -3116 12876 1217 -532 -6550 END
START -4004 -3092 12872 567 -2230 -6472 END
START -3620 -3240 12832 289 -3332 -6465 END
START -3196 -3636 13328 650 -3719 -6089 END
START -2976 -3980 13636 1332 -3439 -5621 END
START -3012 -4280 14024 1780 -2862 -5009 END
START -3440 -4732 14096 1916 -2795 -4425 END
START -3592 -4992 13920 1593 -3499 -4107 END
START -3704 -5140 14056 1021 -4504 -3833 END
START -3268 -5488 14036 894 -5298 -3784 END
START -2344 -5716 14620 1413 -5462 -3383 END
START -2080 -6164 15164 1869 -5146 -2322 END
START -2688 -6612 16200 2033 -6450 -1252 END
START -2224 -6412 15848 1727 -4762 -69 END
START -2784 -6380 15512 1655 -5460 617 END
START -2948 -6380 16068 1640 -7379 852 END
START -2556 -6496 15784 1817 -8955 797 END
START -2208 -6356 16884 1963 -9489 1008 END
START -2356 -6464 18932 1548 -10909 1430 END
START -1584 -7188 18708 1418 -9602 2521 END
START -1520 -7188 19576 2129 -7375 3967 END
START -1964 -6708 20156 2373 -7039 4870 END
START -1876 -6500 19760 2502 -7661 5119 END
START -1424 -6636 20008 2943 -7493 5496 END
START -1484 -6748 20904 3427 -7313 6203 END
START -1424 -6204 21364 3708 -7374 6989 END
START -1608 -5672 21316 4858 -7480 7697 END
START -1552 -4476 22224 6272 -6933 7787 END
START -1020 -3240 22368 6042 -5510 8444 END
START -964 -3244 20212 6336 -5510 8930 END
START -660 788 21056 -285 -334 10494 END
START -1684 -1708 21376 -871 -680 10572 END
START -1648 -488 16332 -1940 -1266 11838 END
START -2032 444 20136 1534 -974 10608 END
START -2892 156 20180 -681 -815 11131 END
START -3008 3232 19924 480 -786 10255 END
START -3492 2380 19468 51 -374 9523 END
START -3492 4752 19304 464 -287 8711 END
START -3908 4416 19628 913 -71 7696 END
START -3388 4968 19636 177 505 7026 END
START -3540 5084 19096 771 1174 6437 END
START -3492 4692 18716 610 1888 6098 END
START -3516 5124 18024 783 2221 5555 END
START -3272 4816 17556 486 2041 4972 END
START -2928 5080 16920 346 1540 4329 END
START -2828 4948 16928 104 1145 3889 END
START -2816 4928 16888 -60 910 3456 END
START -3060 4896 16868 -104 754 2892 END
START -3144 4800 16708 -255 771 2277 END
START -3148 4784 16716 -356 613 1480 END
START -2980 4268 16644 -518 511 704 END
START -2520 3760 16636 -186 576 101 END
START -2096 3080 16824 130 566 -81 END