START 160 -552 17656 -479 -754 197 END
START 988 1480 19432 -2131 -1009 867 END
START 1400 560 19780 -45 -1588 -849 END
START 132 -1392 15508 -40 -1531 192 END
START 672 -884 17400 -46 -1801 576 END
START 348 -924 17620 706 -1790 697 END
START -212 -700 17908 1047 -1704 611 END
START -176 16 18636 1195 -1848 245 END
START -396 -108 19200 1028 -1984 -219 END
START -560 -232 19612 385 -2566 -747 END
START -632 -628 20276 177 -3182 -1119 END
START -568 -1100 20136 -203 -3388 -1091 END
START -360 -1320 21920 623 -3219 -980 END
START -364 -1688 22784 605 -2882 -715 END
START -8 -1156 24196 1251 -3152 -855 END
START 536 -1680 25452 936 -3283 -883 END
START 896 -1628 26468 399 -2890 -807 END
START 892 -2020 26592 60 -1881 -624 END
START 1220 -2348 26380 -377 -599 -189 END
START 1380 -2008 25604 -653 1319 588 END
START 1256 -1828 23728 159 3420 1358 END
START 456 -1352 22648 1299 5018 1973 END
START -108 -124 21704 2441 5773 2139 END
START -656 576 21804 2829 5580 1730 END
START -1316 860 21800 2281 4664 965 END
START -916 1384 21700 1161 3561 196 END
START -952 720 21720 122 2568 -330 END
START -508 248 21276 -1581 2192 -239 END
START -240 172 20800 -2936 1720 -23 END
START 336 280 20428 -3627 1356 212 END
START 392 -164 19972 -3539 1679 408 END
START 932 -28 19712 -2730 2972 654 END
START 664 16 20008 -1564 5213 470 END
START 664 -276 19528 -1448 6675 705 END
START 428 -8 19672 -1415 7855 539 END
START 512 380 19356 -870 8086 95 END
START 576 332 19184 -681 8164 -164 END
START 1012 472 18516 -822 8551 -180 END
START 688 452 17656 -846 9638 52 END
START -108 -188 17168 -1235 10342 308 END
START -224 880 16740 -1944 10735 462 END
START -692 1072 15884 -1371 11215 118 END
START 2756 4036 22340 -2402 10665 415 END
START -376 3328 18024 -615 11112 -1514 END
START -1276 640 14436 -1509 10792 -1818 END
START -880 1468 16420 -1714 9949 -2041 END
START -1516 800 15748 -1112 9063 -2329 END
START -1320 516 15860 -1983 8678 -2438 END
START -1532 144 16020 -1952 8725 -2092 END
START -1460 84 14716 -2120 9502 -2054 END
START -1424 200 15492 -1588 9838 -1908 END
START -1292 96 14740 -726 7822 -2295 END
START -1496 380 14972 -1449 8142 -2558 END
START -1328 372 14484 -2040 7793 -2829 END
START -1184 160 14200 -2816 7154 -2965 END
START -1916 216 14992 -3861 6336 -3080 END
START -1784 -168 13728 -4364 6547 -3130 END
START -1868 -276 12984 -4063 8143 -3098 END
START -2972 56 14996 -3533 7269 -3470 END
START -2576 92 14208 -2855 5803 -3832 END
START -2660 296 13912 -2913 6260 -4150 END
START -2792 392 13780 -3218 6180 -4415 END
START -2552 128 12776 -3690 5956 -4480 END
START -2976 16 12316 -4163 5521 -4412 END
START -3548 92 11980 -4712 4152 -4662 END
START -3768 76 11452 -5103 3020 -5030 END
START -4116 -72 10852 -4532 2370 -5432 END
START -4628 -104 11520 -3966 1708 -6024 END
START -4600 -704 11220 -3225 1509 -6651 END
START -4140 -1084 11232 -1862 1916 -7056 END
START -4156 -1196 12368 -848 2214 -7528 END
START -3564 -1676 12540 -470 2824 -7992 END
START -2856 -2324 11872 -83 3466 -7761 END
START -3012 -2928 11496 270 3142 -7266 END
START -3288 -3564 10708 651 2312 -6859 END
START -3856 -3656 10912 1221 1200 -6563 END
START -4040 -3396 11752 1296 -212 -6741 END
START -3976 -3684 12036 1467 -944 -7145 END
START -3608 -3764 12956 1835 -940 -7038 END
START -3036 -3832 13012 2432 -706 -6693 END
START -3436 -4340 12984 3057 -131 -6328 END
START -3828 -4768 13436 3391 -458 -5908 END
START -4224 -5420 13384 3386 -772 -5557 END
START -3728 -5496 13424 3367 -1530 -5246 END
START -3444 -5800 13468 3136 -2347 -4853 END
START -2408 -6092 13624 2931 -3614 -4515 END
START -1680 -6744 13240 3293 -5235 -3825 END
START -1684 -7168 14124 3714 -5201 -2597 END
START -1968 -7632 14992 4118 -6554 -1470 END
START -2532 -7548 16152 4146 -7200 -642 END
START -2392 -6852 16120 4163 -8407 -161 END
START -1952 -6720 16328 4216 -10097 427 END
START -1260 -6264 16400 4479 -10831 1115 END
START -992 -6792 16580 5312 -10643 1823 END
START -1748 -6212 17224 4839 -10447 2613 END
START -2276 -6192 18388 3972 -11065 3013 END
START -2032 -5872 19524 5615 -10465 2723 END
START -2064 -6840 19132 6063 -10305 2518 END
START -1168 -6124 20732 4319 -9994 3032 END
START -368 -6164 21512 4223 -8553 3526 END
START -36 -6140 21008 4604 -6777 4574 END
START -420 -5980 21036 3700 -5479 5840 END
START -764 -5664 21700 3866 -5335 6710 END
START 812 -6100 26608 1119 -5729 7869 END
START -68 -2644 23920 1002 -5497 8425 END
START -252 -4656 23384 272 -3500 8593 END
START -428 -3772 23856 -206 -3366 8838 END
START -164 -3228 23908 -590 -2038 9150 END
START -24 -2848 23412 -475 -635 9866 END
START -472 -2176 22024 807 1030 10571 END
START -1224 -708 22068 2456 2202 10896 END
START -2040 848 22236 2145 3371 11031 END
START -3216 1760 21992 1952 4278 10511 END
START -3696 3596 23588 1 4426 9888 END
START -3788 6360 23988 2108 3503 8794 END
START -4560 4512 20276 161 3879 7620 END
START -4512 6428 18868 -477 3684 6586 END
START -4940 5440 17948 228 3824 5207 END
START -4988 5560 16896 -162 4177 4275 END
START -5000 5576 16444 1103 4095 3067 END
START -4832 4896 16576 665 3700 2031 END
START -4092 5504 16364 56 3124 1139 END
START -3524 4924 16588 -386 2451 479 END
START -3192 4064 16636 -757 1880 21 END