START -252 928 18200 565 -2806 329 END
START 2196 1220 19284 260 -3298 581 END
START -2044 -380 15660 1142 -2799 -634 END
START -280 -444 18016 1986 -2609 116 END
START 416 240 18076 2471 -2180 630 END
START 308 56 18476 3838 -1860 882 END
START -24 276 18936 3534 -1768 1248 END
START -92 1340 20000 3262 -2330 1310 END
START -416 1432 20896 3662 -3068 990 END
START -180 1700 21252 2306 -3155 1015 END
START -712 1344 22708 2964 -3035 838 END
START -1036 888 23468 2640 -2954 831 END
START -1208 912 24632 1478 -2949 914 END
START -1836 420 24928 1024 -2640 657 END
START -1072 548 25084 653 -2207 548 END
START -460 88 25088 1722 -755 812 END
START -68 84 25692 2106 316 1566 END
START -116 632 25824 2196 1194 2173 END
START -220 1200 25900 1836 2151 2486 END
START -532 1968 25468 1127 2775 2570 END
START -456 2176 24804 698 3536 2476 END
START -772 2436 23948 210 4194 2632 END
START -1092 2484 23260 -213 4460 2587 END
START -1272 3208 22516 -290 4599 2121 END
START -1004 3720 22404 -777 4521 1361 END
START -816 3484 22188 -604 5153 460 END
START -316 2988 21528 -1167 5349 179 END
START 432 2888 21920 -2579 6056 867 END
START -120 1832 20812 -256 8200 937 END
START -264 1236 19940 -457 9236 1392 END
START -184 2076 19832 193 9552 1427 END
START -316 3096 20364 -292 9423 1128 END
START 140 2972 19640 -1713 9544 878 END
START -28 3424 19304 -2245 10045 673 END
START 104 2936 18508 -3605 10920 739 END
START 32 3828 17704 -4441 11903 663 END
START -748 3360 17308 -4378 12647 478 END
START -2464 2244 10408 -3022 12924 -198 END
START -2368 4084 14252 -5466 12222 -486 END
START -2112 1180 17256 -4855 13915 -1334 END
START -1960 4480 16928 -5006 12133 -1946 END
START -1872 3800 15660 -4683 10907 -2482 END
START -1600 2944 14596 -4135 11880 -2803 END
START -1676 3220 14892 -4187 12748 -3064 END
START -1216 4280 15220 -4097 15042 -3010 END
START -2200 3068 13708 -2452 12023 -3094 END
START -2412 3708 14392 -2432 10983 -3509 END
START -2896 3636 14336 -2791 8832 -4105 END
START -3092 4520 13480 -5112 9474 -5633 END
START -3832 3960 12176 -5996 8687 -6539 END
START -3064 3764 11304 -5367 7668 -7369 END
START -3112 2836 11408 -5348 5993 -7878 END
START -2868 2252 11140 -5010 4365 -7770 END
START -2936 2008 11012 -5025 4198 -7290 END
START -3184 1816 10312 -4834 3394 -7002 END
START -4036 2384 10628 -4645 3000 -7308 END
START -4032 2396 9984 -3780 1691 -8059 END
START -4312 2024 10256 -2776 2545 -8709 END
START -4432 1340 10932 -2043 2384 -9109 END
START -4180 504 10688 -1828 2503 -9062 END
START -4216 -84 10532 -1009 2484 -8646 END
START -3988 -808 10960 -203 1557 -8126 END
START -4464 -812 11184 406 1832 -7765 END
START -4428 -656 11708 653 1942 -7486 END
START -4976 -480 11960 968 1431 -7792 END
START -4796 -484 11688 1806 1370 -8616 END
START -4920 -1016 12076 2854 1275 -9203 END
START -4684 -1908 12620 3515 1333 -9489 END
START -4400 -2700 12884 3519 961 -9454 END
START -3828 -3544 12860 3501 445 -8977 END
START -3496 -4096 13048 3488 102 -8135 END
START -3672 -4264 13632 2925 -954 -7310 END
START -3424 -4212 13500 2548 -1731 -6802 END
START -3920 -4540 13552 3088 -1564 -6280 END
START -3852 -4792 14156 3760 -1722 -6009 END
START -4232 -5040 14884 3860 -1683 -6003 END
START -3892 -5336 15188 3689 -2212 -6073 END
START -3344 -5392 15156 3437 -1914 -5589 END
START -3420 -5492 15308 3618 -2030 -4996 END
START -2652 -5828 14840 4131 -1261 -4094 END
START -3048 -6060 14304 5047 -434 -2609 END
START -3968 -5960 14768 5535 -1031 -1554 END
START -4804 -4976 15716 3959 -2588 -1195 END
START -4872 -4692 14976 2147 -4188 -1476 END
START -4140 -4444 14584 1562 -5185 -1714 END
START -3792 -4704 15116 1523 -5546 -1703 END
START -3352 -4920 15468 1719 -5941 -1307 END
START -3860 -5404 14976 2077 -4412 -768 END
START -3660 -5892 14116 3245 -4234 -150 END
START -3724 -6332 14956 3434 -5012 647 END
START -3724 -6064 16048 2272 -6604 1208 END
START -3028 -5736 16668 1293 -10645 1533 END
START -2848 -5344 18044 869 -11827 2031 END
START -2324 -5828 17660 773 -11757 2723 END
START -2492 -6052 18092 450 -9988 3686 END
START -2556 -5988 18544 820 -7638 4637 END
START -2888 -5792 19220 1540 -6114 5009 END
START -2696 -5620 20044 1919 -6596 4878 END
START -2068 -5684 20460 1858 -7689 4715 END
START -1412 -6236 21000 1856 -7788 5502 END
START -1648 -6112 21436 1793 -7848 6811 END
START -1532 -5888 22164 2314 -8894 7794 END
START -788 -4952 21152 3436 -9123 8724 END
START -1640 -3608 20840 5501 -8331 8973 END
START -1144 -2976 21284 6715 -8081 8692 END
START 2608 868 22440 -856 -3810 9823 END
START -1808 -2136 22224 -1407 -1461 10592 END
START -816 -1016 21908 -976 -1730 11159 END
START -1848 448 22272 -1468 -960 11539 END
START -2316 1760 21008 -1825 -622 11421 END
START -2760 2912 19500 -340 -188 10671 END
START -3320 2432 20216 -118 -240 9880 END
START -2932 5036 20024 -1196 110 9297 END
START -3292 3816 20024 594 1212 8405 END
START -4256 2988 19060 2307 1627 7962 END
START -2824 4544 15676 -3468 1471 8981 END
START -4016 7732 17864 1398 2618 6870 END
START -4292 4780 17388 -695 1862 6300 END
START -4412 7952 16044 611 1060 4902 END
START -4452 6204 17388 827 512 3618 END
START -4260 6328 17156 57 500 2583 END
START -3636 5776 17228 762 606 1586 END
START -3116 4876 17416 357 597 1048 END
START -2440 4924 17536 207 445 543 END
START -1748 3864 17736 -457 268 387 END
START -1616 3180 17328 -879 145 448 END