START -3916 -312 14828 -256 -2354 944 END
START -2164 684 16316 194 -3543 1225 END
START -3964 -1476 13240 384 -2769 527 END
START -3460 -1324 14332 1454 -2497 386 END
START -2432 -1980 15108 2081 -2617 668 END
START -2164 -1788 15012 2479 -3555 926 END
START -1996 -1920 14768 3235 -4636 1080 END
START -1540 -1836 15432 4411 -5323 1303 END
START -1708 -2536 16000 3360 -7178 2143 END
START 476 -2220 16284 -473 -4738 3952 END
START -1684 176 16556 -10 -4109 3942 END
START -2672 -4008 17720 -585 -6221 4241 END
START -1744 -1692 18136 -942 -6343 4301 END
START -1804 -2024 19592 -1938 -6728 4520 END
START -1340 -2148 20760 -2469 -7147 4721 END
START -1340 -2208 21200 -2221 -6165 5166 END
START -1020 -2144 21868 -2047 -5491 5855 END
START -1136 -2056 22588 -1523 -3935 6763 END
START -1264 -1352 22576 -1500 -2526 7622 END
START -1992 -600 22472 -1477 -1728 7894 END
START -2248 116 22096 -1550 -1647 7831 END
START -2812 556 22132 -1901 -1813 7621 END
START -2784 876 22436 -2270 -2079 7452 END
START -2564 1008 22648 -2833 -2164 7529 END
START -2584 1512 22956 -3300 -1708 7790 END
START -2616 1800 22904 -3750 -1374 8061 END
START -2732 1924 22656 -3530 -685 8009 END
START -2772 2116 22580 -2985 -87 7926 END
START -2664 2788 22944 -2477 808 7775 END
START -2892 3224 22912 -2375 2167 7292 END
START -2680 3344 22652 -2602 3358 6777 END
START -3000 3432 21748 -2163 4020 6347 END
START -2908 3732 21348 -842 4783 5869 END
START -3016 3808 21116 -1070 5519 5690 END
START -3272 3636 20908 -2263 6000 5459 END
START -3020 5000 19872 -1336 6640 4841 END
START -3640 3608 19348 -2657 7221 4571 END
START -3800 5252 18392 -5281 8768 4284 END
START -3752 4296 18908 -5026 9386 3888 END
START -4572 4672 23068 -8359 10274 4096 END
START -4336 3340 18944 -5271 10190 2930 END
START -3572 4544 19472 -5548 9865 2361 END
START -4156 3696 17140 -3913 12561 1681 END
START -5028 4084 17744 -3935 11601 1074 END
START -5464 4596 18516 -3177 8926 239 END
START -5124 3756 15476 -2716 8392 -358 END
START -5744 5344 15940 -2416 10227 -2184 END
START -6816 4780 16320 -1716 8694 -3999 END
START -5988 4668 15680 -1687 7873 -5354 END
START -4900 4324 14132 -2790 7174 -6099 END
START -5496 3896 13576 -4118 6064 -6605 END
START -5556 3760 13064 -5022 4010 -6877 END
START -5920 3404 12728 -5225 3710 -7264 END
START -5984 3892 12212 -4676 3148 -8118 END
START -5688 3672 11900 -2863 3727 -9511 END
START -5320 2960 12216 -859 4898 -10529 END
START -5632 2576 13468 -213 6541 -12268 END
START -4704 1388 13012 303 6951 -12709 END
START -3524 368 12108 1263 6952 -12466 END
START -3624 -556 12720 1311 6981 -11771 END
START -3844 -324 11984 630 5243 -11163 END
START -4332 -1136 12064 329 3469 -10385 END
START -4264 -1784 11596 971 2544 -10002 END
START -4380 -2324 12440 1837 2171 -9716 END
START -4048 -3188 12860 2268 2322 -9546 END
START -3604 -3716 12560 2525 2279 -8939 END
START -3412 -3764 12836 2767 1806 -8539 END
START -3800 -4268 12916 2702 1302 -8071 END
START -3604 -4668 13128 2875 643 -7559 END
START -3412 -5304 13372 3554 1131 -6844 END
START -3296 -5492 13708 4273 2102 -5903 END
START -3204 -5348 13836 4358 2085 -5175 END
START -2668 -5328 13328 4173 1462 -4555 END
START -2704 -5544 12744 4144 784 -3709 END
START -3384 -5716 12688 4365 1 -2984 END
START -3788 -5384 13268 4434 -707 -2419 END
START -3928 -5152 13424 4273 -1302 -2179 END
START -3440 -5152 13684 4515 -1555 -1913 END
START -3132 -5116 13412 4919 -1595 -1270 END
START -2988 -5212 13736 5225 -1611 -511 END
START -3424 -5060 14216 4825 -1659 408 END
START -3892 -4800 14392 4375 -1776 1293 END
START -4512 -4512 14532 4785 -3622 1964 END
START -4616 -3784 13848 4934 -3714 2379 END
START -4532 -3696 14220 4967 -5316 2135 END
START -3868 -3380 13992 5044 -5180 2092 END
START -3692 -3132 15044 5528 -5326 2245 END
START -3688 -2988 15896 5394 -5196 2437 END
START -3824 -3180 15872 4593 -5885 2793 END
START -4392 -2548 15340 4093 -6492 2896 END
START -3848 -1900 14704 4642 -8609 2605 END
START -4080 -2048 14436 4608 -9254 2399 END
START -3648 -1768 15836 5249 -11112 1836 END
START -2704 -1108 16028 7147 -11239 1301 END
START -1260 -1720 15004 7802 -11276 1512 END
START -1400 -1796 14788 9608 -9986 2024 END
START -1824 -1448 15104 12625 -9386 2274 END
START -2660 -3332 17996 5458 -8488 3031 END
START -952 4092 7848 -1147 -5999 4848 END
START -2300 -3200 11728 8458 -9224 2147 END
START 40 1880 16428 3849 -12045 3314 END
START 336 1796 11592 3796 -7927 3017 END
START 604 -4 17400 2576 -10184 3286 END
START 204 1812 13232 306 -11337 4079 END
START 208 2304 14100 3615 -11025 2941 END
START 112 -88 14588 2879 -11665 3359 END
START 872 1808 15600 4398 -12026 3390 END
START 1420 508 16020 4182 -11893 4183 END
START 1496 2300 17024 4977 -12321 4936 END
START 332 2236 17832 4185 -12961 5349 END
START -228 3920 20048 3054 -14855 5159 END
START -8 3692 19848 2501 -13778 4615 END
START -528 2724 22968 2058 -12711 4281 END
START -948 4108 24304 1841 -16024 3325 END
START 40 4464 25396 1749 -14402 2317 END
START 432 4072 25460 2410 -12035 1973 END
START 880 3500 26008 2878 -10395 2081 END
START 1896 5904 25636 3061 -8145 2817 END
START -212 2196 26604 3187 -6500 3177 END
START -676 3852 26352 2321 -6506 3231 END
START -836 4720 25332 2859 -5611 3236 END
START -1300 6020 26100 3762 -5145 2519 END
START -1476 6716 26608 1592 -4546 2106 END
START -624 6844 27596 1696 -4004 1516 END
START -1060 6776 27472 1471 -2763 1103 END
START -1120 7316 27112 1412 -1350 554 END
START -1544 7392 27016 1191 -19 -289 END
START -1524 7692 26240 -958 -214 -1239 END
START -780 7744 25756 -629 -126 -2289 END
START -492 7080 26172 -1046 881 -2937 END
START -108 7624 26136 -1371 2547 -3654 END
START 464 6568 25464 -1847 4313 -3780 END
START 1052 6336 24848 -1514 6040 -3845 END
START 864 6648 24308 -1466 6753 -4002 END
START 752 7020 23908 -2066 6732 -4479 END
START 308 7180 23732 -2612 6314 -5354 END
START 76 7964 24184 -3424 7446 -6188 END
START 240 6384 26508 -4201 6576 -6320 END
START 1512 8432 23200 -2665 7562 -5992 END
START -4 6972 24056 -3140 8286 -7256 END
START 84 7208 23564 -3575 9665 -7299 END
START 180 6880 22032 -2762 11477 -8067 END
START 80 6880 21800 -2326 12152 -8787 END
START 372 6976 21180 -3109 13204 -9616 END
START 772 5624 20172 -2736 13399 -10436 END
START 1216 5052 18904 -4650 13197 -10488 END
START 1816 4032 16928 -4795 12782 -10904 END
START 1840 3092 15764 -6832 12641 -10483 END
START 1864 3284 14236 -6917 12913 -10510 END
START 2356 2168 15956 -7979 12132 -10253 END
START 2336 -868 11648 -10296 15396 -9933 END
START 3568 -220 16208 -6310 15515 -10240 END
START 2544 -3940 10316 -5884 17486 -8782 END
START 2896 -4744 9224 -2622 15210 -8090 END
START 2712 -4924 9200 -3035 11372 -6673 END
START 3344 -5756 7812 -3183 9425 -5024 END
START 2592 -6016 8460 -2510 5938 -3356 END
START 2104 -5144 9164 -2467 4375 -1656 END