START -2828 -1176 16592 -2422 -1915 2435 END
START -2256 616 19808 -3488 -2252 2346 END
START -2668 -664 14516 -4041 -1494 2608 END
START -2376 -1140 14720 -99 -1708 1563 END
START -2296 -1116 15232 296 -1681 1653 END
START -2188 -1160 15808 1919 -1967 1303 END
START -1692 -1640 16488 1448 -2458 1554 END
START -1368 -1280 16724 1399 -2918 1911 END
START -1372 -2168 17848 495 -3141 2610 END
START -1204 -1504 17988 -1042 -2981 3642 END
START -1900 -1544 18128 -1650 -3292 4231 END
START -1992 -1176 17888 -2349 -3782 4282 END
START -1900 -1392 17536 -1371 -4085 3876 END
START -1780 -1800 17988 -377 -4152 3645 END
START -1452 -1776 18928 788 -3966 3492 END
START -1104 -2408 20024 968 -3526 3618 END
START -984 -2436 20656 248 -3326 4170 END
START -600 -1940 20976 -524 -3698 4818 END
START -312 -2244 21640 -729 -3773 5497 END
START -296 -2516 22036 -1011 -3252 6641 END
START -456 -1648 22372 -756 -2339 7614 END
START -768 -1108 22448 17 -1162 7927 END
START -980 -228 22296 473 -210 8120 END
START -1488 756 22596 753 190 8011 END
START -2016 1548 22736 73 56 7632 END
START -2240 2084 22840 -933 -280 7215 END
START -2456 2248 22488 -2004 -649 6859 END
START -2888 2000 21892 -2865 -878 6712 END
START -2496 2588 21192 -2261 -787 6414 END
START -2472 2660 21580 -1264 -528 6170 END
START -2680 2800 21812 -422 447 5787 END
START -2648 3180 22280 23 1422 5461 END
START -2748 3244 22448 -526 2004 5110 END
START -2648 3372 21716 -508 3001 4773 END
START -3236 2768 20532 -372 3131 4263 END
START -2552 3952 20504 -611 3851 4124 END
START -2812 3876 19788 -132 4247 3688 END
START -3052 3912 19468 -499 4343 3301 END
START -2856 3784 18768 -183 4572 2885 END
START -3420 3892 18688 -294 4614 2469 END
START -3348 3852 18196 -1557 5049 2054 END
START -3064 4128 18196 -3186 5701 1850 END
START -3032 3892 17896 -4885 5959 1631 END
START -3164 4296 16676 -5624 5498 1294 END
START -3284 2620 16440 -5160 6132 788 END
START -3848 2956 15608 -5177 7649 397 END
START -3796 3836 17948 -4275 6566 -362 END
START -3988 2948 17384 -2720 7212 -835 END
START -3768 3276 17452 -2689 7145 -1318 END
START -4488 3436 16808 -1519 7421 -2170 END
START -3996 3540 17660 -2539 7877 -2810 END
START -4268 3288 16548 -2401 7231 -3543 END
START -4352 3696 16204 -1993 7439 -4421 END
START -4404 3124 15864 -901 7169 -5233 END
START -3912 3112 16048 -309 8031 -5993 END
START -3520 2148 15352 -314 9270 -6290 END
START -2936 2740 14832 -1418 11675 -6776 END
START -3680 2240 15244 -1769 8932 -6499 END
START -3752 2088 14032 -2200 6525 -6647 END
START -3808 2072 13100 -2602 4000 -7096 END
START -3964 2144 12824 -2335 3800 -7582 END
START -4140 1720 13564 -1843 3011 -8398 END
START -4112 1188 14012 -1578 3234 -8978 END
START -3640 632 13120 -650 4306 -8983 END
START -3728 456 13304 310 4456 -8826 END
START -3580 -28 13368 549 4347 -8562 END
START -3476 -548 12700 676 3933 -8060 END
START -3616 -712 12756 606 3507 -7377 END
START -4180 -904 12676 245 2171 -7161 END
START -4372 -920 12540 -209 1226 -7161 END
START -4596 -1104 12592 21 526 -7411 END
START -4476 -1532 13128 660 449 -7665 END
START -4124 -1980 13756 1482 866 -7785 END
START -3936 -2600 14472 2277 1480 -7792 END
START -3044 -3200 14460 2907 2708 -7301 END
START -2716 -3588 14188 3024 3429 -6204 END
START -2740 -3956 13412 2884 2965 -5250 END
START -2820 -4244 12776 3118 2310 -4232 END
START -3204 -4012 12952 3224 1279 -3514 END
START -3360 -3916 13288 2746 42 -3199 END
START -3100 -3728 13268 2727 -526 -2831 END
START -2648 -3800 13280 3292 -158 -2301 END
START -2704 -3520 13640 3412 103 -1428 END
START -3496 -3744 13656 2756 -328 -1136 END
START -3268 -4000 12480 2771 -965 -835 END
START -3992 -4328 12096 3630 -1076 -366 END
START -4312 -4200 12836 3895 -2324 -346 END
START -3400 -4380 13140 3845 -3208 -250 END
START -2728 -3920 13836 3765 -3676 496 END
START -2724 -3624 14588 3771 -6050 1037 END
START -3100 -3336 14504 3867 -7782 1347 END
START -3176 -2692 13832 4054 -9152 1461 END
START -2972 -2096 13588 5693 -10167 844 END
START -2816 -3044 12812 6708 -9124 475 END
START -2148 -2668 13460 7392 -10377 -65 END
START 396 -3412 11204 6575 -11093 867 END
START 36 -2324 13320 10286 -12273 582 END
START -1172 -1896 14732 8611 -12491 1998 END
START -2212 -540 16048 10142 -14804 1335 END
START -1556 -948 6964 106 -10736 2589 END
START -1732 2736 15256 2554 -9415 889 END
START -292 -2252 17704 1073 -12075 690 END
START 1996 2852 15952 1107 -10652 360 END
START 2072 -296 14976 3518 -9107 1622 END
START 1996 -1148 14988 2563 -8244 3191 END
START -92 2148 13660 4388 -9174 3481 END
START -624 968 17324 2816 -11641 3864 END
START -2016 4052 15628 1866 -13339 3490 END
START -1892 2768 19436 2277 -15405 1459 END
START -508 4296 22000 1813 -15438 -245 END
START 1092 2352 22428 1787 -14746 -833 END
START 3440 764 22176 2852 -10866 -619 END
START 3208 -968 19668 2415 -8195 1389 END
START 2444 -684 22312 3987 -6931 2776 END
START 1200 -316 21608 4151 -7242 3914 END
START 52 636 21628 3874 -8319 4844 END
START -792 1624 22904 3193 -10207 4861 END
START -400 2692 25140 2384 -10798 4587 END
START -404 3208 25880 2432 -10636 4249 END
START -452 3788 26792 2057 -8714 3552 END
START 76 3764 26208 1815 -6722 4009 END
START -792 3080 25932 5801 -5471 2083 END
START -700 3248 24264 3009 -2904 2975 END
START -1036 3280 22996 4105 -2239 3049 END
START -800 4500 23420 4347 -1092 2823 END
START -1092 5116 23148 2939 -1787 2311 END
START -588 5472 22900 2359 -2741 1320 END
START -304 5668 23792 1857 -2143 862 END
START -660 5572 23896 762 -1738 560 END
START -784 6160 24040 -49 -1231 100 END
START -1200 6444 24500 -1405 -942 -735 END
START -1064 6184 23504 -1484 -463 -2175 END
START -328 5844 23464 -946 341 -2837 END
START -368 5680 24612 -636 1369 -3747 END
START 704 5372 25136 -1346 2259 -4006 END
START 1016 4756 25144 -1507 3264 -3917 END
START 1140 4788 25644 -2496 4035 -3385 END
START 576 5212 25260 -3055 4889 -3230 END
START 388 5708 25008 -3725 4765 -3601 END
START -336 5756 24984 -4257 5284 -4645 END
START 0 5188 24072 -4217 6029 -5801 END
START 544 4120 23440 -3522 7376 -6329 END
START 900 3376 23204 -2746 8866 -6292 END
START 1388 3052 22528 -2978 10097 -5884 END
START 1340 2936 21464 -2709 11346 -5373 END
START 1300 3468 20596 -3085 11531 -5096 END
START 1272 3456 19504 -3654 11131 -5274 END
START 1376 3136 18880 -3812 11164 -5588 END
START 1224 2128 18048 -4343 11324 -5573 END
START 1292 2732 16828 -4395 11541 -5930 END
START 1248 1776 15256 -4549 11722 -6203 END
START 1448 1840 14384 -5619 11900 -6133 END
START 1964 2124 13808 -4980 12767 -6272 END
START 1900 -2204 12552 -7069 12726 -5345 END
START 1992 912 9900 -6164 12892 -4918 END
START 2228 -2448 13532 -3055 11641 -5034 END
START 2120 -1916 10060 -3408 9416 -4320 END
START 2084 -2640 9888 -2840 7772 -3588 END
START 1724 -2696 10024 -2767 6023 -2619 END
START 1588 -2780 9964 -1530 5014 -1939 END
START 1280 -2524 10308 -967 3901 -1292 END
START 884 -2228 10404 -1196 2868 -590 END
START 156 -1988 10252 -510 1949 -29 END
START -472 -1212 11552 319 915 195 END
START -964 -628 12988 -252 7 109 END
START -968 -608 13388 -1064 -575 -194 END
START -968 -408 13960 -1176 -832 -334 END
START -856 -120 14928 -1187 -775 -256 END
START -996 -624 15824 -1343 -622 -327 END