START -3544 -496 17784 526 -362 493 END
START -3304 92 13420 -1451 -1313 746 END
START -4116 -388 18064 410 -1163 9 END
START -3720 -424 17304 153 -350 -447 END
START -3372 -812 16768 728 -69 -694 END
START -3516 -1004 16444 1270 246 -496 END
START -3304 -1276 16924 2024 335 -95 END
START -2892 -1140 17188 1526 22 431 END
START -2756 -908 17524 706 -455 898 END
START -2672 -828 17596 249 -873 1245 END
START -2848 -752 17256 47 -976 1455 END
START -3508 -624 16992 -120 -790 1375 END
START -3576 -220 16808 -702 -940 1008 END
START -3480 -916 16068 -838 -720 635 END
START -3236 -828 15328 178 -861 315 END
START -2948 -1504 15076 1453 -1061 -37 END
START -2368 -2024 15336 1885 -1140 216 END
START -2196 -2944 15552 1544 -1823 864 END
START -1884 -3100 15280 1337 -2798 1543 END
START -1684 -3436 15084 1403 -3318 2243 END
START -1536 -3316 14552 1794 -3784 2687 END
START -1164 -4200 15532 2292 -4207 2950 END
START -684 -3332 15976 2897 -4039 3553 END
START -1108 -3996 16804 3616 -4183 4255 END
START -1632 -3128 16984 4132 -5275 4667 END
START -2276 -2304 20700 5428 -5544 3715 END
START -1892 -1840 18900 -305 -4661 5764 END
START -1936 -2748 19972 344 -5120 5598 END
START -1264 -1480 19932 -68 -4513 5867 END
START -1320 -2424 20288 557 -4079 6216 END
START -1268 -1964 21096 1133 -3159 6747 END
START -1240 -1360 21852 1112 -2577 7312 END
START -1268 -616 21964 1060 -1943 7888 END
START -1672 168 21944 1233 -1121 8315 END
START -2356 1432 22652 1314 -770 8182 END
START -2960 2172 22928 727 -592 7553 END
START -3220 2524 23048 97 -307 6981 END
START -2900 2628 23260 -549 6 6588 END
START -2960 2868 22832 -1248 217 6355 END
START -2824 2912 22356 -1336 490 6208 END
START -3164 3588 22376 -1138 719 5923 END
START -2956 4340 22780 -591 1119 5381 END
START -3160 4536 22952 -396 2012 4872 END
START -3308 4448 23184 -333 3084 4448 END
START -3564 5112 23432 -710 3654 3897 END
START -3236 5408 22884 -1332 4432 3032 END
START -3212 5260 22080 -2365 5532 2374 END
START -2780 6632 20856 -2060 6671 1347 END
START -2948 5472 21096 -1904 7478 407 END
START -2476 5240 20536 -3533 9354 499 END
START -2828 5896 20500 -3935 9733 505 END
START -3428 3472 19716 -5592 10448 525 END
START -2608 6376 21680 -4660 10720 107 END
START -3796 3176 15908 -4838 12205 -583 END
START -4732 4836 16436 -3729 10997 -1859 END
START -4952 5372 17088 -3757 10548 -3434 END
START -5152 4264 15880 -4308 12153 -4600 END
START -3236 4264 15692 -3972 5271 -4967 END
START -4364 3612 15812 -3105 4515 -5471 END
START -5336 5292 18368 -5092 5814 -6615 END
START -4024 2928 14680 -3419 6590 -5796 END
START -4140 2636 13740 -2639 7130 -5973 END
START -4272 3384 14856 -2621 7506 -6173 END
START -4532 3584 13536 -2639 6010 -6986 END
START -5096 3588 13880 -3456 6245 -8071 END
START -4508 2976 12268 -3933 4354 -9184 END
START -4032 2292 11396 -3523 3937 -9807 END
START -4304 1240 11292 -2271 4706 -10041 END
START -4032 696 12116 -1223 3595 -10123 END
START -3648 164 12512 -965 3672 -9783 END
START -3736 -260 12232 -1057 3598 -9308 END
START -3220 -548 11872 -980 3100 -8938 END
START -3436 -900 11532 -692 2818 -8643 END
START -3224 -1356 12160 -427 2121 -8588 END
START -3260 -2216 12232 -61 2397 -8291 END
START -3344 -3084 11836 1099 2626 -8047 END
START -2692 -4116 12144 2666 2991 -7512 END
START -2212 -5312 12448 3669 3260 -6597 END
START -1884 -5732 12692 3867 2938 -5523 END
START -1860 -5920 12608 3824 2558 -4405 END
START -1796 -5892 12416 3860 1752 -3586 END
START -2040 -6028 12276 4140 1436 -2631 END
START -2452 -5920 12752 4289 1341 -1654 END
START -3136 -6132 12868 4063 441 -1071 END
START -2656 -6144 12748 4149 -387 -335 END
START -2592 -6252 12912 4978 -810 751 END
START -2660 -5636 14060 5166 -880 1729 END
START -2768 -4808 14620 4431 -1266 2388 END
START -3364 -3704 14784 3621 -1745 2598 END
START -4284 -3248 14052 3268 -1911 2382 END
START -4580 -2964 14232 3104 -2612 2074 END
START -4312 -2560 14200 2506 -3841 1683 END
START -3968 -3264 12684 3659 -5430 1343 END
START -2912 -2564 13120 4562 -6821 1125 END
START -3072 -2108 14104 5395 -8771 1048 END
START -2964 -2156 14544 5865 -9803 1285 END
START -3244 -3764 14808 6205 -10180 2080 END
START -3080 -2540 14756 6669 -10209 2563 END
START -3316 -968 15412 8032 -11102 2034 END
START -1728 -1168 15280 13341 -11193 597 END
START -380 104 14812 10417 -11914 1117 END
START 2376 212 10432 -167 -5545 3342 END
START -2240 -3968 16980 3620 -7741 3689 END
START -596 -548 15076 804 -5774 4627 END
START -1212 -3248 14188 3427 -6686 4703 END
START -816 -1608 15764 1840 -7948 5922 END
START -664 76 16612 2373 -8830 6026 END
START 172 4 17048 1585 -9373 5956 END
START 732 712 17740 2465 -8811 6160 END
START -120 1084 18524 2170 -8520 6588 END
START -1268 2192 16884 2627 -7977 6112 END
START -2032 1344 16644 2631 -8887 5802 END
START -1572 2856 17032 3586 -9987 5706 END
START -1132 2960 18496 3787 -11037 5608 END
START -172 3584 20084 3408 -11050 5769 END
START -636 3884 20888 2547 -10580 5827 END
START -1136 4704 20504 2293 -10219 5266 END
START -2420 3748 20664 2704 -10232 4440 END
START -2280 4116 21164 2513 -10302 4254 END
START -2244 5004 22452 3864 -9708 3718 END
START -2128 5280 23112 3534 -8754 3562 END
START -2368 5652 26772 3824 -8026 2756 END
START -1900 6376 25156 1782 -8109 2751 END
START -2680 6248 25640 1930 -7663 2211 END
START -2864 6320 26076 1696 -7245 1764 END
START -3068 6452 26676 1725 -6265 1360 END
START -3336 7176 27348 1774 -5161 586 END
START -2808 6964 27968 1393 -3854 -248 END
START -2416 6676 28708 638 -2580 -706 END
START -1896 6504 27800 321 -1072 -712 END
START -2216 6804 27528 397 729 -677 END
START -2564 7052 27148 -71 1793 -1056 END
START -3008 7732 26460 -197 2595 -1856 END
START -3048 8292 26376 -571 2756 -3039 END
START -2888 8660 26256 -1334 3138 -4123 END
START -2636 8408 25612 -1553 3774 -5080 END
START -2572 8280 25432 -1690 4566 -5672 END
START -2384 7868 25388 -2568 6240 -6150 END
START -2672 9784 26372 -2678 10542 -7106 END
START 192 10052 29968 2683 7899 -7424 END
START -2628 9360 25192 -3592 9754 -9412 END
START -1984 9208 23684 -1154 9115 -11634 END
START -1584 6776 23120 -4175 9490 -12157 END
START -480 6972 22020 -3138 9746 -12994 END
START 268 4388 21740 -4068 11082 -12681 END
START 996 4976 20716 -3501 12284 -12542 END
START 932 3536 19832 -3661 13151 -12504 END
START 1416 3260 17988 -4667 13363 -12551 END
START 1932 1988 16512 -5285 13152 -12444 END
START 2364 1976 15044 -6932 13048 -11970 END
START 584 -604 15172 -8506 12308 -12023 END
START 3568 -312 11300 -8804 11857 -11359 END
START 2652 -2864 11232 -9064 11130 -11263 END
START 3180 -4608 8408 -8893 15349 -9080 END
START 2828 -5192 13316 -6298 15446 -7809 END
START 1940 -5416 9956 -4681 11622 -5783 END
START 1492 -5232 8872 -4097 6922 -4717 END
START 1856 -5232 7468 -2567 4934 -3831 END
START 1496 -5084 7568 -1099 4856 -3383 END
START 784 -4840 9388 -301 3353 -2842 END
START 548 -5108 9952 -236 2814 -2031 END
START -44 -4736 10336 -695 1682 -1108 END
START -864 -4176 10732 -1149 199 -414 END
START -1260 -3488 11312 -1649 -983 -70 END
START -1996 -2916 12136 -1966 -1644 127 END
START -2380 -2452 12308 -1369 -1533 220 END
START -2664 -1884 12712 -2 -961 562 END
START -3000 -1172 14120 485 -969 839 END
START -3244 -852 15100 48 -1247 956 END