START -4252 12 17424 1491 809 878 END
START -5088 1800 18476 -812 -70 1176 END
START -5288 184 15304 1207 184 550 END
START -4092 324 15984 -404 393 872 END
START -4064 -52 15096 540 -504 509 END
START -3592 -280 15148 300 -957 594 END
START -3300 -548 14632 638 -1324 697 END
START -2868 -944 14824 900 -1412 899 END
START -1880 -1096 14748 1334 -917 1245 END
START -1840 -1680 14416 1509 -815 1850 END
START -1884 -2312 14308 1002 -1598 2359 END
START -1620 -2776 13116 453 -2715 2726 END
START -1588 -3128 11748 886 -3217 3128 END
START -1360 -3388 12340 2205 -4269 3302 END
START -1544 -3636 12764 3245 -5501 3576 END
START -1244 -3308 14220 5184 -7380 3890 END
START 528 -2240 19324 3536 -5502 4743 END
START -900 -780 15936 406 -4471 6129 END
START -1812 -3944 18080 910 -6023 6275 END
START -1452 -612 17908 -659 -5756 6869 END
START -2036 -1960 19336 836 -5548 6983 END
START -2592 -1280 19976 -465 -5586 7605 END
START -2308 -248 20980 712 -5421 7387 END
START -2752 -1240 21900 14 -5171 7703 END
START -2480 -272 22776 -211 -4896 7908 END
START -2824 108 23048 -432 -4169 8236 END
START -3216 816 23476 -623 -3503 8598 END
START -3752 1680 23840 -1329 -3041 8885 END
START -5008 2368 23948 -764 -1781 8560 END
START -5664 3320 24376 -1050 -1230 7815 END
START -5044 3916 24572 -1449 -814 6985 END
START -4352 4244 24864 -1626 -197 6255 END
START -4128 4620 25136 -2001 565 5791 END
START -3512 4828 25072 -2411 1521 5586 END
START -3396 5108 24320 -2244 2815 5508 END
START -3444 5744 23892 -1987 3916 5326 END
START -3508 6364 23500 -2052 5366 5063 END
START -4448 6516 22448 -2139 6494 4714 END
START -4360 6964 21396 -2078 6878 3924 END
START -4464 7480 20776 -1921 7028 2961 END
START -4904 7264 20660 -2160 6853 1887 END
START -4528 7248 20064 -2735 6693 817 END
START -4316 6716 19168 -2744 7032 -43 END
START -4528 5440 18440 -4088 7491 -219 END
START -4540 6604 18072 -4157 8837 -886 END
START -4160 6020 18076 -5616 9997 -812 END
START -4504 6360 17840 -4232 9800 -1244 END
START -4356 4568 17760 -5711 9167 -1386 END
START -3292 5944 24892 -1741 9763 -2540 END
START -4788 2064 16164 -5078 10748 -1713 END
START -5316 3880 16032 -3706 10137 -2207 END
START -5952 3552 15400 -2146 11270 -2818 END
START -5036 3204 13848 -1707 11107 -3304 END
START -6528 6104 16644 -5087 12164 -4131 END
START -5952 3872 14992 -2332 5337 -4885 END
START -4916 3752 14772 -2373 4799 -5632 END
START -5180 3432 14104 -2023 6441 -5899 END
START -4792 3260 12984 -2012 6157 -6261 END
START -5364 2996 13384 -2038 4849 -7013 END
START -4688 2316 12480 -1392 5597 -7771 END
START -4772 1964 13180 -1285 4854 -8186 END
START -4444 1716 12600 -1515 3332 -8435 END
START -4312 1508 12060 -1524 3277 -8543 END
START -4672 1120 11656 -1821 3022 -8612 END
START -4388 680 11428 -1993 1728 -8736 END
START -4256 108 11100 -1560 1598 -8522 END
START -4232 -24 10876 -752 1141 -8449 END
START -4076 -416 11124 378 1549 -8522 END
START -4276 -836 11784 1069 1689 -8608 END
START -4260 -1280 12104 1110 1286 -8865 END
START -3880 -2304 11928 1275 1062 -9004 END
START -3104 -3152 12136 1483 1084 -8309 END
START -2760 -3540 12424 1568 566 -7181 END
START -2532 -3748 12528 1532 35 -6016 END
START -3176 -3880 12636 1360 -482 -5138 END
START -3400 -3888 12740 1356 -1327 -4702 END
START -3584 -4332 12408 2081 -1360 -4586 END
START -3264 -4736 13012 3128 -1007 -4082 END
START -3244 -5024 13092 3768 -793 -3548 END
START -3156 -5256 13072 4273 -917 -2894 END
START -3188 -5172 13652 4321 -1478 -2058 END
START -3232 -4956 14404 3764 -2790 -1318 END
START -3176 -5124 14708 3246 -3327 -474 END
START -3564 -4896 14984 2933 -3458 401 END
START -3628 -4368 15160 2637 -3914 763 END
START -4220 -4304 15100 2200 -3928 1075 END
START -4164 -3812 14972 2224 -4636 1110 END
START -4308 -3556 14760 2810 -5440 1225 END
START -5292 -3616 15448 3481 -6425 1177 END
START -5344 -3788 15132 4513 -7163 994 END
START -5084 -2768 15836 5683 -8239 1038 END
START -4784 -2528 17172 5874 -8993 1030 END
START -4024 -2352 17372 6233 -10143 766 END
START -3628 -1924 17424 7554 -10167 763 END
START -3880 -2132 17356 9073 -9194 934 END
START -3468 -640 17768 9973 -7015 1384 END
START -4732 -488 18008 9879 -8067 1561 END
START -2272 -620 18652 -2214 -4225 3708 END
START -4680 2468 18216 3122 -5155 1367 END
START -4132 -1764 19056 -791 -6086 1751 END
START -3272 3592 18100 1951 -5460 669 END
START -2840 -1452 18628 2001 -5070 780 END
START -4 1228 22792 -365 -5785 1598 END
START -1696 2608 15084 750 -3410 1128 END
START -1708 -2188 15800 899 -4413 1333 END
START -276 52 14124 162 -5105 1930 END
START 780 -1316 13260 1863 -5560 2128 END
START 1308 -2112 11300 2616 -6005 2451 END
START 2148 -1804 16940 -217 -8900 3588 END
START 1924 -464 12832 814 -8313 4012 END
START 1740 -2028 14844 3623 -7517 3898 END
START 816 -1468 15288 120 -8407 5441 END
START 824 572 13920 1292 -8490 5113 END
START 160 192 13664 2387 -8863 4587 END
START 364 716 14532 2916 -9678 4136 END
START 792 276 15768 3744 -9958 4096 END
START 856 56 16868 3823 -10018 4474 END
START 256 -612 17236 2812 -10658 5398 END
START 268 1460 18624 2860 -10887 5895 END
START -480 1256 19972 2496 -10990 6476 END
START -988 3264 20608 1810 -10927 6353 END
START -1280 3916 21972 2462 -10660 5431 END
START -1676 4156 22512 1786 -10020 4344 END
START -1136 4176 22704 2646 -9331 3537 END
START -1624 3628 23268 2812 -8464 3665 END
START -2264 3720 23956 2207 -7976 3981 END
START -2744 4464 24780 2969 -6901 4326 END
START -3596 6340 25280 621 -7245 3977 END
START -5508 7416 26780 -143 -7797 3830 END
START -4284 8576 28352 -444 -6207 1923 END
START -4572 9292 29600 -97 -5328 332 END
START -4412 9552 29628 613 -2461 -1034 END
START -4232 9352 30164 1105 -107 -2334 END
START -4120 8960 30156 718 1476 -3319 END
START -3208 8560 29628 -2 2185 -4053 END
START -2384 8336 29572 -527 3030 -4590 END
START -1416 8056 29364 -668 4634 -5123 END
START -1180 7716 28704 -1043 6618 -5696 END
START -1024 7212 27248 -1171 8347 -6537 END
START -852 6752 25848 -1114 9625 -7131 END
START -1252 7488 27024 -2444 12598 -7711 END
START -656 5664 30788 1623 9143 -8577 END
START -156 4544 22392 -2917 11124 -8564 END
START -36 5756 22528 -1743 10486 -9094 END
START 228 3564 22292 -3321 10972 -8862 END
START 688 4896 20812 -2573 12142 -8895 END
START 768 3212 19716 -1708 13266 -8908 END
START 492 3668 19104 -2140 13596 -8934 END
START 272 3852 18200 -2459 13369 -9397 END
START 524 3332 17208 -3818 13069 -9957 END
START 564 3016 15960 -5064 13082 -10146 END
START 1464 968 14252 -6918 12732 -9900 END
START 1432 1128 13076 -8739 13131 -9447 END
START 1104 -1124 9132 -6895 10747 -9922 END
START 2024 -3644 5996 -7755 13388 -9134 END
START 4568 -5300 19232 -6094 13630 -8442 END
START 2184 -4804 9856 -3173 13137 -7383 END
START 2228 -4928 8780 -2441 11129 -6113 END
START 2644 -5144 6976 -1037 8382 -4624 END
START 1508 -4812 8560 -731 5357 -3474 END
START 952 -4420 8548 -1289 3856 -2850 END
START 228 -4100 8788 -1987 2080 -2581 END
START -36 -4152 9660 -2386 338 -2377 END
START 300 -4232 9940 -1969 -114 -2073 END
START 268 -4040 10696 -700 239 -1478 END
START 144 -3668 11360 242 225 -756 END
START -156 -3312 12604 454 -138 -66 END
START -512 -2852 13352 -91 -797 634 END