START -3356 1140 16780 1152 701 1198 END
START -3844 -164 14844 -2600 372 1578 END
START -2600 1108 15256 -2177 1030 1772 END
START -2980 1152 15284 1286 36 814 END
START -2768 -880 15460 -45 -382 1378 END
START -2152 472 14620 247 -471 1749 END
START -2108 -640 14724 850 -432 1938 END
START -1732 -492 14504 433 -459 2445 END
START -1576 236 13984 1140 -527 2725 END
START -1544 -316 14276 719 -1089 3004 END
START -2012 200 14424 -38 -1908 3051 END
START -2572 -280 14792 -851 -3031 2903 END
START -2292 -372 14768 -1457 -4089 2835 END
START -2188 -532 15016 -1378 -4267 2846 END
START -2416 -1352 15700 -1749 -4783 2911 END
START -2432 -596 15572 -579 -4535 2835 END
START -2332 -2540 18064 59 -4211 3131 END
START -2348 -1288 17648 -727 -3616 3742 END
START -2204 -1280 18452 807 -3676 3672 END
START -2568 -1704 18836 -714 -4117 4184 END
START -2552 -872 18924 -765 -5179 4160 END
START -2432 -1696 19764 -1577 -5951 4218 END
START -2168 -1512 20688 -2234 -6200 4690 END
START -1684 -1992 21748 -2186 -5727 5257 END
START -1356 -868 22132 -1876 -4858 6151 END
START -1688 -1252 22696 -882 -3502 6620 END
START -1640 340 23016 -1578 -2965 7002 END
START -1816 560 22836 -1084 -2606 6920 END
START -1800 592 22744 -1741 -2218 7159 END
START -1936 1756 22800 -1214 -1730 7170 END
START -2056 1644 22984 -1786 -1446 7358 END
START -2204 2800 22872 -2410 -1153 7434 END
START -2280 2580 22072 -1980 -464 7368 END
START -2648 2828 21860 -899 426 7389 END
START -2768 3668 22284 64 954 7204 END
START -2908 4400 22644 155 1560 6807 END
START -3312 4744 22716 -322 2223 6263 END
START -3364 4768 22156 -393 2628 5639 END
START -3216 4856 22124 -1227 2731 5209 END
START -3076 4872 22072 -2059 2726 4859 END
START -2780 4520 21204 -2451 2729 4525 END
START -2880 4236 20584 -1119 3328 3789 END
START -2224 3996 21316 896 4924 3006 END
START -2016 3668 21080 1826 6855 2722 END
START -2240 3788 20024 2001 8333 2959 END
START -2756 4464 19556 2674 8981 2779 END
START -3204 5096 19396 1646 8226 2341 END
START -3432 5148 18640 43 7229 1894 END
START -3336 3192 18324 -2446 7022 1975 END
START -3532 5912 17384 -2223 7505 1482 END
START -3468 4356 17144 -3673 8544 1248 END
START -3656 4792 16980 -4185 9620 903 END
START -4296 1996 18056 -495 10355 -584 END
START -4276 4284 16920 -1577 9656 -1149 END
START -4428 4316 17060 -1251 8915 -1843 END
START -4312 4056 16384 -1382 9399 -2293 END
START -4444 4212 16352 -2374 9658 -2494 END
START -4908 3860 14892 -2471 9929 -3245 END
START -4336 3104 12532 144 10100 -3665 END
START -4460 4620 13396 -857 14238 -3833 END
START -5904 3712 15840 84 6812 -5024 END
START -4932 4084 14732 551 5896 -5342 END
START -4824 3832 14916 -47 7927 -6387 END
START -4760 3796 13352 -183 6306 -6972 END
START -4768 3488 13352 -533 6926 -7470 END
START -4440 2912 13536 -671 5895 -7704 END
START -4424 2532 12416 -892 4597 -7781 END
START -4612 2668 11912 -451 4775 -7788 END
START -4996 2660 12264 -342 3182 -8272 END
START -4804 2060 12280 -595 2413 -9143 END
START -4172 1452 11852 59 2687 -9407 END
START -4276 1096 12864 579 2625 -9302 END
START -3952 768 13732 536 2353 -9412 END
START -3844 144 13488 483 2612 -9162 END
START -4192 -256 13000 701 2324 -8600 END
START -4156 -888 12832 941 1931 -8110 END
START -4568 -1264 13224 760 1415 -7493 END
START -4524 -1964 13464 296 523 -7218 END
START -3900 -2508 12976 388 423 -6731 END
START -3680 -2868 12708 1055 749 -5907 END
START -3948 -2804 12804 1497 415 -5311 END
START -4108 -2480 13072 1559 -184 -5017 END
START -4632 -2668 13348 1358 -988 -4979 END
START -4224 -3332 13168 1245 -1236 -4853 END
START -3860 -4100 13020 1455 -1004 -4172 END
START -3284 -4808 12400 1606 -1408 -3178 END
START -2836 -5204 12060 2325 -1432 -1944 END
START -2636 -5020 12372 2967 -1936 -672 END
START -3224 -4728 12788 2597 -2570 318 END
START -3556 -4104 12664 2162 -3738 931 END
START -4388 -3632 12736 1899 -4626 1079 END
START -4284 -3172 13232 1759 -6118 726 END
START -4376 -2732 13436 1514 -5610 538 END
START -4000 -2116 13440 1793 -6061 28 END
START -2988 -1932 13164 2521 -7942 -342 END
START -2864 -2384 12724 3410 -8769 19 END
START -2608 -1628 12524 4621 -9229 383 END
START -2668 -3024 12652 6788 -10808 393 END
START -2748 -2548 12248 7926 -12665 387 END
START -3824 -3980 11512 10693 -16266 266 END
START -1716 -2540 11552 8769 -16999 408 END
START -948 1656 14380 12779 -19461 -326 END
START 3124 2760 16472 -5864 -11368 4033 END
START -1100 -996 14848 2364 -12367 1669 END
START -528 132 15656 -3230 -12663 3519 END
START -1608 1856 13508 2799 -11733 1729 END
START -640 -736 19224 -781 -13149 2386 END
START -420 2684 18200 1738 -13851 1007 END
START 424 -1348 19828 2433 -13073 1141 END
START 1596 796 21196 3189 -12049 1853 END
START 1568 788 22496 3924 -10063 2360 END
START 1460 1220 22040 2790 -9187 3349 END
START -192 1456 21288 2507 -8571 3471 END
START -64 1492 20232 2567 -8346 3227 END
START -284 1872 20356 3073 -8652 3158 END
START -548 2220 21192 2341 -9745 3420 END
START -120 3164 22732 1152 -10473 3863 END
START 96 2792 20956 3036 -10149 3798 END
START 724 3344 20940 3411 -8334 4104 END
START -156 3756 21068 4146 -7096 3826 END
START -376 3912 20432 3971 -6421 2946 END
START -580 3468 19252 3670 -6278 2226 END
START -480 3032 18484 3911 -6917 1810 END
START 128 3196 18956 4039 -7671 1979 END
START 516 3468 20420 3580 -8313 2286 END
START 804 3456 22196 2749 -8616 2725 END
START 2228 4556 23016 4561 -7771 2648 END
START -808 5008 25148 1728 -6273 2688 END
START -1048 5144 24572 930 -7167 2071 END
START -1028 5580 26108 1182 -6220 1322 END
START -1600 6016 27208 1345 -4601 468 END
START -1596 6592 27660 1020 -3496 -520 END
START -1084 6556 27312 877 -1818 -1197 END
START -836 6556 27688 1177 -211 -1510 END
START -1536 6660 27068 -600 282 -1818 END
START -1216 6532 26668 -1319 765 -2306 END
START -980 6392 26284 -1460 2415 -3002 END
START -764 6280 26072 -1735 3404 -3703 END
START -240 6504 25884 -2292 3984 -4469 END
START 300 6384 25564 -3082 4350 -5151 END
START 672 6192 25120 -3922 5045 -5562 END
START 832 5844 24652 -4492 5789 -5862 END
START 1060 5168 23936 -3782 7204 -6029 END
START 716 5132 23372 -3475 8510 -6148 END
START 752 5256 22408 -3576 9187 -6497 END
START 496 4984 21564 -3135 9853 -7029 END
START 620 4848 21008 -2712 10334 -7590 END
START 888 4728 20736 -3354 10333 -7782 END
START 888 4532 19832 -4361 10048 -7881 END
START 1232 3612 18856 -4429 10431 -7884 END
START 1508 3668 17996 -3915 11438 -7744 END
START 1788 2524 17700 -3211 12377 -7651 END
START 1656 2928 15920 -2778 12697 -7662 END
START 1424 1536 14700 -3976 12592 -7294 END
START 1172 1980 13808 -5151 11381 -7074 END
START 1368 2028 12540 -4278 10703 -7597 END
START 1432 -2580 12544 -7157 10112 -6832 END
START 2304 728 11672 -7290 10676 -6319 END
START 2656 -5032 10168 -4921 12766 -5544 END
START 3108 -3360 9444 -4536 12497 -4100 END
START 2560 -4256 8836 -2910 9865 -3031 END
START 1244 -3272 10724 -2050 6783 -2011 END
START 1048 -3660 9816 -751 4160 -1321 END
START 592 -2832 11132 -1265 1901 -633 END
START 20 -2508 11844 -2074 1536 -226 END
START -316 -2140 12064 -2199 1016 -73 END
START -600 -1592 12632 -1666 487 153 END
START -800 -1152 13384 -1008 -70 169 END