START -3588 940 17756 2626 -2532 471 END
START -3300 1524 15668 -114 -3452 1355 END
START -2824 2144 15764 1673 -1998 603 END
START -2948 1080 16428 558 -1283 360 END
START -3188 120 15848 1462 -1041 146 END
START -2468 -468 16132 1643 -901 248 END
START -1924 -1860 16304 532 -1181 876 END
START -1116 -464 15600 -97 -1871 1602 END
START -1324 -2056 15572 -82 -2347 2327 END
START -1340 -1716 16312 -1281 -2990 3509 END
START -1900 -1652 15680 -1301 -3161 4277 END
START -2016 -1284 15320 -1289 -3876 4587 END
START -1992 -676 15456 -6 -4775 4011 END
START -1864 -1716 16860 245 -5412 3613 END
START -1256 -1716 17560 -414 -5741 3676 END
START -324 -2520 18140 -236 -5754 4124 END
START -224 -2816 19332 -211 -5568 5247 END
START -476 -2344 20160 -290 -5239 6480 END
START -1036 -1688 20888 -885 -5109 7330 END
START -1692 -464 21672 -1511 -5403 7545 END
START -1500 -384 23100 -1677 -5563 7289 END
START -1468 -96 23200 -2308 -5329 7360 END
START -1588 128 23788 -2036 -4319 7520 END
START -1868 452 24368 -1922 -3148 7546 END
START -1852 608 24804 -2356 -2285 7734 END
START -1720 828 24368 -2467 -1353 8119 END
START -1852 1468 23852 -2049 -429 8493 END
START -1760 2008 23616 -1062 643 8714 END
START -2096 2540 23540 -777 1774 8946 END
START -2656 3136 23284 -470 2726 8828 END
START -3096 3756 22624 -586 3301 8424 END
START -3196 4164 22016 -562 3686 7815 END
START -3084 4528 21812 -619 3827 7144 END
START -2828 4856 21236 -784 3955 6517 END
START -3096 4660 20904 -701 4375 5916 END
START -3104 4576 20808 -218 5049 5524 END
START -2944 4544 20124 350 6497 5365 END
START -3232 4692 19736 347 7349 5166 END
START -3684 4752 19008 35 8008 4938 END
START -3912 5384 18872 -423 7926 4295 END
START -3864 6200 18800 -2126 9021 3444 END
START -3784 5728 18148 -4671 9632 3128 END
START -4164 5224 17716 -4457 10388 2437 END
START -4528 5424 18008 -2796 12247 1602 END
START -4848 5120 17336 -1852 10309 475 END
START -4304 4384 16208 -1705 10817 -570 END
START -4656 4564 16408 -1484 10314 -1220 END
START -4196 4528 15072 -693 10351 -1781 END
START -4672 6308 18368 -3261 13182 -2116 END
START -5092 5048 13812 -993 7552 -2613 END
START -5364 6016 13892 -1104 6208 -4122 END
START -5508 6176 15108 -505 6409 -5005 END
START -5472 5684 13848 -299 6366 -6388 END
START -5088 5344 14372 -930 5297 -7455 END
START -4944 4820 14032 -1626 4936 -7997 END
START -4356 4356 13488 -2036 4672 -8552 END
START -4624 3952 13840 -2170 4480 -8929 END
START -4376 3464 13564 -2334 2862 -9275 END
START -3624 2848 12232 -1517 4920 -9445 END
START -4036 2576 12792 -55 5029 -9390 END
START -4316 2736 12948 474 5047 -9568 END
START -4332 2616 13208 210 4118 -10167 END
START -4128 1888 12864 -146 3481 -10574 END
START -3580 912 12960 -364 2784 -10632 END
START -2808 -748 12564 -226 2855 -9975 END
START -3076 -1252 12216 741 3253 -8818 END
START -2956 -1352 11740 1638 3392 -8178 END
START -3448 -1916 11968 1925 2817 -7205 END
START -3716 -1964 12200 1317 1098 -6732 END
START -4016 -2004 12320 634 -484 -6723 END
START -4008 -2396 12592 749 -972 -6904 END
START -3252 -2808 12748 1244 -674 -6846 END
START -2884 -3236 13012 1820 406 -6249 END
START -2712 -3424 12772 2249 801 -5572 END
START -2376 -3804 11492 3178 1564 -4626 END
START -2928 -3772 11324 4194 1162 -3429 END
START -3868 -3564 11868 3829 -893 -2764 END
START -3812 -3424 12468 2679 -2921 -2664 END
START -3588 -3444 12348 1779 -4279 -2491 END
START -4168 -3900 13016 1812 -4108 -2250 END
START -4232 -4216 14016 1723 -4639 -2310 END
START -3312 -4548 13464 2487 -5338 -1864 END
START -3072 -3988 14212 3131 -4103 -968 END
START -2616 -3472 14516 3380 -5353 -98 END
START -2784 -3196 15924 3491 -7658 633 END
START -2148 -2796 14812 3747 -8328 1490 END
START -2664 -3636 14036 4801 -9054 1913 END
START -3268 -3736 13452 4690 -8828 2239 END
START -3492 -3684 14372 4532 -10134 2183 END
START -3016 -3264 14396 4813 -11381 1848 END
START -2264 -2856 15172 5138 -12324 2530 END
START -2108 -1744 16816 7879 -12597 3160 END
START -1748 -124 17164 10745 -12998 3242 END
START -788 1168 16460 17243 -12344 2852 END
START 716 5788 19076 -1453 -3278 6250 END
START -4896 2112 15928 9527 -7247 2707 END
START 48 6840 19680 -3412 -10636 5881 END
START -3244 -4180 11292 4679 -12111 1935 END
START -416 680 16428 -179 -12840 2370 END
START 752 384 14348 1082 -13968 2252 END
START 1808 -72 18384 4857 -10244 2024 END
START 2672 1180 18768 4791 -9311 3952 END
START 960 1248 18824 3763 -9995 4654 END
START -152 2320 18180 1161 -11310 5230 END
START -1060 2252 17200 1800 -11956 4599 END
START -1436 2604 18796 3175 -12772 3531 END
START -496 3148 21812 2484 -13731 2487 END
START 692 2680 22540 3501 -10912 1773 END
START 1792 3756 24984 891 -12383 2993 END
START 1624 2148 22976 2476 -8129 3339 END
START 696 2888 21644 2409 -7996 4264 END
START -556 3664 22020 1920 -8830 4044 END
START -620 3832 22064 1232 -9198 3578 END
START -816 3984 22472 1479 -8635 3152 END
START -880 4188 23376 1450 -8336 2714 END
START -612 4676 23964 1310 -7613 2526 END
START -972 5092 24068 3017 -7239 1404 END
START -1156 6348 25028 250 -6047 1683 END
START -980 6560 24592 244 -6061 1463 END
START -1788 6816 25852 1081 -5432 1247 END
START -2428 7664 27924 893 -4055 600 END
START -2252 8288 28924 254 -2771 -631 END
START -1672 8216 28956 -561 -1595 -1788 END
START -844 7624 28992 -1140 -251 -2733 END
START -460 7080 28152 -1212 1335 -3301 END
START -104 6640 27524 -1217 2891 -3656 END
START 208 6604 26952 -1308 4590 -3989 END
START 360 6724 26104 -1418 5765 -4395 END
START 204 6420 25472 -1978 6523 -5068 END
START 752 5676 24788 -2564 6583 -5501 END
START 1116 5280 23884 -2663 7198 -5703 END
START 1224 4632 23356 -2246 8185 -5841 END
START 1176 4572 22852 -1821 9340 -5732 END
START 892 4860 22344 -1994 9968 -5879 END
START 960 5080 21568 -2503 9879 -6256 END
START 848 4856 20708 -2878 9618 -6778 END
START 812 4612 20252 -3318 9758 -7108 END
START 1088 3992 19740 -3297 10194 -7149 END
START 1052 3484 18824 -2922 11146 -7045 END
START 848 2764 18176 -3058 11823 -6725 END
START 696 4088 17308 -2753 11279 -6891 END
START 736 2448 16716 -3056 11152 -7082 END
START 736 2468 15804 -5208 11344 -6656 END
START 1000 1568 15192 -6034 11647 -6310 END
START 896 2496 15468 -6273 12472 -6355 END
START 844 -2712 11960 -8889 12572 -5494 END
START 1916 424 13400 -4896 13152 -5904 END
START 1704 -3208 11652 -5507 13977 -4796 END
START 2080 -2576 10656 -3294 13380 -4138 END
START 1672 -2920 9488 -2206 11016 -3432 END
START 1400 -3528 8852 -1604 7369 -2508 END
START 1312 -3084 9468 -1491 4654 -1341 END
START 896 -2904 10292 -1475 2826 -319 END
START 4 -2496 11248 -1955 2134 405 END