START -4120 352 16424 1066 546 -10 END
START -2752 2036 19280 943 -571 319 END
START -4648 -940 13564 1422 -51 -247 END
START -3660 -672 15280 185 100 296 END
START -3244 -1292 15140 -180 -410 758 END
START -3100 -900 14444 -493 -1172 1324 END
START -3104 -1396 14016 -4 -2095 1566 END
START -2996 -1536 14212 252 -2654 2114 END
START -2660 -1248 14396 1441 -3150 2522 END
START -3172 -988 14852 2992 -3577 2708 END
START -1304 472 19488 1162 -3023 3446 END
START -3260 944 16272 125 -2837 2874 END
START -3592 -1072 16920 -1672 -4330 2955 END
START -3396 -116 16200 -2734 -5364 3025 END
START -3536 -2096 17020 -2058 -5935 3038 END
START -2848 -1240 17432 -1982 -5979 3341 END
START -2364 -2236 18904 127 -5212 3620 END
START -2152 -1968 20124 174 -4057 4382 END
START -2184 -1220 20732 767 -3250 4855 END
START -2332 -1476 21712 -102 -3023 5326 END
START -2404 -488 21980 -964 -3172 5737 END
START -2460 -632 22480 -2174 -3515 6220 END
START -2476 4 22300 -3255 -3800 6711 END
START -2736 124 22272 -3159 -3564 6981 END
START -3020 544 22720 -3023 -3005 7146 END
START -3160 1112 22796 -2475 -2350 6890 END
START -3208 1280 22972 -2638 -1442 6763 END
START -2960 1832 22568 -2753 -754 6517 END
START -3212 1664 22112 -2611 -72 6351 END
START -3420 2156 22148 -3037 530 6239 END
START -3692 2952 20884 -2736 1310 5929 END
START -3616 2596 22140 -1467 1299 5396 END
START -3732 2880 20832 -2347 2421 5419 END
START -3820 3192 21516 -1556 2498 4850 END
START -4004 3404 21296 -1410 2701 4318 END
START -4020 3408 21368 -1592 3464 3935 END
START -3956 3344 20604 -2062 4580 3792 END
START -4320 3260 20076 -1811 6021 3557 END
START -4388 3664 19400 -1401 7189 3130 END
START -4656 4200 19500 -2489 8373 3065 END
START -5128 4364 18984 -3966 8339 2634 END
START -4992 4016 18224 -3092 7868 1713 END
START -5444 3508 17404 -4787 7626 1325 END
START -5288 3908 17864 -7304 6683 930 END
START -5092 2848 16180 -3724 7798 -274 END
START -5464 3348 16340 -4709 7047 -978 END
START -5788 3972 17600 -4917 11907 -1364 END
START -5400 2708 16088 -3103 4488 -2199 END
START -4312 2360 15792 -1724 4536 -2262 END
START -5472 2860 15748 -946 5463 -3166 END
START -4832 2804 15056 -1597 7307 -3064 END
START -5676 2996 16388 -2100 6421 -3860 END
START -5224 3088 15364 -3540 4543 -4439 END
START -5096 2976 14160 -4726 4012 -5029 END
START -5264 2324 13072 -4832 1695 -5855 END
START -5028 2252 12860 -4118 1793 -6462 END
START -4404 1424 12692 -2808 2020 -6912 END
START -3996 1160 12376 -1330 4076 -6900 END
START -4760 816 14176 -774 3861 -6639 END
START -3840 992 12112 -958 4726 -6867 END
START -4460 772 11660 -1368 4779 -6729 END
START -4404 -116 12196 -1082 2401 -7254 END
START -3828 -472 11568 -1188 1179 -6893 END
START -4092 -712 11864 -747 815 -6832 END
START -4032 -1076 11880 196 1198 -6910 END
START -3632 -1412 12444 1547 2171 -6982 END
START -3188 -2176 12564 2400 3071 -6446 END
START -3180 -2336 12112 2936 3109 -5747 END
START -3296 -2360 12396 3150 2287 -5260 END
START -3332 -2412 12840 2611 1169 -4980 END
START -3416 -2500 12932 2100 503 -4735 END
START -3760 -2976 12732 1994 445 -4462 END
START -3600 -3292 12980 2323 20 -4476 END
START -2760 -3660 13156 2853 299 -4423 END
START -2316 -4212 13348 3285 785 -3948 END
START -1832 -4580 13052 3545 732 -3175 END
START -1892 -4744 12176 4152 1253 -2207 END
START -2040 -4492 12340 4864 857 -995 END
START -2916 -4224 12788 4878 142 -37 END
START -3420 -3816 13876 4747 -2506 429 END
START -3328 -3348 13340 4577 -3793 676 END
START -3304 -2908 13808 4104 -6180 616 END
START -2932 -2700 12976 3947 -8092 123 END
START -2512 -2812 12428 4486 -8744 -407 END
START -2720 -4168 12180 5270 -8411 -660 END
START -1804 -4076 11996 6299 -7857 -454 END
START -1300 -3888 13792 7732 -7538 195 END
START -1568 -3460 14696 8564 -8813 971 END
START -1792 -3088 14024 9792 -10869 1697 END
START -1816 -1532 15712 15671 -10668 1321 END
START 108 1512 19652 4554 -8365 2180 END
START -2828 1664 11240 2867 -8123 2055 END
START -2956 -2760 15712 2609 -11371 1473 END
START -980 -1672 18520 2474 -9119 2790 END
START -2000 372 15468 2982 -5768 2874 END
START -3680 -2276 18628 2879 -8398 3755 END
START -3764 2840 16392 1576 -9059 3856 END
START -3704 1988 18780 4138 -9522 2285 END
START -3160 2156 20716 966 -10857 1905 END
START -1272 4544 22156 2168 -10645 89 END
START 20 3356 22284 165 -9713 -575 END
START 920 1436 20004 1097 -7474 -386 END
START 588 612 19508 2381 -5620 782 END
START -52 568 19200 3212 -5082 1838 END
START -1132 1388 18140 2517 -5269 2844 END
START -1840 2732 18072 3548 -6695 2927 END
START -2096 2948 18404 3372 -7398 3059 END
START -1868 3856 19260 3859 -8088 2125 END
START -660 5964 20532 1739 -9072 1641 END
START -536 2932 20812 1888 -8735 1102 END
START 136 2084 20104 1289 -8294 1375 END
START -524 1844 19996 1369 -9010 1632 END
START -920 1632 20028 2062 -8242 2214 END
START -1692 2036 21332 2322 -8513 2715 END
START -1744 2596 22456 2357 -8610 2890 END
START -1964 2852 23476 2473 -8175 3137 END
START -2436 3636 24336 2389 -8167 3052 END
START -2828 4468 25352 2107 -7593 2514 END
START -3492 5088 26636 1824 -7094 1569 END
START -3208 5588 27600 1542 -5836 579 END
START -3408 5684 28180 1457 -4088 110 END
START -2924 6148 29052 1262 -2391 -250 END
START -3424 6960 29292 244 -1098 -930 END
START -3188 7400 28616 -467 -414 -1964 END
START -3072 7032 28676 -1080 350 -3064 END
START -2320 6812 28620 -1779 2303 -4313 END
START -1664 6464 29572 -2543 2667 -5113 END
START -1044 5704 27752 -3360 3869 -5303 END
START -640 5560 26964 -3546 4737 -5708 END
START -772 5348 26356 -3153 6471 -5929 END
START -328 5524 25656 -3129 7192 -6124 END
START -652 5416 25180 -3439 7842 -6501 END
START -528 5036 24056 -3675 8917 -6889 END
START -80 4796 23412 -3916 9940 -7182 END
START -80 4488 21864 -3696 10899 -7573 END
START 364 4660 21444 -2878 12078 -7980 END
START 76 3540 22060 -5785 14370 -7705 END
START -324 2996 14100 -924 12770 -8358 END
START 320 2044 16160 -3650 12828 -8099 END
START 236 3172 16336 -2872 12420 -8235 END
START 332 1480 15560 -4705 11862 -8218 END
START 468 2824 14436 -5542 11111 -8293 END
START 884 1652 13440 -7215 11007 -8442 END
START 972 532 11708 -10218 11744 -7973 END
START 2168 2200 12904 -8318 13008 -8102 END
START 852 -7840 7180 -10593 14241 -6526 END
START 984 -5264 7816 -4900 14512 -6535 END
START 3460 -1116 13108 -5713 13393 -4976 END
START 1588 -4104 10680 -2084 8687 -4460 END
START 1448 -4788 9300 -1502 5519 -3327 END
START 1184 -4776 9412 -1537 3344 -2159 END
START 484 -4708 10452 -1796 2622 -1106 END
START -108 -4072 10732 -1826 2435 -206 END
START -828 -3492 10808 -1636 1779 243 END
START -1140 -2856 11260 -1452 524 408 END
START -1512 -2420 11948 -1549 -261 393 END
START -1896 -2312 12520 -1296 -892 132 END
START -1868 -2256 13176 -656 -610 70 END