START -3384 336 16388 572 -1458 508 END
START -3364 912 11844 -1433 -2969 717 END
START -3920 -452 15288 773 -2829 57 END
START -3048 380 15544 -691 -3417 200 END
START -2416 -132 14396 -160 -3425 12 END
START -2148 -536 14324 293 -2926 -8 END
START -1620 -1044 14164 353 -2188 345 END
START -1544 -1376 13756 1158 -1820 774 END
START -1068 -1780 13712 1843 -2355 1496 END
START -1460 -1024 13288 3778 -3323 2069 END
START -1500 -1728 14528 5603 -5806 2644 END
START -1088 1452 14920 -1886 -3605 4379 END
START -3168 -2396 16412 210 -5084 3726 END
START -2456 -384 15932 -3010 -5040 4280 END
START -2500 -1460 16656 126 -5519 3331 END
START -1992 -2340 17988 -613 -5500 3515 END
START -1304 -1972 18612 411 -5212 3928 END
START -1116 -2412 19680 596 -4421 4811 END
START -960 -1212 21052 742 -3664 5624 END
START -1772 -1464 21716 229 -3413 6116 END
START -1816 -860 21536 -812 -3284 6479 END
START -2096 -764 21356 -1121 -3600 6591 END
START -2020 -436 21568 -1691 -3823 6787 END
START -1988 236 22612 -1166 -3405 6640 END
START -2172 268 22500 -1478 -2978 6918 END
START -2088 44 22444 -1447 -1967 7131 END
START -1820 344 22320 -1058 -1243 7533 END
START -1888 980 22320 -714 -532 7992 END
START -2316 1572 22260 -983 -260 8247 END
START -2392 2408 22420 -2030 -532 8532 END
START -2880 2900 22156 -1040 245 8025 END
START -2736 3496 22056 -1581 -185 7705 END
START -2776 3636 22444 -1631 381 7160 END
START -2884 3564 21916 -2203 605 6861 END
START -2648 3552 21224 -1778 1241 6547 END
START -2448 4008 20984 -1015 2109 6312 END
START -2296 4528 20776 -467 2752 6168 END
START -2812 4636 20396 808 3958 5808 END
START -3060 4732 20344 1333 4673 5580 END
START -3580 5264 19920 1447 4844 5257 END
START -3768 5928 19924 1329 4500 4514 END
START -3904 5932 19844 523 4414 3558 END
START -4400 5728 19820 -364 4520 2589 END
START -3792 5320 19452 -1444 4563 1794 END
START -4048 5172 18704 -3182 5906 1394 END
START -3932 4672 18692 -4606 6898 1435 END
START -3552 4096 18296 -4879 7635 1465 END
START -3240 3824 16876 -3744 9239 1387 END
START -4072 4100 17124 -3770 9931 1126 END
START -3952 4508 15932 -2092 10647 157 END
START -4688 4540 17356 -1473 11405 -775 END
START -5348 4112 16372 -417 8986 -2003 END
START -5392 4184 15808 -575 9637 -2831 END
START -4360 4656 20480 -2528 11265 -3601 END
START -5792 4808 20824 -3112 6985 -4891 END
START -3952 3468 16380 -1618 5586 -4794 END
START -3932 3332 15628 -1846 5552 -4777 END
START -3944 3204 15488 -1766 4900 -4834 END
START -4864 3412 16116 -2686 5580 -5260 END
START -4640 3408 15060 -3309 5257 -6050 END
START -4592 3392 13620 -3216 5470 -6619 END
START -4556 3356 13124 -2548 4804 -7211 END
START -5100 3084 13364 -2184 2946 -8091 END
START -4744 2720 13680 -2556 1929 -8682 END
START -4492 2204 13392 -2048 1373 -9024 END
START -4316 2276 12892 -1856 5094 -9518 END
START -5124 1700 13996 -1386 4248 -9613 END
START -4316 772 13672 -1458 3519 -9521 END
START -4132 416 12644 -1060 2243 -9415 END
START -3900 -476 12732 -715 1493 -8990 END
START -3760 -1076 13232 -669 1323 -8368 END
START -3520 -1380 12896 -432 1351 -7780 END
START -3368 -1716 12816 432 1533 -7374 END
START -3388 -2064 12868 879 1520 -6916 END
START -2680 -2320 12984 1122 960 -6499 END
START -2936 -2796 13008 1155 930 -5906 END
START -3292 -3016 13212 1036 470 -5369 END
START -2772 -3352 13052 1170 340 -4827 END
START -2532 -3800 12964 1615 298 -4084 END
START -2688 -3904 13244 2028 399 -3414 END
START -2640 -3744 12704 2603 271 -3081 END
START -2864 -3900 12764 2958 -145 -2849 END
START -2976 -3952 13108 3069 -572 -2431 END
START -3324 -4284 13168 2919 -460 -1754 END
START -3904 -4080 13172 2420 -1181 -1170 END
START -3752 -3648 13068 1871 -2416 -934 END
START -3828 -3464 13552 2029 -4091 -728 END
START -3592 -3296 13452 2886 -5456 -756 END
START -2972 -2880 14172 3282 -6905 -745 END
START -2444 -3400 13880 3938 -6665 -256 END
START -1968 -3112 14292 4162 -5648 496 END
START -1596 -3008 13628 5430 -6273 922 END
START -2316 -2852 13900 6024 -7169 814 END
START -1744 -2808 12660 6715 -8779 301 END
START -1528 -3972 12056 7233 -9932 -259 END
START -928 -4620 11656 8135 -10508 -319 END
START -308 -5708 13252 9185 -9713 978 END
START 400 -1820 14556 15205 -9586 1181 END
START 2060 -3208 24172 5787 -8311 5378 END
START -172 5476 16872 2068 -5768 6039 END
START -1056 -3324 16988 2204 -8285 6032 END
START -640 6492 17612 2903 -10577 5717 END
START -3052 -900 16812 -1678 -8068 6482 END
START -4300 6008 16504 2965 -8366 3698 END
START -3944 468 17652 1800 -9268 2374 END
START -2540 3788 17680 3127 -9702 1065 END
START -1000 1680 19732 3326 -8992 1268 END
START -100 1732 21288 2677 -8730 2010 END
START -88 2048 22096 815 -8453 2905 END
START -776 1752 20240 69 -8225 3573 END
START -1684 1680 19128 811 -8142 3899 END
START -2672 2148 19940 1054 -9130 3626 END
START -2516 2252 20860 907 -10079 2980 END
START -2032 2488 21832 972 -10307 2668 END
START -1264 3184 22776 802 -10545 2382 END
START -820 3232 23524 464 -9598 2461 END
START -948 3604 23928 -136 -8531 2688 END
START -952 3396 22788 -263 -7308 2769 END
START -1328 3224 21496 943 -5947 2869 END
START -2500 3556 21872 2381 -5271 2725 END
START -2716 4200 23120 2296 -5285 2318 END
START -3044 5304 24268 1120 -6355 1784 END
START -2900 5780 24812 207 -6586 1075 END
START -3000 5876 25568 -421 -6142 360 END
START -2728 6036 26216 -544 -5424 -113 END
START -2696 6092 26680 -14 -3569 -392 END
START -3348 6488 27528 298 -2225 -817 END
START -3464 6860 28108 169 -655 -1765 END
START -3080 7100 28340 -376 295 -2732 END
START -2664 6964 28040 -926 1298 -3534 END
START -2152 6824 27440 -1095 2093 -4182 END
START -2032 6304 26992 -1071 3419 -4495 END
START -2424 6196 27096 -1199 4705 -4800 END
START -2300 5880 26376 -1295 5992 -5410 END
START -1924 5856 25420 -899 7435 -5830 END
START -1636 5968 24956 -906 8246 -6334 END
START -1296 6032 24036 -1681 8671 -7128 END
START -876 5852 23008 -2620 8707 -7698 END
START -616 4856 21788 -2818 8996 -8178 END
START -188 4460 20992 -2695 9681 -8384 END
START -20 4128 20464 -2092 10367 -8726 END
START 464 2264 19064 -2399 11463 -8618 END
START 1168 2940 18904 -3293 13069 -8059 END
START 968 884 15332 -1986 10563 -7744 END
START 1460 2280 16264 -1700 10302 -7958 END
START 1456 -28 14968 -2474 10239 -7837 END
START 2084 112 14328 -5468 10384 -7538 END
START 2736 -820 10948 -7145 11830 -6640 END
START 2736 -896 13168 -6715 12242 -6088 END
START 2124 -3228 10116 -9407 12993 -4549 END
START 1552 -3440 10448 -3419 11405 -4288 END
START 1516 -3304 10260 -2534 8305 -3434 END
START 1168 -3984 9244 -1488 5771 -2755 END
START 812 -3032 10160 -777 5199 -1773 END
START 212 -2428 10572 -1282 2960 -1269 END
START 188 -1936 11008 -1772 2436 -1083 END