START -3140 -848 16404 829 -354 716 END
START -3852 812 14308 -1082 -1372 1263 END
START -3400 -964 14524 1409 -953 649 END
START -3596 -664 15760 1269 -2032 796 END
START -3032 -1092 15532 2048 -3765 465 END
START -2880 -796 14984 2678 -5672 151 END
START -2732 -1916 14452 2081 -7663 196 END
START -2432 -2072 14056 2941 -7501 45 END
START -1512 -4348 15732 800 -7370 434 END
START -1508 -440 15360 867 -5045 1340 END
START -1100 -3932 15128 202 -4899 2395 END
START -1088 -3120 16556 -89 -5239 3504 END
START -1032 -2904 17324 -744 -5954 4523 END
START -992 -2704 18088 -1332 -6701 5476 END
START -1304 -1752 18532 -1626 -6927 6218 END
START -1588 -1348 19792 -1530 -6689 6488 END
START -2172 -1132 20852 -1234 -6084 6380 END
START -2140 -1016 21252 -684 -5421 6229 END
START -2256 -668 22200 -442 -4828 6199 END
START -2328 -440 22968 -1078 -4461 6225 END
START -2060 -424 22608 -1149 -3881 6252 END
START -1876 -96 23036 -710 -3179 6472 END
START -1272 184 23620 -887 -2548 6592 END
START -1104 200 23700 -1267 -1583 6920 END
START -1160 504 23324 -1149 -565 7374 END
START -1436 852 23360 -961 182 7423 END
START -1868 1240 23444 -1053 785 7196 END
START -1968 1740 23136 -1517 1233 6789 END
START -1828 1864 22516 -1619 1399 6335 END
START -1560 1400 22092 -1618 1536 6169 END
START -1384 1700 21476 -1656 1847 6521 END
START -1812 1972 21264 -855 2582 6625 END
START -2080 2588 21508 -1052 3183 6583 END
START -2568 3280 21620 -933 3987 6457 END
START -2688 3784 21820 -890 5072 6109 END
START -2980 4704 21468 -1531 5659 5513 END
START -3208 4928 20916 -3022 6428 4852 END
START -3540 5212 20284 -5474 8096 4332 END
START -3728 4744 19844 -5684 9108 2898 END
START -3460 4516 19204 -5838 10817 2451 END
START -3980 3816 18332 -5450 12357 1645 END
START -4568 3744 18684 -3807 12694 487 END
START -4220 3296 17792 -2471 11559 -423 END
START -4140 2828 15796 -1810 13911 -1044 END
START -5832 792 17152 -2136 9169 -1768 END
START -5000 3128 16584 -2126 8344 -1661 END
START -5048 3640 15088 -2035 8550 -2536 END
START -5112 3904 15236 -1738 7733 -3567 END
START -5380 3860 14344 -1613 8340 -4721 END
START -5196 3508 14428 -1548 7505 -5722 END
START -5124 3380 14324 -2450 6962 -6417 END
START -4068 2764 13136 -2722 4921 -6759 END
START -5332 3572 13432 -3795 5142 -7258 END
START -4464 2604 11056 -3377 5092 -8338 END
START -4432 1968 11244 -3164 3893 -8751 END
START -4116 1188 11564 -2166 3281 -8855 END
START -4104 964 12136 -1868 2580 -9121 END
START -3708 420 11956 -1515 2739 -9373 END
START -3080 56 11868 -1237 2758 -9345 END
START -2704 -740 11892 -535 2962 -9064 END
START -2296 -1536 11860 47 3424 -8201 END
START -2848 -2036 11652 362 3446 -7323 END
START -3136 -2256 11636 886 3131 -7011 END
START -3292 -2940 11260 1830 2965 -6788 END
START -2676 -3504 11356 2353 2398 -6472 END
START -2488 -4244 11524 2848 1477 -6083 END
START -1520 -4864 11420 3662 1675 -5301 END
START -1532 -5172 11616 4505 2227 -4250 END
START -1600 -5304 11940 5036 2019 -3323 END
START -1640 -5296 12048 5066 1299 -2431 END
START -1872 -5000 12288 4509 -39 -1626 END
START -1540 -4704 11896 4289 -635 -865 END
START -2216 -4360 11796 4606 -453 -216 END
START -2464 -3692 11712 5204 -946 20 END
START -2472 -3776 11940 6325 -3310 -37 END
START -2916 -3620 11392 7133 -3481 -122 END
START -2568 -3424 12216 7494 -4699 -688 END
START -1528 -3888 11968 8307 -5528 -1557 END
START -664 -3660 11760 8954 -6329 -1992 END
START 160 -4424 11936 9200 -8096 -1323 END
START -220 -3680 12608 10215 -11040 -331 END
START -164 -3164 12196 11251 -15195 1067 END
START -2680 -6760 10996 19634 -16391 931 END
START 1924 3512 21696 5395 -9311 5134 END
START -6672 7168 11796 1595 -8488 3154 END
START -1632 -756 20724 -2856 -15384 2349 END
START -2624 2604 17720 -6985 -14673 1750 END
START -1884 1952 14988 409 -10102 -1060 END
START 360 -3364 18744 3772 -9656 -116 END
START 168 552 19664 4128 -9278 1686 END
START -720 -1732 21448 2634 -9316 3660 END
START -1648 1704 19808 1692 -9364 4472 END
START -1836 1288 20308 2157 -9727 4127 END
START -1288 2164 19728 1529 -9995 3684 END
START -968 4040 19092 4246 -9475 2524 END
START -144 2084 24660 5887 -9223 1428 END
START -1628 904 20800 2889 -9192 2261 END
START -2428 1280 21184 3053 -8816 2958 END
START -2536 2048 22056 3190 -9766 3113 END
START -2132 1868 22960 2297 -10707 3338 END
START -2084 2940 25304 2469 -11234 3568 END
START -1616 3964 25268 4424 -9369 2655 END
START -1304 4284 26016 4257 -6294 2061 END
START -1660 3696 24972 1164 -6417 2438 END
START -1900 3428 24416 1632 -4882 2058 END
START -2748 3156 23768 1729 -4740 1834 END
START -2596 3316 23696 1872 -4730 1804 END
START -2772 4448 24808 2165 -4508 1876 END
START -2968 5192 25708 1676 -3738 1516 END
START -2964 5868 26320 2012 -2782 789 END
START -3032 6056 26572 752 -2630 157 END
START -2980 6008 27092 146 -2151 -651 END
START -3072 6116 27548 -757 -1642 -1493 END
START -2620 5944 27572 -1446 -947 -2337 END
START -1728 5512 27672 -1365 595 -2924 END
START -1332 5444 27352 -436 2803 -3032 END
START -1564 5716 27316 -452 4806 -3155 END
START -1728 6008 26444 -972 6190 -3541 END
START -1804 6148 24956 -1055 7125 -4130 END
START -1760 6088 24296 -1048 7604 -4859 END
START -1644 6024 23972 -1782 7389 -5489 END
START -1360 5732 23060 -2664 7361 -5946 END
START -1136 5320 21780 -2743 7465 -6389 END
START -700 4820 21200 -2277 7969 -6734 END
START -156 4656 20780 -1970 8944 -6933 END
START -568 4336 20252 -2224 9918 -6920 END
START -584 3764 19032 -3083 10318 -6961 END
START -692 4660 17472 -2935 10324 -7427 END
START -416 3876 16828 -1867 10231 -8078 END
START 140 3304 16244 -2756 9668 -8284 END
START 412 2800 15140 -2873 9259 -8491 END
START 800 1456 14792 -3509 8824 -8252 END
START 988 1320 14068 -4515 8861 -7775 END
START 1296 192 13624 -5261 9143 -7478 END
START 932 -540 12180 -6708 9592 -6809 END
START 1324 -1556 13400 -5272 9966 -6874 END
START 1324 -4216 12796 -8389 10703 -5254 END
START 824 -3252 12064 -4585 11263 -4779 END
START 696 -3180 12980 -3289 7574 -4292 END
START 848 -3492 12168 -2826 6330 -3626 END
START 540 -3220 11156 -1214 6277 -2942 END
START 604 -3108 11536 -606 4810 -2339 END
START 44 -2928 12064 -516 3704 -1904 END
START -276 -2804 12412 -1100 2802 -1455 END
START -720 -2908 12652 -1546 1980 -1032 END
START -776 -2916 12924 -1746 1279 -529 END
START -668 -2348 13176 -1531 1373 173 END
START -1472 -1676 13660 -1770 1213 567 END