START -5144 -28 17560 1066 154 112 END
START -5236 1056 9880 -338 -266 352 END
START -8140 -4004 16520 -138 399 -159 END
START -5304 220 17320 49 -127 -118 END
START -5548 -252 16912 119 61 -146 END
START -5224 -40 16880 201 52 -183 END
START -5440 -568 16980 400 665 -188 END
START -4920 -284 17152 664 1143 -117 END
START -4960 -280 17368 637 1709 69 END
START -4684 104 17336 412 1749 244 END
START -4740 424 17192 12 1688 334 END
START -4788 988 17004 -640 1557 390 END
START -5284 1344 16872 -1424 1326 112 END
START -5584 1344 16208 -1877 985 -556 END
START -5976 1448 15532 -1477 975 -1256 END
START -6044 1548 15128 -547 721 -1861 END
START -5728 1916 15200 87 333 -2263 END
START -5404 2028 15208 403 -13 -2670 END
START -5068 2332 15092 868 131 -3031 END
START -5084 2308 15196 1154 200 -3279 END
START -4952 2500 15380 950 132 -3526 END
START -5372 2504 15500 299 -87 -3846 END
START -5284 2312 14956 -326 -790 -4313 END
START -5072 2364 14764 -431 -1061 -4854 END
START -4840 2072 14944 -506 -1098 -5460 END
START -4528 1952 14840 -341 -1026 -6127 END
START -3824 1752 14628 127 -358 -6284 END
START -3868 1072 13860 578 -1269 -6320 END
START -4112 1328 14772 507 -795 -6327 END
START -3924 816 14460 610 -3250 -6658 END
START -3956 244 14260 867 -4322 -6810 END
START -3900 456 14504 1500 -5440 -7361 END
START -2872 180 14688 2920 -6343 -8223 END
START -2032 -984 14108 3933 -5096 -8340 END
START -1940 -592 14396 4709 -4491 -7987 END
START -1908 -980 14408 5193 -4489 -7549 END
START -2036 -188 14488 8339 -4208 -7780 END
START -2744 -176 14748 8382 -5978 -7719 END
START -2608 -668 15096 7837 -7673 -7705 END
START -1964 668 14656 7143 -8683 -7680 END
START 3272 5220 19292 603 -5601 -6163 END
START -1584 1056 14124 -22 -3663 -7520 END
START -1676 -1764 14172 1027 -5816 -7401 END
START -1576 1196 14556 1691 -5355 -7450 END
START -2192 -2516 15420 647 -5358 -7020 END
START -1804 300 14720 1062 -6421 -7242 END
START -1500 -1772 14860 1979 -7297 -7728 END
START -932 -1204 15744 2180 -9274 -8153 END
START 1236 -824 18236 1750 -10452 -8355 END
START 2216 -2688 17856 -97 -8343 -6734 END
START 2048 -2820 17848 2523 -8153 -5740 END
START 1816 -3864 17588 3040 -6784 -4011 END
START 1280 -3596 17472 2898 -7128 -2447 END
START 1000 -1896 16660 1897 -7599 -1963 END
START 980 -1696 15628 2650 -7967 -2589 END
START 1204 -2256 17404 2769 -8787 -2981 END
START 1588 -928 18144 2565 -9491 -3274 END
START 1492 -3352 18516 1398 -9764 -3086 END
START 1560 -2904 18628 1547 -9713 -2742 END
START 1608 -4328 18848 870 -9882 -1706 END
START 2028 -3076 18676 1647 -9825 -1053 END
START 2544 -3260 19708 2354 -9964 -480 END
START 2648 -3008 21092 651 -10004 319 END
START 2104 -4016 20608 571 -10470 340 END
START 2060 -3668 21784 -1539 -10799 1188 END
START 2004 -4544 21396 -1911 -11141 1406 END
START 2312 -4868 22104 -979 -9684 1916 END
START 1444 -5428 23788 -100 -10034 2477 END
START 2452 -5024 23212 1110 -6892 3382 END
START 2000 -4660 24348 2354 -6863 3893 END
START 2636 -4080 24944 1903 -4972 4448 END
START 1844 -3736 24192 1745 -4568 5201 END
START 1916 -3024 24888 1217 -3783 5737 END
START 1324 -2812 25060 1125 -2586 6260 END
START 1104 -1940 24844 1367 -1853 6896 END
START 1032 -384 25680 1002 -948 7069 END
START 644 -472 24972 2385 -318 6953 END
START 1016 468 24228 2623 691 6865 END
START 668 1084 24396 2682 2462 6760 END
START 292 1896 24196 2741 3297 6491 END
START -160 1968 24144 1946 3834 5955 END
START -244 2044 23376 969 3573 5537 END
START 152 2192 22400 778 3082 5234 END
START 88 2144 22040 1043 3251 5085 END
START -156 2348 22376 1238 3499 4914 END
START -324 2932 22408 1583 4016 4645 END
START -668 3140 22748 1604 4523 4099 END
START -560 3016 22500 1285 5281 3711 END
START -1004 3688 22464 991 5894 3437 END
START -924 3524 22672 45 5891 3115 END
START -936 4036 22564 -620 5904 2612 END
START -724 4312 22220 -695 6308 1983 END
START -356 4044 22252 -682 6945 1480 END
START -252 3956 21916 -820 7667 858 END
START -240 4040 21460 -634 8214 226 END
START -152 3620 21304 -387 9012 -201 END
START -132 3368 20896 -405 9292 -430 END
START -264 3112 20736 -576 9477 -554 END
START -480 3360 20472 -1247 9093 -505 END
START -336 4244 20532 -1951 8671 -789 END
START -428 4220 20188 -3346 8039 -1003 END
START -736 4312 19232 -4140 7648 -1410 END
START -952 4160 18280 -4124 7334 -1921 END
START -1012 4064 17784 -3505 7668 -2734 END
START -1204 3528 17696 -3371 8540 -3456 END
START -1596 3788 16808 -2852 9306 -4459 END
START -1448 3336 16804 -2875 9952 -5438 END
START -1072 3164 16672 -4314 10270 -5809 END
START -1188 3000 16132 -4893 9816 -6350 END
START -268 752 16948 -5529 9255 -6422 END
START 84 1796 15564 -7040 9107 -5659 END
START 288 1028 14888 -7339 9206 -5437 END
START -500 916 14872 -6843 10428 -5621 END
START -644 748 14788 -7213 8681 -6063 END
START -800 456 14444 -5756 8706 -7007 END
START -1192 184 14364 -4334 8068 -8082 END
START 184 -1364 13716 -3187 9744 -8543 END
START 296 -1764 13360 -2992 9659 -8138 END
START 3444 -1372 12356 -4420 9377 -7525 END
START 352 -3908 12524 -3360 6972 -6128 END
START -20 -4104 10784 -2789 5282 -5341 END
START -488 -4312 9852 -2028 3912 -4702 END
START -604 -4456 10592 -1950 2773 -4334 END
START -172 -4376 10488 -2085 3054 -4181 END
START 120 -4372 12364 -2211 1716 -4102 END
START -176 -5368 11944 -1396 -933 -3884 END
START -236 -6380 12516 -423 699 -3028 END
START -616 -6292 13288 300 1647 -1749 END
START -1192 -5856 13504 310 1662 -827 END
START -1388 -5492 12964 496 1537 -365 END
START -1520 -5100 13036 794 461 -3 END
START -1820 -4560 14220 658 -620 255 END
START -2228 -4132 15680 4 -1273 386 END