START -4964 -608 17716 436 1028 295 END
START -5104 -476 10600 -668 424 469 END
START -7068 -4152 16256 -143 931 250 END
START -4680 172 17040 9 685 143 END
START -5188 48 17116 208 639 29 END
START -5312 352 17096 85 730 -383 END
START -5456 188 17008 49 595 -725 END
START -5328 8 16772 183 538 -1013 END
START -5180 -240 16868 68 612 -961 END
START -4824 -388 16700 -91 427 -859 END
START -4836 -216 16804 -199 242 -621 END
START -5080 28 16740 -368 223 -478 END
START -5164 360 16556 -270 -90 -723 END
START -5456 812 16536 -195 -96 -1078 END
START -5556 1092 16564 -153 -134 -1486 END
START -5664 1052 16436 -55 177 -1953 END
START -5632 1008 16272 110 433 -2229 END
START -5444 1112 16036 275 423 -2412 END
START -5096 952 16024 367 460 -2499 END
START -5168 992 15732 497 363 -2515 END
START -4844 1304 15984 396 221 -2585 END
START -4864 1332 15792 261 106 -2747 END
START -4808 1212 15620 154 -49 -2935 END
START -4896 984 15640 46 -65 -3135 END
START -5092 940 15616 118 -60 -3431 END
START -5056 1216 15612 179 -279 -3773 END
START -4900 752 15596 141 -290 -4366 END
START -4540 808 15536 211 -384 -4698 END
START -3908 368 15084 529 -234 -4766 END
START -3688 364 14812 1388 310 -4938 END
START -3880 448 15020 2355 860 -5162 END
START -3812 592 15108 2685 889 -5337 END
START -3880 336 15504 2427 670 -5413 END
START -3856 236 15572 1863 141 -5204 END
START -3428 -4 14336 1924 -2643 -4905 END
START -3232 428 15256 1371 -5134 -4860 END
START -3104 -16 13564 1618 -6675 -4908 END
START -2900 116 14336 2832 -7885 -5084 END
START -2832 -204 14224 3956 -7557 -5257 END
START -2804 -420 14024 4587 -7465 -5061 END
START -3196 -260 14816 5685 -6810 -5339 END
START -2824 248 15772 8196 -6016 -5748 END
START -2772 48 15220 8631 -6196 -6061 END
START -1992 -392 15488 8429 -7165 -6227 END
START -2372 -2160 16948 4995 -8118 -5799 END
START 288 4340 17444 1993 -5376 -4652 END
START -184 -1208 15756 1206 -3232 -5317 END
START 32 -1312 14616 3967 -4038 -5023 END
START 468 -776 15012 4307 -2617 -3975 END
START -1504 -1096 15572 5823 -3293 -3451 END
START -1028 -1232 14652 4617 -3005 -2187 END
START -1668 -480 15856 3912 -5226 -2613 END
START -900 572 16128 2394 -4497 -2536 END
START -1604 32 14412 3282 -5077 -2952 END
START -852 -2564 15144 5360 -5610 -3405 END
START 228 864 19152 4983 -6485 -2988 END
START -188 -1628 18656 4062 -6055 -2306 END
START -292 -1120 18356 4031 -6074 -1726 END
START -476 -1912 18500 3951 -5723 -1392 END
START -100 -1500 18152 4171 -5467 -1086 END
START 504 -1044 18648 4555 -5218 -925 END
START 828 -816 19316 4196 -5074 -692 END
START 536 -972 19580 3636 -5205 -312 END
START -184 -1812 19672 2627 -5880 -19 END
START -216 -2340 19628 1273 -6526 456 END
START -156 -2520 19760 759 -7066 861 END
START 208 -2404 19352 734 -7098 1224 END
START 820 -2644 20460 1345 -7012 1516 END
START 1228 -1860 20716 1097 -6727 2327 END
START 1568 -1424 21300 1019 -6718 2801 END
START 1032 -1752 21820 454 -6403 3550 END
START 760 -2120 22060 -875 -6685 4509 END
START 392 -1440 21120 -1203 -6525 5041 END
START 604 -1660 21352 -474 -6180 5127 END
START 812 -1156 21884 -90 -5888 5442 END
START 1184 -948 22220 575 -5254 5600 END
START 1380 -816 22424 1003 -5380 5975 END
START 1472 -192 23592 1168 -5085 6449 END
START 1152 432 24312 -250 -3606 7419 END
START 468 692 24304 -448 -3433 7509 END
START 248 1364 24820 -1949 -3107 7614 END
START 196 1512 23852 -2848 -2954 7651 END
START 336 1968 23216 -2198 -2129 7415 END
START 212 2600 23604 -1620 -1480 7117 END
START 12 2936 23920 -784 394 6675 END
START -272 3140 24360 -435 1688 6260 END
START -944 3520 24080 -825 3052 6065 END
START -1344 3836 23572 -697 3958 5670 END
START -1620 4560 23308 -847 4189 5289 END
START -1784 4980 22952 -1768 3476 4883 END
START -1776 5476 22548 -2943 2962 4310 END
START -1752 5344 22092 -3108 2683 3489 END
START -1748 5404 21576 -2237 3200 2592 END
START -1828 5356 21640 -1219 4314 1593 END
START -1752 5428 21684 -880 5866 459 END
START -1628 5292 21728 -446 7197 -722 END
START -1196 4892 21196 -295 8318 -1444 END
START -636 4704 20196 -271 8911 -1589 END
START -920 4760 19588 -126 9142 -1692 END
START -1000 4776 19192 -425 8832 -2178 END
START -976 4692 18700 -877 8277 -2596 END
START -844 4440 18264 -940 7911 -2861 END
START -1036 4112 18036 -318 7834 -3262 END
START -1248 3900 18300 139 7595 -3716 END
START -1024 3568 17952 608 7980 -3951 END
START -900 3728 18768 895 8191 -4099 END
START -716 3916 18920 197 8370 -4080 END
START -756 3800 18892 -1271 8960 -3941 END
START -860 3664 18384 -3151 9845 -3748 END
START -992 3532 18696 -5893 10422 -3338 END
START -1112 2752 17316 -6933 10961 -3068 END
START -1652 2828 17176 -6557 11609 -3189 END
START -2048 1824 15520 -5802 12406 -3504 END
START -2636 1932 15880 -4085 11520 -4345 END
START -2828 2220 16324 -3372 9911 -5239 END
START -1908 1588 15828 -2480 8617 -6124 END
START -1868 1500 16020 -2692 9416 -5794 END
START -2212 972 16180 -2666 8146 -5725 END
START -2300 496 15820 -3397 9689 -5121 END
START -3448 1584 12548 -4424 12279 -5364 END
START -1848 328 12596 -3228 8303 -5092 END
START -3448 244 13680 -2600 5764 -5897 END
START -2800 484 13108 -2533 5562 -5861 END
START -2652 396 13236 -3081 3172 -6699 END
START -2264 -576 13296 -4366 2155 -7039 END
START -1804 -1504 13036 -5578 1042 -6779 END
START -1420 -2540 12000 -6149 977 -6259 END
START -1424 -3172 12224 -5763 -21 -5538 END
START -1288 -3724 11908 -4803 527 -4685 END
START -1328 -3900 12096 -3767 516 -3709 END
START -2188 -3648 12212 -3195 662 -3086 END
START -2632 -3408 12400 -3064 22 -2811 END
START -3292 -2940 13024 -2887 -574 -3350 END
START -3060 -3264 13320 -2952 452 -4001 END
START -2092 -4868 13196 -1845 743 -3445 END
START -1956 -5016 13504 -1142 659 -2556 END