START -5160 576 18024 839 592 224 END
START -5364 668 11548 -313 12 439 END
START -6360 -332 16912 -731 1250 217 END
START -5404 104 17224 62 -110 -56 END
START -5428 364 17712 -320 126 84 END
START -5532 548 17372 -533 274 40 END
START -5680 488 17336 -388 764 -237 END
START -5776 664 16900 -406 680 -435 END
START -5376 1024 16528 47 732 -694 END
START -5360 1204 16468 380 936 -955 END
START -5344 1548 16512 330 797 -1188 END
START -5428 1452 16092 153 863 -1411 END
START -5720 1628 15872 77 780 -1633 END
START -5924 2172 16008 -335 472 -1881 END
START -6040 2580 15928 -872 233 -2368 END
START -5876 2644 15424 -977 203 -2918 END
START -5808 2656 14948 -470 172 -3522 END
START -5376 2748 14696 135 317 -3934 END
START -4904 2748 14376 607 490 -4284 END
START -4772 2628 14408 982 322 -4652 END
START -4828 2608 14548 1155 207 -5026 END
START -5460 2188 14572 1126 72 -5476 END
START -5132 1988 14728 976 -230 -5918 END
START -4948 1320 14312 936 -304 -6114 END
START -4844 1220 14376 1022 -452 -6203 END
START -4412 1376 14336 1171 -949 -6548 END
START -3740 1228 14548 1332 -1416 -6929 END
START -3508 804 14284 1507 -1986 -6997 END
START -3288 868 15192 1633 -3483 -6893 END
START -3332 688 15108 1877 -4755 -6960 END
START -3092 632 15328 2024 -6154 -7141 END
START -2460 288 14628 3284 -6122 -7149 END
START -2500 352 14332 4123 -5647 -7260 END
START -2292 220 14612 4295 -5849 -7314 END
START -1968 -32 14324 5123 -6210 -7439 END
START -2096 -36 14468 5639 -6872 -7468 END
START -1844 76 14604 5610 -8343 -7439 END
START -1720 548 15272 7934 -8675 -7716 END
START -1928 -448 14848 8902 -10342 -8027 END
START -780 712 11088 -1389 -7538 -7067 END
START -1232 2904 12272 -353 -4775 -7440 END
START -1596 -5776 16016 -836 -10803 -7158 END
START 912 3676 13776 -1340 -9356 -7261 END
START 216 -5376 17468 2266 -6327 -6799 END
START 556 -2036 16328 828 -7687 -5188 END
START 456 -2464 15572 3807 -5902 -5059 END
START 540 -3380 18112 3270 -4945 -4186 END
START 12 -1832 16492 2870 -5523 -3890 END
START -124 -1080 17108 3501 -6711 -4246 END
START 0 -2968 18184 592 -7075 -3563 END
START 1260 -1340 18236 455 -7657 -3385 END
START 1204 -2408 17548 -1403 -8672 -2412 END
START 988 -1592 19468 1734 -8110 -2196 END
START 128 -4188 17008 2502 -6563 -1256 END
START -356 -3104 18040 4594 -6401 -1349 END
START -264 -2600 17676 4162 -6261 -1232 END
START 28 -2260 17808 5089 -6989 -1659 END
START 164 -1444 19380 4466 -7685 -1931 END
START 920 -1768 20372 4192 -7820 -2408 END
START 924 -2656 20800 4249 -7333 -2021 END
START 700 -3340 20700 4966 -6245 -1125 END
START 556 -3016 21476 3808 -5712 483 END
START 388 -2000 22112 3559 -4790 1306 END
START -232 -1200 21692 2573 -4723 1724 END
START -196 -664 21524 1704 -4661 1534 END
START -164 -892 20840 1548 -4574 1167 END
START 96 -1252 20948 1202 -4910 818 END
START 108 -1820 21256 606 -5184 863 END
START 332 -2232 21236 -30 -5553 1141 END
START 1096 -2280 22232 -580 -6032 2040 END
START 1344 -2656 21564 1012 -5183 3026 END
START 1496 -1680 22660 1420 -4494 4216 END
START 1260 -1208 23160 2868 -2870 4819 END
START 1080 656 25140 3236 -808 5382 END
START 788 1936 26140 -1946 -3294 6643 END
START -92 1592 25804 -741 -1916 5881 END
START 208 1704 25564 -1231 -1654 5602 END
START 600 1432 25196 -1203 -1262 5434 END
START 1100 1260 25404 -753 -153 5597 END
START 1336 1360 25120 -420 1064 6107 END
START 1168 1636 25056 -48 2329 6551 END
START 1040 2144 24784 -271 3674 6971 END
START 344 2904 24028 -549 4787 7281 END
START -512 3236 22804 -472 5269 7172 END
START -1092 3744 22208 -262 5414 6717 END
START -1360 4076 21796 -463 5311 6226 END
START -1720 4736 21520 -558 5077 5442 END
START -1644 4868 21680 -772 4582 4660 END
START -1784 4808 21252 -1250 4267 4063 END
START -1464 5024 21092 -961 4038 3341 END
START -1240 4944 21016 -397 4395 2845 END
START -1248 4680 21424 35 5556 2489 END
START -1380 4836 21696 171 6861 2153 END
START -1488 4956 21060 55 7977 1692 END
START -1628 5180 20576 -107 8415 1000 END
START -1584 5136 20040 -244 8343 254 END
START -1228 5268 19792 -286 8001 -625 END
START -1132 5192 19872 -932 7423 -1329 END
START -624 4912 20052 -1638 6898 -2024 END
START -464 4184 19528 -2699 6617 -2372 END
START -400 3508 18800 -3043 6791 -2396 END
START -412 2940 18260 -2161 7347 -2382 END
START -792 2940 18068 -1699 8122 -2392 END
START -988 3496 18076 -1762 8476 -2591 END
START -1368 3444 17460 -1513 9275 -3027 END
START -1188 3720 17468 -2606 9887 -3412 END
START -1248 3976 17576 -4525 10511 -3430 END
START -1296 3676 17080 -6796 9586 -3475 END
START -1524 3180 16300 -6613 9744 -3898 END
START -1956 2656 16252 -6519 9908 -4447 END
START -1740 2232 16332 -6822 10547 -4915 END
START -2040 1484 16232 -6044 10384 -5740 END
START -1568 952 15048 -4996 10679 -6079 END
START -1384 576 14016 -3327 10226 -6288 END
START -1964 740 15080 -2920 8295 -6530 END
START -2328 -36 14648 -3418 7068 -6250 END
START -1912 20 13460 -4113 7649 -6344 END
START -4336 2864 11080 -5391 9166 -6367 END
START -1364 -1704 10016 -4256 5954 -6313 END
START -1868 -1808 11536 -4937 5316 -6304 END
START -1372 -2412 11724 -4576 2889 -5976 END
START -860 -3352 10452 -3716 1168 -5517 END
START -988 -4228 10360 -2439 1935 -4806 END
START -868 -4508 11028 -1574 2235 -3926 END
START -1272 -4400 11484 -1476 1458 -2942 END
START -1748 -4220 11920 -1974 554 -2310 END
START -1992 -3856 11980 -2432 -181 -1975 END
START -2292 -3508 11720 -2355 -682 -1696 END
START -2452 -3780 12520 -1586 -2063 -1828 END
START -2768 -3460 13692 -898 -2173 -2203 END
START -2484 -3612 14512 -111 -107 -2171 END