START -5084 320 17444 917 1424 -484 END
START -4488 1776 11072 -496 1004 -338 END
START -4676 616 16048 823 1000 -485 END
START -5488 464 17188 621 1071 -847 END
START -5824 308 17116 345 774 -1098 END
START -5824 172 17364 -189 192 -1428 END
START -5384 -252 17340 -634 409 -1395 END
START -4984 -560 17232 -737 1290 -932 END
START -4712 -472 16880 -451 1907 -330 END
START -4680 -200 16364 -31 2206 142 END
START -4820 264 16276 222 1844 359 END
START -5408 500 16388 17 1460 213 END
START -5852 744 16148 -99 791 -192 END
START -6156 964 16224 -190 373 -659 END
START -6112 1176 15964 -370 27 -1193 END
START -6200 948 16000 -379 -179 -1685 END
START -5816 1204 15952 38 -556 -1924 END
START -5908 1372 16164 274 -704 -2154 END
START -5552 1344 16048 683 -674 -2251 END
START -5976 1412 16464 963 -134 -2238 END
START -5872 1592 16508 942 616 -2320 END
START -5720 1732 16392 925 1030 -2593 END
START -5396 1700 15848 1043 1270 -2889 END
START -5172 1576 15756 1125 846 -3129 END
START -5116 1608 15948 863 154 -3354 END
START -4952 1500 15776 346 -654 -3617 END
START -4620 1040 15976 -223 -1439 -3730 END
START -4340 676 15788 -544 -1603 -3513 END
START -4288 500 15944 -454 -1411 -3344 END
START -4384 400 15852 -139 -1099 -3314 END
START -4264 352 15788 224 -546 -3241 END
START -4340 456 15632 787 -285 -3288 END
START -4312 716 15660 1303 37 -3493 END
START -4008 628 15468 1600 73 -3833 END
START -4724 4 15500 1701 434 -3784 END
START -4500 -32 15360 1641 141 -3470 END
START -4396 0 15352 1275 -231 -3222 END
START -4316 40 14768 1061 -879 -3039 END
START -4408 480 15036 950 -1785 -3000 END
START -4512 772 15596 1107 -4960 -3380 END
START -3424 256 15168 1225 -7116 -3830 END
START -3176 148 15164 2181 -7110 -4238 END
START -2744 -772 14944 3574 -5194 -4002 END
START -3156 -1112 15108 3816 -2791 -3075 END
START -3748 -832 15588 3957 -1973 -2681 END
START -3660 -232 14972 4113 -2816 -2655 END
START -3004 -8 13780 5291 -4420 -2886 END
START -2064 584 15028 6878 -5505 -3447 END
START -2384 -680 14168 8051 -7195 -3640 END
START -2424 720 14896 7744 -6879 -3449 END
START -2704 -1376 15316 6345 -6812 -2940 END
START -1444 -1632 21576 4278 -5763 -2082 END
START -2152 -216 15764 -32 -3900 -1930 END
START -2552 -1532 15612 594 -4481 -2226 END
START -1576 1012 15512 717 -4564 -2224 END
START -1196 -40 15744 1816 -4493 -2514 END
START -804 -132 16240 1783 -4176 -2045 END
START -1580 -1660 16784 2459 -3780 -1448 END
START -1920 -1624 17008 2149 -3445 -494 END
START -2016 -1296 16908 1762 -3760 -35 END
START -1900 -172 16332 1944 -3979 -12 END
START -1560 -264 16452 2601 -4412 -343 END
START -1132 568 16688 2999 -4785 -870 END
START -1564 88 17280 3785 -5184 -1479 END
START -1320 -1856 18264 1908 -5988 -1019 END
START -912 -1460 17884 1018 -6412 -641 END
START -208 -3012 17648 1065 -6242 -106 END
START 428 -2080 17392 1731 -5811 525 END
START 464 -1616 18104 3636 -5449 798 END
START 648 -1520 19480 2870 -5882 1486 END
START 432 -564 19748 2921 -5961 1869 END
START -216 -2160 20444 1337 -6405 3091 END
START -920 -1196 19888 -11 -6722 4010 END
START -1312 -2400 19812 -321 -7050 4285 END
START -1780 -1948 19472 -771 -7390 4535 END
START -1300 -1800 20176 -160 -7612 4262 END
START -544 -1744 20888 629 -6932 4204 END
START -104 -1088 22160 810 -6046 4498 END
START -356 -1196 23024 479 -5117 4833 END
START -964 -2152 22588 -614 -4563 5776 END
START -1080 -1548 22312 -1260 -4390 6698 END
START -1488 -940 22448 -1499 -4479 7130 END
START -1596 168 22928 -1853 -4656 7403 END
START -1988 1224 23232 -1303 -4325 7015 END
START -2080 2864 26060 -496 -3112 6056 END
START -2228 2844 25164 -181 -1516 5223 END
START -2120 2860 25084 239 290 4742 END
START -2312 3320 24844 659 1759 4750 END
START -2492 4072 25064 809 2860 4696 END
START -3120 5100 24980 433 3454 4521 END
START -3256 6616 24820 -34 3452 3834 END
START -3360 6944 24404 -1064 3529 3054 END
START -3612 6988 24016 -1318 4008 2174 END
START -3648 7076 23880 -1320 4708 1222 END
START -3584 6836 23384 -1606 5501 306 END
START -3636 6384 22784 -1684 6161 -347 END
START -3172 6152 22208 -1451 6690 -939 END
START -2776 6064 21816 -1430 7154 -1448 END
START -2756 6276 21396 -1832 7342 -1919 END
START -2804 6312 20784 -2260 7281 -2494 END
START -2932 5460 20116 -1942 7432 -2956 END
START -3216 5000 19844 -1702 7540 -3307 END
START -3452 5016 19576 -1637 7492 -3794 END
START -3264 5352 19340 -1713 7624 -4440 END
START -2820 4912 18808 -983 8031 -5194 END
START -2508 4872 18968 -325 8369 -5619 END
START -2584 4832 19204 136 8671 -6092 END
START -3116 4404 19008 -384 8939 -6364 END
START -2900 4160 18768 -2135 8830 -6318 END
START -3092 3960 18012 -3156 10203 -6037 END
START -3568 3400 18164 -4176 9860 -5800 END
START -3736 3592 17912 -5838 8411 -5610 END
START -3720 4884 16300 -5690 7265 -6398 END
START -3884 3332 17412 -6301 6938 -7030 END
START -3108 4052 16648 -6116 7906 -8079 END
START -2452 2128 17888 -6871 8971 -8317 END
START -2296 1236 17072 -6316 10043 -8453 END
START -1892 -236 15980 -5006 10413 -8320 END
START -1744 -252 14724 -5434 9906 -7683 END
START -1828 -4 14728 -5606 8383 -7574 END
START -1500 -1036 12760 -5623 7122 -7264 END
START -2224 -712 13148 -7044 7548 -7074 END
START -1864 -1608 10676 -6907 8228 -7605 END
START -2556 -2328 12624 -7285 5307 -8672 END
START -492 -4264 9936 -5302 5108 -8465 END
START -28 -5508 10132 -3562 4387 -7321 END
START 624 -6148 9404 -2272 4594 -5864 END
START -292 -6240 9612 -1911 3495 -4333 END
START -1000 -5944 9556 -2226 1594 -3156 END
START -1436 -5752 9500 -2939 -308 -2232 END
START -1928 -5268 10028 -3322 -2178 -1516 END
START -2180 -4584 10928 -3213 -3265 -1379 END
START -2728 -4596 12072 -2682 -3835 -1732 END
START -2928 -5304 12812 -1454 -3206 -2085 END
START -3272 -6008 13588 137 -1682 -1954 END
START -3424 -5968 14288 1180 -1231 -1553 END
START -3328 -5476 15512 1320 -1202 -1050 END
START -3136 -4964 16340 902 -1337 -166 END
START -3320 -4364 17184 -44 -1644 657 END