START -5972 1408 17764 -356 839 -51 END
START -7644 3104 12012 -2210 316 75 END
START -7680 -1980 16040 -1727 978 -338 END
START -6176 1236 16204 -144 325 -243 END
START -5996 1008 15916 198 280 -199 END
START -6220 948 15980 404 -82 -198 END
START -6220 1016 16732 295 -532 -207 END
START -5984 1192 17228 -138 -530 -206 END
START -5768 1220 17424 -762 -81 -18 END
START -6060 1236 17076 -1083 294 10 END
START -5972 1096 16828 -1334 583 -107 END
START -5980 996 16160 -1231 386 -77 END
START -6268 704 15744 -390 450 -79 END
START -6004 1288 16092 364 389 37 END
START -6460 1932 16820 461 251 -209 END
START -6296 2520 16816 271 231 -583 END
START -6312 2800 16828 72 310 -941 END
START -6080 2788 16384 -9 460 -1189 END
START -6104 2572 16164 -13 807 -1302 END
START -6268 2472 15868 -1 535 -1396 END
START -6200 2688 15408 250 484 -1446 END
START -6348 3120 15356 506 89 -1757 END
START -6248 3136 15388 764 -39 -2190 END
START -5888 3196 15472 941 94 -2494 END
START -5724 3316 15584 802 108 -2709 END
START -5672 3260 15612 415 -191 -2966 END
START -5620 2948 15428 47 -380 -3026 END
START -5724 2652 15336 73 -515 -3182 END
START -5512 2808 15368 155 -773 -3483 END
START -5144 2632 15304 133 -1181 -3820 END
START -4628 2596 15388 258 -983 -4083 END
START -4828 2356 15080 753 -624 -4254 END
START -4832 2312 15048 1059 -521 -4617 END
START -4872 1948 14944 1019 -355 -4743 END
START -4692 1624 14676 1030 -539 -4765 END
START -4504 1464 14324 1055 -796 -4705 END
START -4412 1272 14200 1227 -946 -4616 END
START -4240 1408 13944 1213 -1502 -4522 END
START -4248 1356 14112 1272 -3216 -4690 END
START -3872 1144 14264 1542 -4063 -4722 END
START -3980 704 14136 2098 -4171 -4561 END
START -4060 580 14460 2680 -4604 -4522 END
START -4568 552 14828 3168 -4839 -4556 END
START -4264 -64 14576 3438 -6284 -4596 END
START -4332 292 14388 4175 -7388 -4466 END
START -3352 832 15168 5110 -7911 -4852 END
START -2856 836 15072 5457 -6422 -4432 END
START -2716 944 15584 6023 -5097 -3870 END
START -2940 180 15312 5411 -4024 -3022 END
START -2984 1280 15736 5922 -4109 -2581 END
START -3264 856 15364 6394 -5327 -2424 END
START -3380 1768 14840 6693 -6591 -2383 END
START -4188 1612 12988 6749 -6349 -3216 END
START -2756 2092 14732 245 -5094 -2651 END
START -2208 128 16248 2190 -7411 -3542 END
START -952 2336 15972 1500 -7156 -3813 END
START -292 -108 16576 2316 -6924 -4138 END
START 40 -1188 17112 1388 -6201 -2926 END
START 260 -1712 17176 2368 -5787 -1711 END
START -952 -1168 16952 2346 -5173 -473 END
START -1756 -1372 16828 2314 -5287 -62 END
START -2240 -636 16880 2612 -6151 -256 END
START -2080 -128 17572 2010 -7430 -861 END
START -1224 936 18704 1837 -8789 -1688 END
START 372 -1408 20016 488 -9109 -1481 END
START 308 -700 18624 -411 -8759 -616 END
START 40 -3720 18036 127 -7909 259 END
START -104 -2772 19488 -455 -7533 1258 END
START -296 -3320 18976 -54 -7443 1821 END
START -396 -2548 19040 806 -7162 2155 END
START -132 -2120 20700 1505 -6986 2449 END
START -180 -1852 20296 397 -7345 3162 END
START -284 -768 21692 -789 -6261 3784 END
START -908 -504 21800 -1387 -5851 4295 END
START -1952 -668 21540 -1360 -4926 4506 END
START -2604 -472 21408 -1502 -4403 4409 END
START -2760 -256 20596 -1310 -3782 4476 END
START -3060 200 20860 743 -4112 4470 END
START -3160 1092 22064 1645 -3342 4505 END
START -2804 1996 23996 873 -3352 4449 END
START -2800 2136 24524 -587 -2788 4821 END
START -2900 2540 24248 -1329 -2352 5155 END
START -3616 3032 23984 -1478 -1554 4974 END
START -3984 3584 24060 -1436 -846 4552 END
START -4100 3976 24040 -1420 -50 3871 END
START -3836 4356 23864 -710 698 3134 END
START -3724 4688 24368 -381 1594 2451 END
START -3412 5084 24756 -550 2234 2031 END
START -3440 5200 24748 -1081 2856 1765 END
START -3196 5252 24636 -1317 3547 1490 END
START -3140 5344 24064 -1315 4346 1210 END
START -3040 5632 23848 -1196 5117 806 END
START -2988 6016 24004 -1245 6037 337 END
START -3184 6012 23832 -1443 6813 -244 END
START -2936 5768 23340 -1544 7404 -866 END
START -2984 5604 22804 -1587 7946 -1312 END
START -3060 5328 21936 -1955 7959 -1758 END
START -2848 5272 21412 -2000 8011 -2178 END
START -2696 5240 21320 -2118 8104 -2485 END
START -2848 4704 20664 -2120 8601 -2835 END
START -2828 4512 19824 -1737 9080 -2979 END
START -3008 4532 19412 -1097 9396 -3078 END
START -3488 4712 19284 -1016 9505 -3195 END
START -3732 5484 19264 -1894 8844 -3557 END
START -4164 5836 18768 -3002 8016 -4028 END
START -4064 5832 18320 -4522 7342 -4439 END
START -4092 6120 17820 -6083 7139 -5083 END
START -3548 5780 17144 -6823 8390 -5688 END
START -3164 5360 16944 -8611 10427 -6130 END
START -3312 5136 16244 -9698 12739 -6666 END
START -4192 3300 13192 -8317 11890 -7804 END
START -3320 3736 14192 -9249 11858 -8451 END
START -3944 3660 15648 -6997 11343 -9314 END
START -3512 2220 13908 -5335 8110 -10425 END
START -2588 1100 13064 -5518 6583 -10445 END
START -1880 396 12688 -5315 7114 -10104 END
START -1576 -68 13104 -4995 8009 -9804 END
START 508 -952 10776 -4330 9656 -9219 END
START -1172 -2008 12568 -4388 7414 -8876 END
START -264 -3520 11204 -4082 5318 -8059 END
START -44 -4104 11500 -4175 3583 -7231 END
START 524 -5308 10160 -3995 3999 -6450 END
START 612 -6384 9668 -3556 4091 -5245 END
START -284 -6616 10368 -2705 2681 -3782 END
START -756 -6148 10308 -2660 1086 -2667 END
START -1380 -5608 9592 -2468 -509 -2191 END
START -1656 -5108 9508 -1672 -1441 -1891 END
START -2252 -4436 10116 -1179 -2676 -2205 END
START -1708 -5144 11632 -479 -2262 -1816 END
START -1944 -5192 13128 200 -2272 -1082 END