START -5876 1168 17984 521 783 -543 END
START -6516 2172 11228 -889 155 -425 END
START -7908 -2576 16284 63 583 -642 END
START -6256 1528 17368 214 746 -977 END
START -6260 1148 17148 113 917 -932 END
START -6328 1180 17304 -26 898 -816 END
START -5908 1172 17224 -233 1125 -852 END
START -5740 1252 17072 -87 1645 -812 END
START -5768 1712 16576 24 1945 -817 END
START -5964 2348 16680 -86 1472 -1222 END
START -6260 2544 16464 -234 1212 -1674 END
START -6368 2680 16208 -179 745 -2252 END
START -6300 2996 16052 38 721 -2751 END
START -6400 2924 16132 70 989 -3144 END
START -6224 2996 16072 50 1030 -3430 END
START -5884 2996 15616 161 864 -3615 END
START -5948 2756 15636 376 1031 -3813 END
START -6108 2616 15620 416 1018 -3937 END
START -6104 2548 15644 156 1027 -4231 END
START -6120 2372 15384 -188 912 -4382 END
START -6268 2324 15296 -411 119 -4754 END
START -6024 2040 14716 -436 -141 -5285 END
START -5328 1932 14988 118 -545 -5537 END
START -4972 1904 15176 379 -830 -5638 END
START -4648 1868 15584 401 -998 -5798 END
START -4608 1552 15336 550 -562 -5703 END
START -4884 1052 15028 986 -40 -5507 END
START -4804 1056 14824 1488 400 -5258 END
START -5160 1224 14672 1765 502 -5119 END
START -5412 1476 14800 1457 -153 -5379 END
START -5236 1412 14720 1056 -1077 -5908 END
START -5464 1124 15228 1399 -4355 -6406 END
START -5088 644 14708 1484 -4709 -6715 END
START -4384 212 14272 1984 -4837 -6922 END
START -3568 -216 14836 2765 -4414 -6666 END
START -3112 -88 14852 3430 -3148 -6391 END
START -3500 -284 15176 3748 -2014 -5956 END
START -3604 -152 15820 3862 -2104 -5528 END
START -3768 64 15648 3945 -3537 -5372 END
START -3488 -136 15416 4228 -5630 -5430 END
START -3452 -872 12964 6031 -6691 -5535 END
START -5640 -1188 15332 5366 -8457 -5988 END
START -2300 -240 14768 5994 -8539 -6521 END
START -1380 -704 15156 6128 -7937 -6493 END
START -712 -1656 15372 4770 -6732 -5717 END
START -464 -1104 15540 4075 -4875 -4634 END
START -1444 -1992 15460 3535 -3948 -3625 END
START -2292 -1380 15832 2943 -4357 -2870 END
START -2740 -768 15688 3198 -5679 -2857 END
START -3392 76 15940 -213 -6511 -2868 END
START -1500 1164 16016 -469 -6761 -3834 END
START -64 -868 15620 340 -6550 -4130 END
START 200 -1040 15100 3380 -4816 -3914 END
START -1192 -4528 16212 4399 -3323 -2549 END
START -2692 -3148 16104 4143 -4139 -1176 END
START -2972 -1608 17432 5028 -6119 -1694 END
START -2968 -2876 17044 1570 -7347 -989 END
START -1920 -480 16020 2969 -8934 -1724 END
START -500 -3648 18568 1888 -8677 -1964 END
START 444 -2680 19364 238 -7755 -1299 END
START 844 -2748 19336 2393 -6263 -613 END
START -248 -4236 20848 2176 -5367 828 END
START -712 -4024 19248 -79 -5627 2322 END
START -1004 -2888 17324 979 -6432 2515 END
START -772 -3396 18524 890 -7433 2884 END
START -912 -1072 19444 2025 -8404 2534 END
START -992 -4076 26576 1374 -9442 2725 END
START -1196 -1608 23292 -232 -9522 3329 END
START -1072 -1696 23320 -1876 -9259 3890 END
START -740 -1192 22992 -1267 -7514 3888 END
START -620 -1292 22928 -764 -4924 3712 END
START -576 -1108 24276 135 -5094 3828 END
START -784 -1392 23676 -146 -3315 4193 END
START -956 -1020 24012 -204 -2639 4787 END
START -1796 -732 24004 -749 -2520 5405 END
START -1864 -192 24068 -1193 -2373 5850 END
START -2260 636 24540 -1387 -1706 6146 END
START -2368 1684 24556 -1148 -952 6115 END
START -2424 2584 24960 -789 29 5810 END
START -2548 3192 24712 -849 856 5572 END
START -2600 3648 24976 -893 1516 5147 END
START -2220 3900 24780 -979 2374 4782 END
START -2304 3756 24260 -1160 3217 4703 END
START -2448 3816 23792 -837 4010 4617 END
START -2356 3996 23672 -819 4523 4381 END
START -2864 4072 23556 -941 4860 4084 END
START -2784 4348 22944 -811 5478 3640 END
START -2928 4812 22720 -857 5990 3285 END
START -3200 5140 22784 -1229 6479 2708 END
START -3292 5272 21800 -1419 7218 1810 END
START -3136 5236 21140 -1184 7945 967 END
START -3276 5092 20484 -1022 8615 269 END
START -3236 5120 19944 -670 8697 -316 END
START -3496 5380 19944 -883 8656 -963 END
START -3428 5548 19700 -1577 8413 -1554 END
START -3092 5428 19024 -1806 8218 -2239 END
START -3380 5344 18972 -1859 7975 -2834 END
START -3008 5432 18996 -2732 7418 -3318 END
START -2948 5184 18096 -3157 7121 -3713 END
START -3220 4876 18096 -2786 7534 -4094 END
START -3720 4540 17976 -2517 8650 -4508 END
START -3940 5328 18000 -2403 9889 -5049 END
START -3640 6572 19704 -5826 11027 -5245 END
START -3940 5184 18432 -6282 10619 -6169 END
START -3816 4836 17388 -7486 8996 -6517 END
START -3404 4036 16616 -7080 8671 -7077 END
START -2812 3160 16036 -8541 9938 -7199 END
START -2952 1488 15972 -7115 11392 -7541 END
START -3148 836 15076 -5954 9626 -7945 END
START -3012 720 14884 -5661 8127 -7755 END
START -2364 800 13180 -5449 8345 -7646 END
START -2868 276 11708 -5840 7325 -8030 END
START -2164 -868 10692 -5257 7588 -8431 END
START -3652 -2704 12564 -4845 5904 -9331 END
START -1060 -3108 10504 -4371 5245 -9553 END
START -776 -4692 10572 -3733 3716 -9469 END
START 532 -5960 9992 -3249 3065 -8886 END
START 980 -7316 9600 -2634 3921 -7448 END
START 912 -8028 9044 -1689 3908 -5648 END
START 764 -8556 8500 -668 2053 -3712 END
START -1412 -6744 10172 -437 223 -2859 END
START -1156 -7024 10400 -590 -760 -1926 END
START -2064 -6320 11456 -831 -2442 -1273 END
START -2516 -5548 12648 -1151 -3062 -1303 END
START -2488 -5280 13372 -1302 -3724 -1536 END
START -1772 -5340 13652 -569 -3072 -1480 END