START -5056 740 15988 547 -58 -1570 END
START -5144 1056 15996 560 -126 -1699 END
START -5252 1184 16192 514 -131 -1931 END
START -5160 1216 16464 73 -279 -2592 END
START -5188 956 16236 -84 -85 -3191 END
START -4844 668 16088 102 350 -3486 END
START -4692 500 15852 462 604 -3589 END
START -4496 532 15856 772 777 -3577 END
START -4604 664 15880 825 816 -3641 END
START -4300 648 15644 914 889 -3672 END
START -4180 572 15052 1099 917 -3618 END
START -4404 568 14588 1130 668 -3536 END
START -4364 488 14280 1019 -97 -3633 END
START -4584 352 14224 856 -909 -3901 END
START -4588 440 14636 658 -1960 -4270 END
START -4640 -12 15080 976 -5032 -4762 END
START -3488 308 14752 930 -5481 -4947 END
START -2928 424 14720 1496 -6730 -5210 END
START -2380 92 14460 2764 -6140 -5391 END
START -2540 -204 13996 4058 -5047 -5367 END
START -2892 -560 14124 4105 -4516 -5221 END
START -2172 -1268 13944 5074 -4666 -4955 END
START -3200 -1124 13020 8752 -6387 -5979 END
START -2284 200 14464 9424 -7645 -6153 END
START -1092 -148 15084 9473 -9128 -6063 END
START 488 -872 15976 6345 -11777 -5182 END
START -312 4576 16400 180 -3940 -5147 END
START -544 -3900 16728 570 -2351 -4425 END
START -148 1272 14492 1717 -2026 -3867 END
START -2324 -1548 15460 5976 -342 -4256 END
START -2456 -564 16684 4354 -624 -3856 END
START -2512 944 15032 5886 -1202 -4491 END
START -3144 -492 14492 2270 -4006 -4490 END
START -216 1664 16112 -77 -6425 -4142 END
START -88 -780 9140 2477 -7123 -4590 END
START 80 -1712 20420 900 -9216 -4243 END
START -852 -892 14888 -1784 -9563 -3195 END
START -940 -3172 17124 1733 -8297 -3659 END
START -1128 -2684 18036 1084 -7387 -3248 END
START -876 -2084 16916 3544 -5991 -3958 END
START -24 -1956 17860 4372 -5918 -4025 END
START 1044 -540 18076 4539 -5874 -4165 END
START 1476 -1828 19016 3735 -6839 -3738 END
START 1120 -2532 19588 1973 -7377 -2411 END
START 480 -4024 19196 737 -7953 -929 END
START 0 -4224 18832 704 -8203 229 END
START 292 -3836 18748 1338 -8376 687 END
START 588 -2652 18864 2415 -8470 664 END
START 680 -3544 22008 2113 -8370 686 END
START 1708 -1768 21404 2078 -8775 780 END
START 780 -2668 21400 1935 -8298 1078 END
START 584 -2604 22524 1395 -8406 1661 END
START 252 -2648 22872 493 -6696 2355 END
START -108 -2928 22760 225 -6995 2978 END
START -152 -2824 22740 411 -5644 3659 END
START -468 -2084 22820 502 -5537 4216 END
START -200 -1316 23424 429 -5494 4255 END
START -240 -1028 23760 -147 -5542 4392 END
START -744 -852 24060 -482 -5313 4208 END
START -812 -936 24716 -1095 -5106 3930 END
START -248 -872 24972 -1544 -4664 4148 END
START 104 -420 25332 -1661 -3889 4538 END
START -92 200 25416 -1186 -2662 5004 END
START -4 1140 26252 -502 -1251 5303 END
START -188 2160 26580 -103 764 5254 END
START -748 3028 26312 -10 2460 5057 END
START -1360 3936 26288 -500 3614 4432 END
START -1868 4356 25708 -1167 4454 3542 END
START -1968 4156 25160 -1769 4842 2596 END
START -1348 4072 24640 -1815 4937 1881 END
START -1008 3800 24148 -1864 5195 1538 END
START -636 3744 23996 -1827 5590 1231 END
START -532 3508 23844 -1734 6461 1019 END
START -496 3248 23460 -1471 7552 956 END
START -988 3444 23080 -1207 8468 730 END
START -1392 3772 22656 -1383 9000 473 END
START -1220 4228 22020 -1680 8973 -13 END
START -1132 4424 21868 -2111 9163 -656 END
START -856 4220 21184 -2417 9429 -1124 END
START -688 4128 20696 -2310 10001 -1379 END
START -776 3904 20096 -1962 10662 -1623 END
START -1312 3856 19236 -1516 11085 -1835 END
START -1956 4092 18536 -1577 11204 -2314 END
START -2624 4332 18452 -2495 10784 -3109 END
START -2584 4456 17724 -3587 10609 -4113 END
START -2324 5396 16580 -3271 11140 -5245 END
START -1924 4344 16424 -5152 12115 -5731 END
START -2204 3880 16032 -6858 10994 -6161 END
START -1752 2560 15288 -8190 10353 -6268 END
START -472 1644 20024 -7079 11577 -6523 END
START -1236 1196 14096 -9292 12572 -6567 END
START -1356 236 14952 -8578 11467 -6986 END
START -832 -120 13880 -6627 13129 -7335 END
START -432 -1472 12744 -5305 10137 -7561 END
START -760 -1444 12416 -5618 9156 -7175 END
START -372 -2724 12448 -5826 9276 -6681 END
START 344 -3396 10432 -4934 6290 -6079 END
START -364 -4180 10860 -4667 5680 -5261 END
START -84 -4344 9224 -3638 4086 -4848 END
START -452 -4312 10676 -3183 2415 -4705 END
START -380 -5068 9832 -2851 3042 -4562 END
START 744 -5228 10520 -2883 5725 -3997 END
START -652 -5748 10336 -1524 1819 -3619 END
START -104 -5952 10276 -851 2657 -2721 END
START -760 -6044 10616 -409 902 -2042 END
START -1012 -5980 11368 -574 -278 -1338 END
START -1400 -5712 11620 -829 -1359 -838 END
START -1532 -5404 12128 -494 -2088 -319 END