START -5832 804 17328 814 671 232 END
START -5796 1280 9824 -482 79 453 END
START -6628 796 16524 -1111 1495 12 END
START -5980 960 16904 569 358 -498 END
START -6144 640 16488 323 955 -715 END
START -5864 608 16512 299 523 -671 END
START -5872 448 16604 93 309 -527 END
START -5704 464 16512 -132 261 -196 END
START -5616 840 16616 -230 449 83 END
START -6060 1016 16156 -84 853 105 END
START -6284 1672 16116 233 470 -283 END
START -6344 2272 16128 355 497 -660 END
START -6392 2756 16364 232 289 -1224 END
START -6476 2856 15940 137 236 -1880 END
START -6348 2552 15828 166 359 -2373 END
START -6700 2388 15628 189 257 -2708 END
START -6540 2488 15680 127 -289 -3216 END
START -6288 2332 15560 107 -522 -3676 END
START -5948 2356 15544 544 -410 -4023 END
START -5520 2516 15628 851 -130 -4305 END
START -4884 2552 15728 881 18 -4573 END
START -4644 2600 15804 746 181 -4693 END
START -4496 2516 15524 595 158 -4700 END
START -4640 2320 15108 590 170 -4667 END
START -4972 2336 14956 560 112 -4587 END
START -4928 2496 14716 424 -526 -4932 END
START -4744 2448 14204 574 -740 -5347 END
START -4812 2352 14028 894 -859 -5742 END
START -4796 2004 14192 1195 -1067 -6342 END
START -4068 1604 14084 1546 -1019 -6840 END
START -4044 868 14064 1756 -1204 -6795 END
START -3736 696 14532 2010 -1968 -6460 END
START -3176 856 14320 2151 -3811 -6104 END
START -2892 876 14444 1923 -5572 -5890 END
START -2140 1496 14208 2469 -6836 -5681 END
START -1952 1428 13572 3768 -6903 -5685 END
START -1988 232 13660 4773 -6208 -5615 END
START -2384 712 13812 4880 -5791 -5720 END
START -2900 568 13972 5330 -5289 -6016 END
START -2792 568 14156 5305 -6313 -6077 END
START -3560 176 14012 5517 -7478 -6189 END
START -2836 176 14340 7853 -8792 -6664 END
START -2784 292 15032 7762 -10694 -6759 END
START -1964 -464 15428 8149 -12292 -6634 END
START -4420 -1648 13672 6927 -14087 -7018 END
START 2116 3456 17668 1191 -5446 -4957 END
START -1260 -3632 14660 4252 -3964 -5591 END
START -380 -148 19076 4271 -7270 -5196 END
START -868 -2056 19028 4805 -6385 -4279 END
START -660 192 17044 -41 -5603 -2847 END
START -1616 -700 16968 1077 -7630 -3665 END
START 20 448 19984 563 -7813 -3876 END
START -128 396 17748 1798 -7876 -4719 END
START 1620 -2008 17460 3591 -7134 -5112 END
START 2612 -2036 18180 3515 -5964 -4177 END
START 2060 -3308 16644 3610 -5282 -3010 END
START 1348 -3256 17220 4215 -5446 -1611 END
START 252 -2400 17600 3030 -6189 -386 END
START -368 -1520 17640 2513 -7515 11 END
START -544 -320 18860 1006 -8785 28 END
START -236 84 19376 300 -9504 -840 END
START 472 -456 19468 472 -9611 -1746 END
START 2080 -1840 21812 1727 -9080 -2120 END
START 3384 -2804 19104 2925 -8137 -1653 END
START 3372 -2924 20736 2722 -6295 15 END
START 3496 -3140 20560 1990 -5758 1703 END
START 2416 -2752 20032 1605 -5656 3321 END
START 1156 -3548 19772 1027 -6571 4466 END
START 460 -1964 20092 406 -7557 4958 END
START -160 -1836 20504 1170 -8230 4713 END
START 32 -1420 21972 95 -9504 5050 END
START 556 -1184 22224 551 -7695 5034 END
START 404 -1624 21804 2844 -5011 4810 END
START -188 8 27084 -1025 -8227 6164 END
START -228 -1320 23052 663 -4239 6551 END
START -1140 -540 24004 536 -5066 6915 END
START -1684 116 24320 -259 -4759 7354 END
START -1612 1000 24868 -738 -3931 7276 END
START -1720 1912 25008 -542 -2774 6620 END
START -1276 2408 25384 -131 -2316 6282 END
START -1012 3048 25804 252 -1022 6106 END
START -868 3736 26156 -2 8 5986 END
START -1232 3996 26172 -326 957 5910 END
START -1408 4284 25400 -529 1904 5960 END
START -1756 5112 24952 -455 2821 5596 END
START -1956 5540 24980 -644 3167 4784 END
START -1900 6192 24340 -995 3151 3819 END
START -1564 6516 24076 -1289 3555 2662 END
START -1248 6192 23568 -1047 4324 1662 END
START -720 5864 23240 -510 5292 1094 END
START -1080 5532 22876 -345 6792 879 END
START -1200 5408 22428 -334 7781 623 END
START -1620 5492 22096 -555 8441 257 END
START -1452 5720 21252 -1110 8651 -227 END
START -1568 6492 20784 -740 8237 -1249 END
START -1160 5872 20788 -1401 7559 -2030 END
START -1060 5460 20452 -1660 7173 -2671 END
START -352 4812 20280 -1293 7456 -3118 END
START -540 4000 20536 -380 8489 -3197 END
START -260 3924 20988 -25 9704 -3063 END
START -520 4260 21228 -88 10765 -2920 END
START -696 4752 21096 -679 11221 -3005 END
START -792 5012 20608 -1183 11387 -3386 END
START -756 5080 19672 -1573 11444 -4026 END
START -584 4848 19228 -1493 11291 -4804 END
START 128 4756 18792 -1666 11039 -5202 END
START -64 4180 18760 -2736 10637 -5126 END
START -120 3524 17708 -3716 10105 -4747 END
START -632 3260 16752 -4225 10470 -4260 END
START -700 2528 15860 -6687 12174 -3454 END
START -860 1336 15680 -8323 12091 -2714 END
START -2352 2384 18932 -11915 11588 -1809 END
START -2152 1416 14920 -9021 11988 -2828 END
START -2620 2432 15060 -9180 10019 -3898 END
START -2580 1532 14700 -6129 9285 -5727 END
START -1688 604 14588 -4706 8852 -6411 END
START -1916 152 14916 -4467 9310 -6641 END
START -1204 -700 14456 -4056 9910 -6120 END
START -1556 196 14048 -5427 13086 -5588 END
START -2456 -2492 14604 -6969 9667 -5844 END
START -2332 -816 12328 -7096 4529 -4970 END
START -1848 -1548 10820 -7193 2545 -4696 END
START -1900 -2536 9952 -6820 936 -4562 END
START -1952 -3440 9504 -5881 2110 -4567 END
START -1596 -3776 10184 -5326 1357 -4258 END
START -1440 -4556 9600 -4952 1833 -3475 END
START -1384 -5064 8956 -4498 693 -2427 END
START -1364 -5836 8684 -4086 -1008 -1387 END
START -2836 -3852 8832 -3944 -2184 -1606 END
START -2428 -4340 9476 -3283 -1389 -1122 END
START -2484 -4712 11172 -1440 -1960 -878 END
START -2220 -4500 12384 -157 -1509 -423 END