START -4928 276 17504 329 1346 -289 END
START -5172 1516 10928 -896 800 -148 END
START -7656 -3284 16616 -240 677 -505 END
START -5416 804 17600 -584 -98 -680 END
START -5204 736 17120 -624 -542 -832 END
START -5164 848 17436 -735 -319 -1094 END
START -5328 984 17556 -870 -114 -1552 END
START -4964 980 17412 -944 528 -1738 END
START -5116 988 17248 -785 967 -1783 END
START -4844 1032 17208 -765 1146 -1882 END
START -4920 1072 17520 -1114 1362 -1860 END
START -5168 1152 17052 -1673 1429 -1882 END
START -5004 1772 16212 -1767 1112 -2229 END
START -5108 2028 15916 -1518 1043 -2531 END
START -5008 2092 15612 -1180 707 -2773 END
START -5188 1900 15576 -856 661 -3002 END
START -5452 1704 15324 -492 604 -3172 END
START -5052 1712 15176 -36 470 -3388 END
START -5016 1748 15344 302 397 -3468 END
START -5296 2212 15672 139 108 -3832 END
START -5060 2204 15688 -93 68 -4373 END
START -4700 2096 15532 97 138 -4827 END
START -4760 1788 15472 339 493 -4905 END
START -4944 2004 15624 345 171 -5107 END
START -4872 1864 15856 287 114 -5407 END
START -5216 2036 15884 20 -352 -5663 END
START -4884 2028 15764 -163 -570 -6095 END
START -4476 1640 15344 15 -416 -6434 END
START -4052 1184 14976 459 -138 -6501 END
START -3712 876 15052 841 -282 -6283 END
START -3624 620 15136 675 -392 -6214 END
START -3108 260 14916 495 -955 -6088 END
START -2952 -304 14400 381 -1203 -5767 END
START -2644 -308 14392 377 -1681 -5407 END
START -3112 -292 14276 311 -1705 -5144 END
START -2984 20 13848 784 -3037 -5515 END
START -3128 -208 14032 1392 -3365 -5969 END
START -2836 -460 13704 2354 -4350 -6362 END
START -2856 -624 14060 3682 -4395 -6574 END
START -2804 -748 14144 5057 -6200 -6852 END
START -2392 -1652 14236 5811 -7774 -6848 END
START -3328 -3676 12136 9471 -9626 -7131 END
START -1288 -1904 14468 8338 -8968 -6201 END
START -1088 -156 14800 7950 -8922 -5724 END
START -924 104 14516 8656 -8545 -5791 END
START 2600 3000 17540 1941 -3888 -4878 END
START -2076 -180 14124 2351 -2010 -4865 END
START -2604 -2168 15736 1664 -4830 -4482 END
START -2336 2064 15448 983 -5309 -4882 END
START -1900 -628 17532 -14 -7632 -5126 END
START -1556 1504 15632 -581 -9084 -5734 END
START -376 -1108 16016 -1407 -10359 -5943 END
START 756 -900 18464 48 -7339 -5342 END
START 872 -588 16932 2841 -5332 -5440 END
START 644 -2580 19688 3872 -4312 -4986 END
START 396 -1384 17340 1117 -5060 -3807 END
START 808 -1944 17156 2534 -6076 -3833 END
START 1084 -3028 17652 1590 -6946 -3108 END
START 2020 -556 19596 2673 -7842 -3412 END
START 2280 -1468 19468 622 -8110 -2765 END
START 2408 -1332 18912 1439 -7724 -2613 END
START 1672 -3860 19952 1252 -6499 -1598 END
START 1144 -3688 18764 1629 -5527 -547 END
START 864 -2836 18500 2317 -4901 -236 END
START 848 -2916 18592 2395 -5314 -62 END
START 1312 -2012 18532 2755 -5950 155 END
START 1088 -2404 19636 2459 -6707 726 END
START 1364 -1636 20148 1256 -7265 1397 END
START 1376 -1720 20220 810 -7290 1924 END
START 1040 -1824 20028 105 -7159 2466 END
START 316 -2228 20068 59 -7173 2454 END
START 352 -2504 19756 682 -6932 2233 END
START 492 -2500 20136 352 -7472 2622 END
START 492 -2284 21324 2030 -5738 2332 END
START 1156 -1968 21996 1628 -6236 2695 END
START 1368 -1872 22136 1388 -5145 3261 END
START 1056 -1544 22564 994 -4576 4111 END
START 924 -1144 22496 719 -4340 4496 END
START 724 -832 22888 682 -4705 5079 END
START 68 -200 23528 697 -3858 5423 END
START -404 660 23964 319 -3622 5310 END
START -612 1176 24760 -553 -3412 5126 END
START -436 1628 24868 -1131 -3084 4848 END
START -120 1972 24548 -1261 -2677 4313 END
START 172 1892 25088 -862 -1615 3909 END
START 628 1700 25264 -206 -36 3879 END
START 864 1716 25100 566 1885 3981 END
START 772 2208 25444 754 3470 4343 END
START 324 2972 24964 632 4595 4495 END
START -140 3960 24700 139 4883 4272 END
START -448 4800 24264 -101 4816 3891 END
START -700 5264 24152 -469 5157 3280 END
START -1288 4932 23852 -885 5781 2536 END
START -1416 4648 23516 -1232 6310 2045 END
START -1536 4444 22460 -1416 6734 1553 END
START -1664 4216 21784 -1241 6993 1114 END
START -1920 4340 21572 -1122 7192 656 END
START -1700 4520 21528 -1193 7351 -93 END
START -1760 4252 21024 -1080 7632 -935 END
START -1460 4036 20372 -427 7979 -1604 END
START -992 3824 20492 99 8303 -1924 END
START -1384 3616 20484 54 8499 -1972 END
START -1140 3804 20180 -570 8411 -1950 END
START -1060 4308 20092 -1195 8275 -2176 END
START -852 4544 19688 -1982 8310 -2596 END
START -1052 4724 19240 -2230 8292 -3248 END
START -1200 4384 18888 -2089 8398 -4188 END
START -1216 3728 18700 -1766 8530 -4936 END
START -1004 3408 18364 -1545 8716 -5295 END
START -1108 3176 18148 -2581 8827 -5306 END
START -900 2596 17344 -3090 9078 -5165 END
START -944 2760 16344 -4123 9334 -4689 END
START -1284 2752 17004 -5853 9390 -4196 END
START -1692 3572 16636 -7684 8284 -4416 END
START -1692 2088 16648 -7575 8589 -5152 END
START -1436 2472 16052 -7575 9379 -5970 END
START -1108 1728 16076 -8204 10993 -6692 END
START -836 452 16568 -6191 11948 -7268 END
START -840 -544 15008 -4541 11866 -7187 END
START -1352 -52 14768 -3867 10715 -7324 END
START -884 -496 14900 -3627 8358 -6849 END
START -740 -440 12956 -4076 7270 -6624 END
START -620 -1284 12476 -4984 7650 -6514 END
START -188 -1716 10460 -5772 7875 -6080 END
START -676 -2828 11780 -5618 5497 -6410 END
START -388 -3864 11128 -5014 4679 -6021 END
START -400 -4852 9968 -4215 3689 -5437 END
START -512 -5656 9556 -3609 2915 -4689 END
START -296 -6028 9096 -3109 1623 -3713 END
START -264 -6196 9600 -2642 -68 -2708 END
START -620 -5764 10012 -2361 -1152 -1569 END
START -1360 -4940 11352 -2326 -2258 -1119 END