START -4812 1808 13748 3427 70 7964 END
START -4876 1964 13896 3612 162 7817 END
START -5088 2136 13764 3844 258 7578 END
START -5920 2712 13888 4074 -152 6815 END
START -5864 3100 14092 4254 -891 5807 END
START -6428 2972 14568 3662 -1341 5006 END
START -6252 3364 14748 2770 -3124 4311 END
START -6176 3716 15388 2543 -7137 3636 END
START -6116 4080 15292 4409 -9686 2653 END
START -6196 3776 15276 7553 -10933 1350 END
START -5924 2576 12980 15381 -11128 -678 END
START -4232 4868 16836 15408 -7746 -1067 END
START -3052 4436 14452 10213 -7793 -683 END
START -4800 6820 21376 5319 -3004 -1116 END
START -5472 1756 17872 2194 -2481 -915 END
START -4128 6272 15512 1434 -3478 -1239 END
START -4920 2932 16524 1598 -4420 -1687 END
START -4864 6188 16048 1782 -4913 -2437 END
START -4584 5352 19148 1234 -5231 -3274 END
START -4300 6128 18068 1479 -4249 -4089 END
START -4660 5168 18304 2540 -3406 -5331 END
START -3888 6252 17332 3036 -2943 -6242 END
START -4224 5348 17452 4227 -2245 -7008 END
START -4272 5496 18256 3549 -2453 -7444 END
START -5456 5020 15520 5452 -3751 -8612 END
START -4100 3088 18776 -1665 -4851 -8302 END
START -5656 3640 8496 3243 -4940 -9884 END
START -2228 1008 19300 -595 -6371 -9349 END
START -1764 3880 16344 68 -5272 -9003 END
START -2364 1328 16856 1800 -4916 -9546 END
START -1456 1140 18928 667 -3895 -8909 END
START -1620 1884 17388 752 -5258 -9213 END
START -848 -928 19124 -1847 -5388 -8764 END
START 96 172 16400 -1152 -5390 -8866 END
START 716 -2904 18576 -341 -5971 -8651 END
START 2544 -660 18632 634 -3361 -7909 END
START 1184 -3872 18096 1931 -2461 -6613 END
START 872 -2516 17756 1870 -1737 -5382 END
START 0 -2348 16780 1765 -2298 -4637 END
START -492 -1932 17208 908 -4051 -4481 END
START -752 -1732 15520 -159 -5280 -4561 END
START 164 -2660 17400 683 -6148 -4727 END
START 1336 -2628 18072 47 -6206 -4599 END
START 2480 -2988 18316 539 -5408 -4048 END
START 2112 -2424 18412 1090 -3982 -3085 END
START 780 -3460 18096 1468 -3065 -2320 END
START 328 -3188 17328 1341 -2645 -1582 END
START 128 -3096 16936 1614 -2810 -1324 END
START 292 -3944 16380 1515 -3910 -1172 END
START 1284 -3408 17856 1788 -5177 -1158 END
START 2336 -4584 18808 -66 -6367 -435 END
START 3224 -4408 18960 -838 -6474 619 END
START 2568 -5816 19052 -524 -5845 1943 END
START 2192 -5584 19000 -299 -5414 3510 END
START 952 -4212 18788 784 -4770 4466 END
START 428 -3896 19800 1225 -4563 4728 END
START 412 -3304 19856 1296 -4287 4857 END
START 504 -2980 20564 1822 -4127 4918 END
START 1112 -2832 21640 1593 -3900 5130 END
START 1484 -2768 22676 361 -3778 6158 END
START 740 -3152 21288 -922 -4256 7342 END
START 224 -2924 21240 -1263 -4255 8276 END
START -420 -2052 21544 -1061 -3785 8926 END
START -760 -1364 21408 -782 -3591 9126 END
START -948 -556 22560 -534 -3997 8890 END
START -556 4 22780 -105 -4346 8697 END
START -120 376 23128 -520 -4069 8481 END
START -44 60 23460 -745 -2753 8495 END
START -36 192 23636 5 -1111 8697 END
START 180 592 23888 208 133 8900 END
START -280 464 23660 -289 791 9265 END
START -32 1244 23724 -1107 468 9791 END
START 240 1896 23392 -1145 1032 9885 END
START 236 2516 23892 -2029 512 9726 END
START 656 3384 23416 -2225 384 9333 END
START 920 3100 23868 -3259 459 9248 END
START 596 2752 23412 -2873 1172 9212 END
START 576 3068 23312 -2708 1771 9130 END
START 164 3480 23256 -2531 3071 8996 END
START -208 4156 22772 -2521 3833 8629 END
START -428 5096 22520 -2811 4400 7722 END
START -568 5468 21772 -3106 5131 6650 END
START -996 5400 20928 -3075 5468 5413 END
START -700 5536 20616 -3373 5230 4313 END
START -804 5376 19428 -3740 4809 3406 END
START -704 4948 19032 -3922 4506 2678 END
START -372 5340 18728 -4529 4370 2182 END
START -560 5392 18000 -4948 4686 1319 END
START -376 4980 17076 -4211 5363 352 END
START -284 4464 16376 -3239 6032 -323 END
START -224 4276 15964 -2640 6568 -831 END
START -392 3992 15488 -2391 6873 -1416 END
START -120 3364 14568 -2074 7218 -1994 END
START 16 3076 13856 -1575 7074 -2492 END
START 476 2316 12784 -1227 6686 -2754 END
START 944 1036 12364 -526 6350 -2768 END
START 1384 712 12100 550 6100 -2484 END
START 1552 -784 11964 683 5692 -1762 END
START 1604 -468 11788 23 4703 -940 END
START 1712 -1276 11352 533 3503 -258 END
START 1208 -1212 10508 624 2250 618 END
START 1556 -64 11800 2189 1785 551 END