START -3868 -2188 17160 667 1091 -664 END
START -4488 -168 11384 -794 754 -382 END
START -3132 -1668 15168 894 332 -607 END
START -3916 -1952 17328 1116 -201 -578 END
START -4336 -1896 17236 566 -450 -141 END
START -4744 -1300 17568 41 -778 -317 END
START -5092 -1056 18080 -406 -1009 -812 END
START -5096 -1048 18220 -654 -571 -1451 END
START -5088 -1412 18400 -572 -139 -2187 END
START -5016 -1940 18992 -773 43 -2777 END
START -4804 -2500 19132 -1305 -469 -3146 END
START -4400 -3524 19124 -1585 -479 -3336 END
START -4048 -4040 19460 -1618 -437 -3046 END
START -3708 -4356 19700 -1825 -254 -2704 END
START -2940 -4772 20164 -2214 290 -2190 END
START -2664 -5128 20236 -2461 933 -1320 END
START -2572 -5172 20592 -2832 1846 -549 END
START -2632 -5376 20172 -3145 2585 132 END
START -3064 -5492 19324 -3125 3144 508 END
START -2940 -5484 18808 -3054 3245 721 END
START -2728 -5504 18420 -3572 3281 1038 END
START -2640 -5788 17920 -3719 3727 1491 END
START -2832 -5876 17752 -3845 3688 2112 END
START -2304 -5844 16668 -3914 4365 2626 END
START -3152 -5984 16900 -3780 2380 3236 END
START -2144 -5388 16752 -4128 2985 3981 END
START -2796 -5424 16320 -4664 2618 4581 END
START -2492 -5164 15532 -4807 2858 4963 END
START -3068 -4684 15660 -4602 5333 5484 END
START -2168 -4800 13624 -3819 6617 5734 END
START -5784 -4480 15724 -3625 5354 5765 END
START -3072 -4344 13780 -3288 2948 6024 END
START -3576 -4288 12916 -3021 1887 5992 END
START -2908 -4536 12700 -3039 2707 6194 END
START -2816 -5016 12336 -2363 2794 6948 END
START -2832 -4960 12712 -2099 1777 7964 END
START -2912 -4564 11720 -1982 1407 8729 END
START -3212 -3976 11656 -1880 -187 9243 END
START -3652 -3320 11668 -1624 -1019 9553 END
START -3752 -2436 12168 -1039 -1635 9790 END
START -4128 -1256 12908 -784 -1648 9581 END
START -4572 -676 12988 -471 -1531 8851 END
START -4644 -372 13024 85 -1521 8082 END
START -4396 -660 13000 1018 -1532 7692 END
START -4164 -792 13272 2148 -941 7599 END
START -4256 -708 13596 2998 -564 7626 END
START -3960 -416 14192 3365 -110 7762 END
START -3984 -48 13960 3463 244 8093 END
START -4084 264 13628 3276 -53 8329 END
START -4844 1088 13640 2653 -1051 8342 END
START -5604 1860 14012 1895 -2423 7826 END
START -6132 2732 14512 1500 -3291 6765 END
START -7028 3740 17820 935 -5257 5543 END
START -5944 3168 14016 2454 -5712 4310 END
START -6040 3124 15344 3348 -7417 3001 END
START -5684 3228 15164 4564 -6243 2015 END
START -5584 3372 15032 6786 -6618 935 END
START -5508 2820 15316 8711 -6433 -39 END
START -5608 3496 15260 9908 -7181 -782 END
START -5932 4228 15380 11014 -7742 -1668 END
START -5740 4064 15284 12147 -8451 -2324 END
START -6052 1928 28780 7540 -4899 -1657 END
START -7512 4432 19104 4649 -1696 -3182 END
START -4156 3644 15620 535 -3550 -3541 END
START -5648 6616 15208 4961 -2649 -5003 END
START -3968 3432 18712 537 -3518 -4672 END
START -4020 5844 18208 3265 -4003 -5627 END
START -3996 2452 18552 -92 -4243 -5178 END
START -4768 4108 18116 2235 -4231 -5639 END
START -5292 2644 19016 691 -4352 -5873 END
START -4956 4244 19108 2286 -4228 -7186 END
START -3996 3172 19708 2598 -3352 -7959 END
START -2980 4240 20476 3521 -2661 -8543 END
START -2616 3404 20932 2321 -2349 -8778 END
START -2660 2748 20488 1562 -2307 -8563 END
START -3124 2208 18880 -255 -2607 -7742 END
START -3592 2404 18208 170 -2874 -8136 END
START -3388 1468 18048 6 -2887 -8561 END
START -2624 1472 17736 906 -3072 -9058 END
START -1768 864 17892 1151 -3208 -9543 END
START -428 168 17876 1386 -3030 -9403 END
START -520 -968 17912 1046 -2737 -8799 END
START -1048 -1244 16516 581 -2725 -8216 END
START -636 -1436 17448 2553 -2978 -8398 END
START -1016 -2688 15608 -645 -4946 -7729 END
START -272 -2052 16384 866 -5022 -7840 END
START 436 -2324 17256 691 -5277 -7584 END
START 1224 -2732 17424 995 -5301 -7497 END
START 1612 -3352 17088 1801 -4049 -6719 END
START 776 -3980 17228 2583 -3212 -5721 END
START 400 -3648 17520 1807 -3329 -5005 END
START 164 -3984 16288 1276 -3757 -4528 END
START 648 -3212 16344 2054 -4240 -4483 END
START 1208 -3844 17048 2503 -4238 -4238 END
START 1332 -3832 17688 3231 -3826 -3825 END
START 1608 -4028 18084 3240 -3203 -2946 END
START 1052 -4180 18696 4035 -2556 -2339 END
START 1080 -4544 18488 2945 -2410 -1073 END
START 668 -4464 18036 1587 -3417 8 END
START 748 -4244 16492 280 -4533 456 END
START 1120 -4644 13788 2748 -4632 108 END
START 1024 -6344 15904 1113 -6696 293 END
START 3108 -4348 15628 1753 -4387 1505 END
START 2916 -6052 17760 4769 -3159 2573 END
START 1452 -5616 19764 3625 -3580 4425 END
START 808 -4260 18580 712 -4703 5734 END
START 404 -2928 17256 656 -5143 6016 END
START 104 -3648 18624 820 -6485 5780 END
START 300 -2364 18460 690 -6712 5334 END
START 1064 -3808 19680 980 -6978 5158 END
START 1548 -4224 20248 1207 -5802 6100 END
START 1644 -4692 22212 3249 -4529 7476 END
START 780 -5412 23156 264 -4574 9900 END
START 64 -1828 23084 -654 -4138 10845 END
START -508 -1868 24072 -978 -4203 10889 END
START -848 -1264 24040 -3415 -4881 10788 END
START -16 212 23900 -1968 -4323 9665 END
START 812 -1628 29264 1886 -2981 8797 END
START 1452 -2016 28744 -2294 -1201 10625 END
START 1884 24 25864 -637 -127 11404 END
START 1312 -1044 25532 -1774 718 12483 END
START 424 1160 24456 -2719 980 12941 END
START 296 1732 24456 -2474 1108 12660 END
START 92 2668 24396 -2826 1663 12307 END
START -120 4052 24568 -2123 3076 11349 END
START -80 3128 23928 -1772 4930 10836 END
START -460 4064 22780 -1680 5988 10710 END
START -876 5060 21876 -1658 6449 10232 END
START -1320 4668 21808 -2773 5997 9785 END
START -1968 5956 20976 -4174 5320 9171 END
START -2060 6264 20956 -5051 4569 7884 END
START -1836 5924 20488 -5255 4414 6444 END
START -1360 6120 20268 -4887 4482 5125 END
START -864 5004 19764 -4107 5211 4054 END
START -100 4280 19304 -3205 6317 3624 END
START -316 4188 19020 -2367 7354 3370 END
START -96 4332 18984 -2994 8110 3167 END
START -252 4584 17776 -2854 8676 2734 END
START -368 4724 16716 -2677 8707 2118 END
START -288 4756 16056 -1971 8759 1309 END
START -292 4280 15636 -1960 8622 782 END
START -580 4336 15344 -2197 8352 197 END
START -612 4104 14380 -2349 8217 -477 END
START -224 3720 13292 -2220 7679 -1150 END
START -108 3064 12152 -1565 7023 -1708 END
START -160 2100 11316 -973 6281 -2000 END
START -56 1548 10780 -503 5478 -1989 END
START -172 1056 10540 -208 4433 -1804 END