START -3804 -1372 17660 40 -1397 225 END
START -4140 836 13752 -1171 -1822 390 END
START -3688 -1144 16320 54 -2213 -217 END
START -4804 -2984 14588 -422 -4781 -1356 END
START -4400 -2036 17676 1151 -1201 -1934 END
START -3784 -2120 18132 1011 -1202 -2437 END
START -3628 -2856 19528 745 -327 -2585 END
START -2872 -3124 19340 2 481 -2047 END
START -2800 -3348 19076 -211 536 -1458 END
START -2604 -3584 18880 -92 1031 -847 END
START -2408 -3340 18716 -325 989 -226 END
START -2632 -3264 18944 -735 662 -72 END
START -2544 -3144 18984 -1273 126 -132 END
START -2192 -3372 19104 -1838 -134 -270 END
START -1912 -3912 18992 -2017 -207 -376 END
START -1856 -4336 18944 -2039 191 -218 END
START -2024 -4448 18856 -1761 561 -112 END
START -1760 -4220 19000 -1497 525 -14 END
START -1612 -4520 18988 -1667 939 254 END
START -1480 -4620 18948 -1756 1607 848 END
START -1700 -4956 18380 -1912 1886 1507 END
START -1580 -4792 18108 -1828 2123 2066 END
START -1720 -4636 17848 -1744 2554 2838 END
START -2280 -4368 17808 -2113 2099 3285 END
START -2652 -4284 17664 -3436 1207 3400 END
START -2760 -4164 16912 -4517 171 3568 END
START -2792 -4468 16140 -4517 -270 3548 END
START -2628 -4604 16028 -3781 -146 3653 END
START -2488 -4604 16580 -3012 171 3763 END
START -2520 -4292 16772 -2365 1910 4005 END
START -2184 -4536 16716 -1763 1050 4160 END
START -2196 -4456 16924 -1445 2482 4530 END
START -2440 -4060 17104 -1874 2722 4875 END
START -2464 -3980 16652 -2266 2279 5090 END
START -2780 -3684 16488 -2612 2682 5494 END
START -2880 -3224 16160 -2693 1643 5461 END
START -3076 -3372 15668 -2441 1750 5222 END
START -2644 -3276 15724 -1854 1393 5070 END
START -2704 -3680 15952 -1256 1523 5152 END
START -2444 -3804 16220 -1202 1693 5400 END
START -2244 -3760 16228 -1589 1491 5898 END
START -2044 -3396 15700 -2115 1332 6595 END
START -2312 -2804 15112 -2389 1072 6961 END
START -2336 -2304 14528 -2341 813 7173 END
START -2604 -2152 13792 -2019 764 7124 END
START -2572 -2176 13480 -1510 249 6940 END
START -2436 -2128 13400 -592 434 6672 END
START -2244 -2544 13424 144 866 6720 END
START -2256 -2664 13900 670 944 6894 END
START -2036 -2584 14116 558 1393 7418 END
START -2608 -2196 14040 452 1147 7773 END
START -2356 -1648 13640 641 776 7958 END
START -3032 -1384 13800 823 544 7978 END
START -3260 -1092 13864 751 -236 7966 END
START -3584 -520 13836 822 -931 7877 END
START -4164 -260 14136 869 -1788 7520 END
START -4448 100 14588 1086 -2688 6858 END
START -4512 36 15304 1155 -2857 6242 END
START -4436 24 15480 1047 -2623 5818 END
START -4720 -248 15636 1086 -2554 5457 END
START -4408 12 15664 1365 -2967 5169 END
START -4696 316 16512 1126 -3212 5019 END
START -4336 832 16392 1634 -5441 4683 END
START -3944 1236 16156 2672 -6581 4337 END
START -4776 1372 15684 5209 -6958 3263 END
START -4708 1396 15432 6519 -6614 2100 END
START -5204 1664 15616 8256 -5689 1216 END
START -4596 1568 15808 8499 -5577 299 END
START -4520 3152 16524 9233 -6419 -196 END
START -2724 3120 17000 8578 -7124 -318 END
START -3592 1676 16116 836 -1287 1065 END
START -3604 2548 16500 3340 -2468 700 END
START -4248 2760 15364 843 -4833 974 END
START -4604 2472 14636 1074 -4744 525 END
START -4712 3596 16100 1364 -5662 -460 END
START -4656 4032 17408 -89 -7198 -1784 END
START -4004 3672 17300 111 -6265 -3213 END
START -3304 3196 18260 972 -5221 -4163 END
START -3268 2156 18532 2486 -4006 -4501 END
START -3252 2764 18956 3367 -3191 -4685 END
START -3648 2776 20168 2558 -3576 -4856 END
START -3476 3312 19092 2527 -3306 -5466 END
START -3296 2896 19440 3082 -2867 -5841 END
START -3588 3276 19984 3705 -2577 -6276 END
START -3428 3688 20748 2677 -3317 -7090 END
START -2760 3492 20480 1307 -3646 -7822 END
START -2504 2560 20696 1154 -3085 -8220 END
START -2612 1788 21180 1750 -2060 -8278 END
START -2420 1816 21852 1143 -1057 -8250 END
START -2196 1176 21024 1527 345 -8442 END
START -1800 1784 20680 2164 874 -8552 END
START -1316 2384 20472 2205 977 -8838 END
START -440 2736 20560 1244 641 -9224 END
START -188 1832 19336 739 536 -9379 END
START -196 1312 19688 647 737 -9169 END
START -1096 136 18900 139 693 -8779 END
START -1456 444 18244 -683 -445 -8536 END
START -1564 208 18520 -1641 -1962 -8852 END
START -996 1176 16496 -1854 -3837 -9775 END
START 1804 304 20048 -1591 -4750 -10254 END
START 2076 -1296 17716 -1267 -2434 -9925 END
START 2624 -1724 20168 1085 354 -9645 END
START 2172 -3876 19920 -330 838 -8244 END
START 1800 -2132 16032 -171 1451 -7111 END
START 1272 -3196 16880 712 480 -6746 END
START 1132 -1480 15536 -1152 -405 -6606 END
START 1732 -2572 15208 -942 -1384 -6804 END
START 2848 -1316 17272 -282 -1542 -6859 END
START 2768 -2312 15632 59 -977 -6481 END
START 2144 -3660 15468 615 -655 -5462 END
START 624 -3272 14464 684 -750 -4583 END
START 276 -4348 14216 1176 -1624 -4385 END
START 28 -3528 13364 1544 -2857 -4365 END
START 836 -3532 15788 1689 -3990 -4798 END
START 2244 -4220 15864 1100 -4649 -4715 END
START 3384 -5104 16416 802 -4940 -3521 END
START 4012 -4296 16756 429 -4747 -1991 END
START 3068 -4064 17024 941 -4068 -857 END
START 1636 -4216 16652 746 -3859 -46 END
START 1024 -3712 15968 1950 -3547 103 END
START 580 -3548 16560 2548 -3557 246 END
START 932 -2628 17268 2827 -4186 64 END
START 1548 -2548 18372 1912 -5191 18 END
START 2404 -2940 19044 1042 -5928 155 END
START 2360 -4480 19988 370 -5931 934 END
START 1972 -5328 20304 -353 -5563 1721 END
START 2256 -6180 20560 248 -4311 2449 END
START 2132 -6232 21668 30 -4671 3848 END
START 3304 -6488 21696 3224 -1072 5138 END
START 2548 -5548 21328 4950 -895 6484 END
START 2344 -4216 22352 3234 -547 7968 END
START 1348 -3584 21560 1247 -1418 9189 END
START 508 -2872 19932 29 -2416 9787 END
START -168 -2116 20208 -135 -3240 9545 END
START -568 -1576 20800 -673 -3464 8803 END
START -4 -2116 20928 -1586 -3431 8332 END
START 1604 -1904 22564 -1494 -2422 8638 END
START 1004 -2340 23572 1601 -1021 8844 END
START 1080 -2028 22792 1073 -903 9926 END
START 768 -1264 21872 -969 -1172 11188 END
START 116 -344 21496 -1442 -496 11240 END
START -124 -124 20668 -1285 -597 11055 END
START -484 632 20784 -1156 -810 10545 END
START -436 988 20468 -988 -72 9778 END
START -336 800 20960 -444 858 9208 END
START 56 120 19612 -798 769 9224 END
START 548 1124 22112 -1379 841 9574 END
START 388 552 20816 -2027 1296 9936 END
START 620 1220 19976 -1393 1171 10099 END
START 996 2012 20600 340 1453 9980 END
START 1020 1964 21336 -361 2450 10314 END
START 560 2516 21356 -992 2839 10221 END
START 536 3600 21104 -2340 3323 9701 END
START 428 3664 19968 -2534 3711 8964 END
START 836 3232 19620 -2215 3891 8377 END
START 752 3168 18944 -2332 4142 8134 END
START 400 2996 18004 -1962 4335 7641 END
START 264 2776 17460 -1563 4821 7120 END
START 188 2616 16812 -1437 4559 6800 END
START -36 3276 16216 -1971 4304 6613 END
START -180 4396 16232 -2206 3813 5894 END
START -596 4296 16224 -3097 3558 4977 END
START -468 5128 15780 -3272 3954 3862 END
START -248 4276 14688 -2024 4783 2649 END
START -180 3856 13880 -921 5503 1979 END
START -128 3840 13388 402 5764 1434 END
START -516 3800 13536 856 5512 990 END
START -848 3644 13288 850 4514 381 END
START -716 3472 12752 448 3358 -67 END
START -412 2848 12112 108 2564 -269 END
START -304 2528 12904 -559 1393 -337 END
START 108 2864 13572 -1152 523 -578 END
START 404 2716 13944 -811 326 -893 END