START -3716 -1068 16816 1873 887 -75 END
START -4868 2332 17004 -112 360 484 END
START -5044 -1332 19296 1087 1148 -194 END
START -4056 -912 18320 2510 291 -403 END
START -4220 -1088 18800 2156 -286 -694 END
START -4376 -1312 19172 1019 -993 -655 END
START -3992 -1092 20132 -417 -2589 -549 END
START -3616 -1180 20388 -1590 -3048 -433 END
START -3580 -1584 20760 -2116 -2854 -347 END
START -3736 -1836 21656 -2634 -2333 -314 END
START -3736 -2580 21396 -2685 -1515 -527 END
START -3512 -3300 21512 -2260 -1009 -735 END
START -2824 -3576 21984 -1807 -334 -766 END
START -2400 -4136 22288 -1906 775 -645 END
START -1992 -4468 22396 -2289 1581 -266 END
START -1992 -4796 21404 -2352 2945 339 END
START -1536 -4948 20564 -2049 3550 1078 END
START -1560 -4744 19872 -1873 3817 1996 END
START -1760 -4492 19660 -2036 4779 2543 END
START -2012 -4252 19252 -2352 4298 3157 END
START -2384 -3896 19244 -3114 4244 3556 END
START -2592 -3784 17952 -3851 4489 3782 END
START -3052 -3756 17480 -4592 4241 3875 END
START -2856 -3952 16852 -4755 3561 3994 END
START -2884 -4232 15760 -4165 4633 4156 END
START -2748 -4164 15892 -3756 5679 4553 END
START -2828 -4360 15684 -3221 4834 5262 END
START -3084 -4436 15844 -3204 4446 5899 END
START -2980 -3924 15804 -3664 3442 6667 END
START -3328 -3280 16008 -4470 1939 7024 END
START -3204 -2932 15656 -4985 1541 6849 END
START -2828 -2900 15216 -4859 2689 6796 END
START -2992 -2988 14752 -3860 915 6518 END
START -3156 -3192 14820 -2387 2322 6570 END
START -3160 -3108 14496 -932 3177 6969 END
START -3688 -2920 15152 -421 3301 7488 END
START -3448 -2600 14608 -1264 3660 7994 END
START -3200 -2088 14532 -3158 3953 8551 END
START -3348 -1128 15136 -5502 1361 8945 END
START -3220 -1200 12572 -5847 -973 8961 END
START -4096 -1052 12540 -5377 -1687 8653 END
START -4152 -1248 12384 -3938 -979 7974 END
START -3648 -1616 12020 -1844 1 7459 END
START -3508 -1720 12372 10 751 7560 END
START -3724 -1404 13068 663 905 7737 END
START -3480 -1036 12880 203 152 7938 END
START -3764 -860 12404 -41 -296 8214 END
START -4148 -212 12264 -42 -766 8339 END
START -4264 84 12356 -36 -1148 8211 END
START -4296 292 12436 331 -1265 7812 END
START -4584 160 12604 1126 -1172 7425 END
START -5028 408 13308 2117 -1406 7090 END
START -4792 472 13868 2706 -1061 6678 END
START -5224 668 14428 2554 -715 6572 END
START -5380 1180 14332 2161 -1195 6335 END
START -5616 1508 13616 2469 -1448 5942 END
START -5788 2320 13860 3106 -1618 5534 END
START -5960 2808 14396 3906 -2195 4690 END
START -5860 3932 15828 4154 -3411 3761 END
START -5896 4636 16584 3679 -5861 2494 END
START -5784 4696 15876 3629 -8804 871 END
START -6256 4712 14820 6945 -9781 -1275 END
START -6364 4048 15720 10667 -9739 -3696 END
START -7968 1432 14360 17726 -9745 -6369 END
START -4540 5040 17376 12723 -6055 -6006 END
START -5016 3304 17160 9635 -4598 -5705 END
START -2780 4104 18728 7443 -1047 -5005 END
START -3120 1852 18988 5916 264 -3703 END
START -3160 3036 18656 2480 -1555 -2462 END
START -4328 4120 16016 -1215 -3279 -1795 END
START -5360 5196 16600 1096 -4294 -3265 END
START -6072 4780 17096 -10 -4854 -4750 END
START -6092 5368 17380 2166 -5372 -6892 END
START -4832 4256 18188 3188 -4449 -8571 END
START -3464 4156 18900 5895 -2480 -9337 END
START -2804 2960 19580 6250 -488 -8605 END
START -3044 3516 19840 4945 -902 -7680 END
START -4184 3504 18756 2333 -1875 -7033 END
START -4532 3768 18120 617 -2882 -7386 END
START -4612 3176 17172 179 -4584 -8008 END
START -4048 2912 18580 515 -5757 -9022 END
START -2916 2520 19676 -123 -5723 -9431 END
START -1516 1620 19196 563 -4653 -9551 END
START -1176 784 18384 1407 -3010 -8886 END
START -2204 164 18392 1560 -2745 -8166 END
START -2460 644 16900 -450 -3198 -7722 END
START -3308 -280 13980 1777 -3369 -8320 END
START -2100 -464 15440 -1064 -5486 -8291 END
START -824 -1084 16160 591 -5777 -9066 END
START 276 -2900 17524 1060 -5914 -8564 END
START 1464 -2948 18124 600 -6021 -7329 END
START 1740 -2428 16540 440 -5399 -6064 END
START 576 -1944 17636 3489 -5247 -6004 END
START 836 -6972 16276 -1867 -6274 -4130 END
START 1604 3804 22744 3213 -7772 -5098 END
START 284 -7300 16052 -2752 -5250 -3530 END
START 2748 112 16068 3487 -6724 -4149 END
START 1832 -5704 16832 1677 -5836 -3339 END
START 2548 -2552 15948 1727 -6644 -2580 END
START 2648 -3264 16948 835 -6528 -1597 END
START 1988 -3028 16696 1245 -6063 -1276 END
START 1468 -3668 16544 1110 -5788 -783 END
START 1248 -3408 16648 1498 -5996 -888 END
START 1488 -4728 16528 1161 -6470 -890 END
START 2512 -4896 16416 2038 -7136 -812 END
START 3540 -5872 18440 3644 -7135 -118 END
START 3916 -5980 20848 4650 -6165 1503 END
START 3388 -6720 25828 1559 -6346 4010 END
START 3296 -5004 22928 2299 -4346 5216 END
START 1440 -3956 22840 606 -5742 6456 END
START 672 -3388 23048 728 -4742 6731 END
START 260 -2816 23828 905 -4365 6856 END
START 792 -2256 24220 896 -3010 6683 END
START 128 -3084 24420 -361 -5215 7756 END
START 1044 -2484 26992 -72 -3624 8195 END
START 836 -2488 25572 -162 -1668 9434 END
START 452 -1256 26548 -1590 237 10346 END
START -184 -764 26292 67 -475 10420 END
START -332 104 25104 879 184 10316 END
START -200 572 24884 237 949 10214 END
START -44 824 24864 -285 1531 10209 END
START 504 988 24220 -287 2032 10187 END
START 836 1240 24176 -282 2672 10427 END
START 1020 1476 23988 -824 3807 10848 END
START 664 1668 22800 -1094 4664 11180 END
START 12 2180 22504 -1425 4747 11406 END
START -320 2348 22244 -2510 4058 11432 END
START -528 2752 22040 -4849 3100 11378 END
START -40 3524 21568 -4690 2348 10594 END
START 340 2704 21656 -4801 2333 10237 END
START 308 2760 21560 -4731 2473 10067 END
START 520 2972 21320 -4571 3414 9899 END
START -36 2872 20976 -3885 4916 9683 END
START -200 3228 20136 -2927 6146 9362 END
START -544 3620 19540 -2203 7111 8836 END
START -816 4544 19432 -1486 7386 7926 END
START -824 4980 19176 -1604 7543 6965 END
START -1288 5268 19140 -2269 7455 6110 END
START -1356 5584 18420 -3269 6999 5067 END
START -1536 5448 17196 -3807 6476 4341 END
START -1348 5500 16640 -3729 5812 3552 END
START -1460 5260 16496 -3552 5477 2653 END
START -1512 4820 15884 -3669 5429 1720 END
START -1256 4640 15644 -3266 5343 684 END
START -1028 4172 15544 -2922 5528 -101 END
START -812 3600 15340 -2626 5886 -729 END
START -668 2888 14612 -1874 6368 -1131 END
START -336 2424 13736 -715 6924 -1337 END
START -516 2064 13220 -143 7252 -1425 END
START -160 1684 12972 633 6914 -1812 END
START 8 1276 12372 -457 6077 -1750 END
START 184 1332 12056 -406 4665 -1969 END
START 572 464 12228 -817 3370 -2021 END
START 904 628 12276 -1509 3179 -1710 END