START -3876 -840 13984 -1859 -637 6575 END
START -3720 -1104 13768 -1969 -123 6691 END
START -3784 -1112 14492 -2366 -990 6803 END
START -3920 -1652 14364 -2434 -1735 7161 END
START -4052 -1744 13956 -1605 -1545 7333 END
START -3880 -1700 13740 -322 -842 7459 END
START -3792 -1472 13832 952 -145 7681 END
START -4016 -1040 14204 1419 20 7748 END
START -4092 -296 14552 1338 -361 7690 END
START -4060 336 14828 906 -1257 7710 END
START -4268 860 15116 409 -1886 7823 END
START -4984 1408 15304 -57 -2250 7681 END
START -4940 2100 15264 -103 -2579 7271 END
START -5132 2884 15344 181 -2282 6690 END
START -6012 3124 14996 715 -1859 5886 END
START -6384 3344 14892 1218 -1912 4675 END
START -6184 3192 14736 2010 -2047 3286 END
START -5976 2624 15424 2435 -1648 2532 END
START -5736 2468 15580 2181 -1899 2233 END
START -5996 2636 15764 1725 -4671 1999 END
START -5464 3064 15684 1934 -7490 1665 END
START -5220 3936 15384 3428 -9705 1038 END
START -5212 2968 14888 7370 -9395 -197 END
START -5864 3668 15592 9507 -8352 -1111 END
START -5848 3940 15548 10035 -7523 -2106 END
START -5500 3740 15864 11186 -7899 -3089 END
START -9244 2568 7684 1957 -7279 -2177 END
START -2812 4812 16520 2908 -744 -2817 END
START -3632 2532 16916 3076 -4149 -3386 END
START -3380 2652 16852 1759 -4166 -3056 END
START -3828 2720 17160 2580 -3709 -2986 END
START -4260 3116 16844 3347 -2591 -3501 END
START -5176 2964 23984 5129 -3298 -4710 END
START -3532 8068 20184 3564 -2526 -5093 END
START -3216 2872 20036 3910 -4120 -6153 END
START -2560 5872 19100 2968 -4248 -6721 END
START -2520 2736 19572 3739 -3592 -6911 END
START -3120 3392 19388 3262 -2965 -6577 END
START -3572 2612 19544 2694 -3205 -6714 END
START -3712 2836 19388 1342 -3440 -7023 END
START -2796 2584 19176 724 -3809 -7475 END
START -1924 2648 18812 605 -3952 -7968 END
START -644 1936 18700 1156 -3787 -8371 END
START -132 1340 18840 1664 -3170 -8249 END
START -568 256 18624 2326 -2274 -7903 END
START -1280 -92 18608 2786 -1474 -7346 END
START -1724 -96 18888 2459 -1354 -6968 END
START -1724 108 17984 1011 -2039 -6889 END
START -1120 76 17124 743 -2644 -6965 END
START -656 -340 17348 1091 -3368 -7241 END
START 844 -472 17824 644 -4138 -7047 END
START 1672 -1056 18124 603 -4128 -6614 END
START 1408 -2268 16744 1431 -2882 -5593 END
START 508 -1972 20024 1053 -2743 -4378 END
START -464 -2004 17080 -101 -2438 -3574 END
START -904 -1940 16860 901 -2424 -3656 END
START -620 -1352 16204 443 -2579 -3811 END
START 296 -1988 16644 2080 -2342 -4370 END
START 1008 -2808 17328 2620 -2110 -4029 END
START 1404 -3300 18292 3388 -2103 -3169 END
START 888 -3580 16968 2610 -1957 -1747 END
START 1760 -1484 25588 -279 -3462 -391 END
START -360 -2784 17060 -2802 -4138 686 END
START -1808 -2720 13240 641 -5558 842 END
START -1892 -3324 18740 -6919 -7762 1127 END
START 1640 -2840 18524 -1044 -5901 384 END
START 1504 -4452 18636 -646 -5517 1215 END
START 2324 -1260 19520 1453 -3582 1038 END
START 1244 -4900 19900 215 -3574 2112 END
START 1312 -2896 18688 -878 -3769 2843 END
START 1040 -4724 18424 -871 -4065 3178 END
START 1188 -4648 18280 -746 -4020 4063 END
START 1044 -4860 19012 576 -3780 4913 END
START 1328 -3416 20488 425 -3645 6021 END
START 1056 -2604 20976 148 -3483 6807 END
START 724 -2256 21480 -701 -3767 7592 END
START 88 -1504 21200 -938 -3552 7797 END
START -148 -1832 22288 -939 -3925 7607 END
START -112 -824 21144 -402 -2626 7488 END
START 536 -808 23228 -185 -3073 8003 END
START 588 -1348 22224 799 -1846 8471 END
START 352 -464 23244 -33 -1816 9661 END
START 204 516 23008 163 -1230 10036 END
START -244 928 22864 -809 -720 10417 END
START -892 1720 23620 -1807 -600 10413 END
START -596 2240 22908 -2530 -750 10024 END
START -696 2312 22680 -2974 -405 9599 END
START -108 2412 22356 -2546 -123 9186 END
START 136 2588 21952 -1545 979 8908 END
START 48 2876 22640 -1546 1322 8897 END
START -76 3100 22572 -2484 1261 8878 END
START -28 3332 21816 -3279 1783 8922 END
START -492 3412 21828 -3468 1806 8624 END
START -748 3484 21444 -3615 1946 8263 END
START -956 3608 21092 -3516 2201 7776 END
START -1196 3756 20976 -3558 2398 7302 END
START -1312 4032 21248 -3476 2624 6590 END
START -1292 4256 21188 -3844 2544 5916 END
START -1000 3896 20992 -4465 2749 5268 END
START -676 3916 20112 -4478 2884 4934 END
START -308 4008 19656 -4340 3131 4429 END
START -600 3760 19208 -4017 3700 3974 END
START -572 3440 18788 -3362 4263 3528 END
START -840 3624 18680 -2791 4900 2926 END
START -484 3700 18132 -2801 5323 2223 END
START -104 3208 17484 -2564 5594 1739 END
START 8 3032 16840 -2204 5691 1549 END
START -448 3064 16452 -1974 5243 1064 END
START -396 3148 16376 -2195 5012 514 END
START -640 3052 16344 -2300 4837 -152 END
START -900 2592 16004 -2539 4754 -835 END
START -628 2284 15664 -2320 5116 -1477 END
START -372 1824 14996 -1348 5771 -2006 END
START 160 1380 14880 -552 6094 -2132 END
START 396 1108 14776 -697 6093 -1980 END
START 676 636 13968 -881 5779 -1749 END
START 876 348 13428 -786 5571 -1393 END
START 616 -176 12700 -673 5037 -1080 END
START 524 -760 11996 167 4457 -905 END
START 388 -1072 11288 -646 4219 -436 END
START 340 -236 11124 184 3576 -439 END
START 308 -1336 11744 542 2601 -428 END