START -3960 -1356 19092 935 1211 1304 END
START -4644 1156 16916 -809 778 1624 END
START -3684 -328 16412 40 1030 1268 END
START -5160 -984 17904 286 647 372 END
START -4728 -916 17968 -33 759 -432 END
START -4736 -1000 17924 173 388 -1048 END
START -4708 -1368 18516 -114 447 -1369 END
START -4464 -1800 18700 -383 386 -1469 END
START -4252 -2328 18984 -549 334 -1396 END
START -4252 -2776 19312 -766 304 -1241 END
START -4044 -3116 19808 -1207 373 -851 END
START -3924 -3360 20008 -1929 481 -468 END
START -4048 -3584 19576 -2346 714 -208 END
START -4048 -3708 19520 -2555 432 -136 END
START -4092 -4284 19684 -2631 109 -182 END
START -3428 -4452 19184 -2403 497 1 END
START -3112 -4860 19348 -1904 872 353 END
START -2764 -5112 19744 -1743 1532 835 END
START -2312 -5692 19432 -1859 2201 1669 END
START -2316 -5624 19556 -2038 3450 2655 END
START -2088 -5532 18712 -2190 4245 3700 END
START -2844 -5168 18844 -2997 3987 4419 END
START -3232 -4416 17256 -3292 4622 4638 END
START -3836 -4304 16648 -3046 3316 4500 END
START -3888 -3964 16620 -2699 2896 4159 END
START -3484 -3976 16504 -2224 2509 3832 END
START -3200 -4380 16964 -2085 2634 3907 END
START -2640 -4712 16952 -2387 3068 4477 END
START -2516 -4632 16396 -2718 3464 5659 END
START -2708 -4232 15972 -2952 3730 6680 END
START -2988 -3540 15480 -3669 3685 7258 END
START -3188 -3088 14808 -4707 2824 7741 END
START -3772 -2556 14540 -5172 3361 7551 END
START -3716 -2712 13240 -4728 3557 7188 END
START -5440 -2284 15148 -4267 1855 6923 END
START -3344 -2176 13752 -3349 1010 6835 END
START -3652 -2520 13796 -2537 1153 6759 END
START -3480 -2428 13288 -1831 1739 6901 END
START -3488 -2304 13312 -1867 1433 7077 END
START -3400 -2504 13088 -2475 274 7308 END
START -3520 -2544 12636 -2799 -418 7668 END
START -3592 -1952 13208 -2287 260 8257 END
START -4232 -1160 12996 -1536 -183 7741 END
START -3724 -1400 13628 -738 -1164 7992 END
START -3696 -920 13748 -380 -1313 7943 END
START -4124 -844 13604 -44 -1066 7827 END
START -4168 -712 13612 65 -918 7699 END
START -4212 -824 13364 208 -974 7512 END
START -3980 -824 13168 810 -1181 7480 END
START -4068 -324 13524 1351 -1158 7552 END
START -4124 172 14276 1616 -1720 7535 END
START -4492 472 14664 1625 -1697 7351 END
START -4672 916 14804 1700 -1910 7090 END
START -4944 1028 15108 1589 -1969 6830 END
START -5324 1312 14996 1392 -2229 6576 END
START -5768 1804 15252 1512 -2701 6085 END
START -5904 2156 15364 1885 -2877 5417 END
START -5768 2556 15492 2073 -2912 4789 END
START -6056 3272 16276 2186 -4426 4049 END
START -6156 3864 16192 2329 -6726 2822 END
START -6312 3924 16204 2493 -9160 1423 END
START -6164 3468 15832 5493 -9315 -139 END
START -6040 3936 16628 7478 -10032 -1762 END
START -5392 4552 16984 8895 -9284 -2969 END
START -4532 4796 17132 9886 -9139 -3972 END
START -7600 4760 20468 32 -5942 -3697 END
START -4820 4276 17224 1174 -21 -3470 END
START -4596 4936 16856 1721 -1699 -4548 END
START -5240 3588 17712 2749 -908 -5300 END
START -4404 2332 13452 5116 -4031 -5821 END
START -4264 5484 16628 -164 -3098 -5947 END
START -3580 1744 18244 742 -4625 -6836 END
START -1972 4080 17440 -1456 -5155 -6736 END
START -1724 2948 17640 335 -4910 -7159 END
START -2684 2148 17940 160 -4533 -7261 END
START -3224 1988 17776 1870 -3634 -7679 END
START -3764 1264 17824 2635 -2330 -8030 END
START -3668 1528 17916 4232 -1202 -8793 END
START -3000 1668 18392 3753 -1336 -9198 END
START -1900 2176 18136 2358 -2340 -9667 END
START -832 1596 17400 1496 -2907 -9714 END
START -988 352 16972 1411 -3270 -9386 END
START -1532 -888 17172 628 -3976 -8850 END
START -1720 -1188 16168 1282 -4173 -8514 END
START -1584 -1820 17488 141 -4924 -8229 END
START -1252 -1268 17144 1152 -4553 -8423 END
START -224 -1992 18280 1859 -4241 -8523 END
START 512 -1584 18276 2018 -3637 -8225 END
START 948 -2716 17576 2788 -2644 -7506 END
START -100 -3464 17192 3434 -1584 -6267 END
START -792 -3148 17452 3552 -2034 -5483 END
START -896 -2904 17328 1957 -3202 -5057 END
START -652 -2980 16696 721 -4689 -5242 END
START 504 -3640 16888 -487 -5758 -5153 END
START 236 -5432 14112 4206 -5777 -6035 END
START 2288 -7144 16860 85 -6572 -3838 END
START 2360 -3828 15244 1865 -4106 -2695 END
START 428 -7752 14720 4889 -3794 -2084 END
START -624 -5828 15120 1589 -5708 -1180 END
START 248 -4980 17428 1310 -5246 -377 END
START 1700 -5120 15808 2285 -5846 -136 END
START 1204 -6376 19384 3281 -6474 585 END
START 2152 -5480 19284 2459 -6042 1403 END
START 2524 -5772 21352 3010 -5811 2171 END
START 2428 -6200 20520 1264 -5365 3907 END
START 1616 -4952 20120 1681 -4614 4862 END
START 880 -5236 20212 1700 -4113 5442 END
START 452 -4056 19972 1681 -3962 5687 END
START 468 -3840 20316 2121 -4027 5723 END
START 632 -3656 21216 2320 -4083 6038 END
START 964 -3864 21752 1500 -4077 6953 END
START 940 -3176 21972 852 -3947 7715 END
START 824 -2612 22204 595 -3565 8228 END
START 292 -2768 22480 398 -3120 8709 END
START 112 -2348 22816 12 -2605 9184 END
START 84 -1736 22620 17 -2256 9362 END
START 184 -1352 23088 -127 -2101 9564 END
START 604 -428 23596 -519 -1789 9612 END
START 900 -248 23672 -722 -1433 9612 END
START 1148 -4 23892 -1314 -992 9906 END
START 724 400 23732 -1508 -606 10213 END
START 616 628 23972 -2079 -405 10437 END
START 196 936 23568 -2436 -95 10648 END
START 208 1580 23296 -2488 185 10707 END
START 392 2176 23484 -2594 877 10621 END
START 72 2288 23568 -3041 1251 10475 END
START 132 2944 23180 -3712 1707 10102 END
START 136 2864 22392 -3392 2198 9597 END
START 96 2604 22012 -3424 2420 9405 END
START -372 3028 21860 -3233 2582 9109 END
START -516 2132 21904 -3550 2509 8837 END
START -440 2592 21372 -4216 2425 8687 END
START 4 2960 20984 -3934 2371 8347 END
START 272 3284 20984 -3950 2622 7887 END
START 268 3880 20572 -3624 3399 7291 END
START 424 3684 20956 -3600 4386 6625 END
START 284 4272 19324 -2887 6273 5861 END
START -436 3920 19360 -2286 6980 4967 END
START -68 4008 17832 -2849 7454 4326 END
START -20 4736 18392 -2449 5485 3641 END
START -296 4084 16188 -2507 7017 2957 END
START -240 4544 15856 -1791 6219 2141 END
START -280 3692 15228 -2363 6063 1539 END
START -152 4512 14624 -1320 6076 652 END
START -256 3332 14908 -715 6431 -118 END
START -136 2608 13808 -631 7021 -515 END
START 64 2684 13364 485 7080 -1016 END
START 208 1956 12164 772 7373 -1343 END
START 432 2100 12756 917 6814 -1676 END
START 724 1608 12436 178 5852 -1610 END
START 1216 972 12780 -409 4939 -1380 END