START -4364 -1700 18552 1073 855 -42 END
START -4740 1776 16136 -1158 207 507 END
START -5920 -3316 19504 -892 214 111 END
START -5008 -1356 18068 -200 309 170 END
START -5008 -1060 17832 -185 -50 -61 END
START -5508 -976 17948 -314 -115 -471 END
START -5556 -868 17968 -592 -252 -1065 END
START -5344 -1168 18216 -332 -47 -1563 END
START -5404 -1372 18516 -189 159 -1866 END
START -5356 -1600 19144 -618 123 -2175 END
START -5184 -1920 19360 -1241 -79 -2452 END
START -4748 -2404 19520 -1658 -151 -2701 END
START -4368 -2744 19916 -2309 -280 -2578 END
START -4332 -3576 20200 -3022 -58 -2309 END
START -3892 -3912 19776 -3304 181 -1974 END
START -3724 -4208 19528 -3003 564 -1792 END
START -3900 -4668 20216 -2946 891 -1539 END
START -3256 -5128 20204 -3528 1718 -995 END
START -3484 -5548 20088 -4350 2411 -154 END
START -3484 -5684 19108 -4870 3053 667 END
START -3388 -5488 18520 -5166 3289 1302 END
START -3852 -5656 17324 -5193 4510 1821 END
START -3736 -5644 17140 -4934 4530 2044 END
START -3732 -5652 15844 -4070 6545 2277 END
START -3444 -5360 15828 -3429 5186 2782 END
START -3024 -5056 15600 -3134 4778 3230 END
START -3140 -5372 15888 -3320 3746 3873 END
START -2680 -5508 14884 -3417 3918 4731 END
START -2820 -5384 14876 -3084 4626 5788 END
START -2680 -5024 14848 -2791 4643 6798 END
START -6252 -5112 17968 -2715 3658 7162 END
START -3352 -3856 13572 -1988 3247 8026 END
START -3632 -3812 12352 -1664 5814 8205 END
START -5544 -3336 13728 -1006 3200 7675 END
START -3784 -3156 11952 -18 3081 7939 END
START -4020 -3452 11988 884 2247 8274 END
START -4116 -2648 12108 793 1242 8582 END
START -4400 -2172 11612 -524 1209 8737 END
START -4508 -1804 11708 -1290 239 9329 END
START -4804 -1284 11876 -1714 -1527 9460 END
START -5220 -820 12160 -1472 -2865 9349 END
START -5256 -544 12108 -751 -2795 8916 END
START -5164 -16 12900 -15 -2649 8589 END
START -5444 92 13228 887 -2174 8183 END
START -5204 -24 13364 1673 -1521 8003 END
START -5464 116 13680 1926 -1218 8223 END
START -5068 692 13808 2025 -954 8294 END
START -5604 1404 14000 1989 -1112 8155 END
START -5860 2344 14044 1702 -1772 7651 END
START -6124 3060 13972 1929 -1982 6752 END
START -6700 3852 14420 2063 -3101 5693 END
START -6864 4432 14680 2048 -3311 4370 END
START -6800 4344 14932 2271 -3817 3160 END
START -6664 4188 14992 2937 -5194 2106 END
START -6076 4156 15060 3959 -7182 1091 END
START -5288 3964 14792 6193 -8224 185 END
START -4780 4016 14680 9581 -9021 -1046 END
START -4804 3956 15248 11794 -8921 -1643 END
START -5564 4724 15672 12886 -9006 -1973 END
START -5452 92 22788 2234 -5774 -1632 END
START -7556 11668 18364 2370 -1632 -1875 END
START -4852 -56 6800 -1379 -1494 -2391 END
START -5920 7992 14908 4138 -5598 -5322 END
START -4412 3712 17624 611 -4640 -5870 END
START -3600 6048 17156 5610 -3458 -7198 END
START -3900 1992 18380 4172 -2219 -6577 END
START -4172 4552 18376 5658 -1678 -6529 END
START -5212 2776 18668 3903 -1837 -6191 END
START -5012 4656 17600 3426 -2852 -6769 END
START -4408 3900 17644 3722 -3340 -7592 END
START -3348 3680 17652 3685 -3715 -8342 END
START -3048 2608 17360 4685 -2864 -8681 END
START -3128 1040 18784 4432 -2795 -8337 END
START -3136 1520 18652 2186 -3668 -7807 END
START -3180 556 17640 -11 -4792 -7451 END
START -2652 -140 14304 999 -5785 -7582 END
START -1596 736 22000 1364 -6812 -7911 END
START -408 -1540 17900 424 -6032 -7252 END
START -124 -2216 19080 2011 -4833 -6547 END
START -988 -3076 18516 1800 -3939 -5328 END
START -1796 -2620 17360 2314 -3558 -4711 END
START -1896 -2872 16096 3057 -3809 -4971 END
START -2052 -2452 17960 1273 -5435 -4724 END
START -704 -2464 15988 3387 -5518 -4616 END
START -28 -3928 18096 3103 -5828 -4349 END
START 620 -1892 19520 1469 -4289 -3036 END
START -176 -3236 18632 1821 -3800 -2187 END
START -800 -2200 17456 831 -3714 -1141 END
START -1532 -2580 16876 1517 -3799 -1042 END
START -1432 -2052 16124 1630 -4565 -1070 END
START -940 -1736 16824 2435 -5265 -1619 END
START 36 -1964 18280 1675 -5738 -1603 END
START 476 -2068 19036 491 -6303 -1026 END
START 324 -2116 19344 -1512 -7368 29 END
START -340 -1620 14012 3048 -7651 -1064 END
START -952 -7348 17692 376 -7008 840 END
START -796 -1648 17496 -1396 -5743 1056 END
START -356 -4504 17980 2335 -6137 508 END
START 952 -4152 19980 1311 -5820 1285 END
START 1580 -2672 20584 2099 -5784 1645 END
START 1560 -4892 21264 700 -5629 2859 END
START 1952 -2624 21316 662 -4401 3893 END
START 1052 -3768 21784 931 -3387 4994 END
START 28 -2888 20784 -577 -3375 6061 END
START -96 -1436 19916 426 -3588 5881 END
START -232 -2644 20276 -160 -4111 5873 END
START 212 -2084 20240 -299 -4560 5938 END
START 996 -3048 20436 410 -3918 6369 END
START 1020 -2420 21728 131 -3354 7533 END
START 496 -1544 22384 -510 -3475 8587 END
START 284 -628 22108 -1817 -3292 9272 END
START -184 348 21164 -1731 -2879 9249 END
START -488 0 21588 -1872 -2979 9066 END
START -168 68 21772 -1967 -2359 8803 END
START 224 -68 22056 -1323 -1905 8622 END
START 532 -484 21716 -426 -1966 8607 END
START 1364 -380 22092 1087 -1213 9064 END
START 1400 -88 22124 -306 2 10316 END
START 884 208 21904 -1203 -171 11220 END
START 560 688 21424 -1581 288 11728 END
START -264 1236 21372 -2495 150 11953 END
START -416 2352 21524 -1398 -35 11284 END
START -664 2984 22212 -846 446 10393 END
START -620 3400 22524 -1731 860 9687 END
START -424 3352 22860 -923 1909 8806 END
START -116 2900 21972 -302 3308 8323 END
START 80 3052 22744 -859 3577 8501 END
START -448 2968 22024 -1470 3976 8558 END
START -304 3600 21832 -2217 3622 8417 END
START -704 4352 21612 -3408 3016 8073 END
START -440 4944 21836 -3691 2724 7273 END
START -496 5128 21960 -3440 3305 6474 END
START -584 5552 21516 -3421 4499 5606 END
START -832 5488 20776 -2827 5752 4369 END
START -1140 5044 20420 -2100 6978 3405 END
START -960 4692 19696 -1501 7543 2450 END
START -632 4248 19628 -1399 7820 1581 END
START -116 4328 19556 -1831 7547 1050 END
START 464 4348 18972 -2568 7426 780 END
START 580 4024 17776 -2831 7557 596 END
START 536 4104 17052 -2705 7412 400 END
START 76 3900 16124 -2583 7343 143 END
START -232 3752 15168 -2381 7200 -253 END
START -524 4024 14968 -2472 6938 -864 END
START -392 3796 14248 -2876 6807 -1698 END
START -464 3756 13784 -2635 6444 -2537 END
START -536 3280 13528 -2721 5928 -3287 END
START -360 2432 12828 -2095 5744 -3743 END
START -328 1368 12420 -2251 5134 -3610 END
START -412 1092 12184 -1822 4534 -3544 END
START -120 148 12656 -1429 4052 -3358 END
START 344 -716 12464 -792 4144 -2963 END
START 540 -1744 12336 -540 4638 -2128 END
START 708 -1596 12164 -366 4684 -1162 END
START 648 -1260 11856 126 4268 -543 END
START 448 -1740 12380 505 3584 88 END