START -3948 -2508 18556 296 566 244 END
START -5660 -412 14784 -1139 311 515 END
START -4996 -3972 17792 -191 444 -21 END
START -4396 -1572 18192 468 17 -618 END
START -4312 -2168 18472 -303 -59 -1153 END
START -4192 -2448 19132 -1167 -383 -1620 END
START -3832 -3048 19684 -2081 -253 -1866 END
START -3368 -3712 19436 -2585 383 -1618 END
START -3096 -4284 19108 -2395 842 -1104 END
START -2660 -5032 19284 -1869 1520 -413 END
START -2724 -5376 19820 -1896 2273 449 END
START -3188 -5660 19700 -2247 2725 888 END
START -2576 -5532 19536 -2836 2741 1312 END
START -2668 -5476 19160 -3492 2681 1766 END
START -2472 -5516 18712 -3871 2554 1988 END
START -1788 -5928 16744 -3204 3880 2434 END
START -2392 -6232 17512 -2860 3861 3258 END
START -2692 -6924 16964 -2519 5256 4104 END
START -2104 -6092 17076 -2715 3153 5252 END
START -2080 -6072 16456 -3254 3815 6324 END
START -2400 -5672 15724 -3315 3639 7163 END
START -3184 -5112 14776 -3288 3420 7731 END
START -3316 -4552 14432 -3198 3484 7814 END
START -3448 -3480 15448 -3473 3694 7791 END
START -3596 -3332 13996 -2901 1234 7741 END
START -3600 -3072 14016 -2536 1434 7667 END
START -3640 -3060 13908 -2401 1468 7719 END
START -3792 -2704 13828 -2654 854 7741 END
START -3628 -2848 13708 -3153 411 7772 END
START -3728 -2960 13000 -3225 277 8071 END
START -3264 -2528 12712 -2896 677 8418 END
START -3280 -1884 12788 -1952 751 8711 END
START -4060 -1572 13212 -925 69 8351 END
START -3768 -1552 13236 -144 -129 8349 END
START -4012 -1392 13548 79 -107 8505 END
START -4240 -1096 13712 -154 -489 8803 END
START -4136 -420 13516 -468 -816 8889 END
START -4192 -12 12852 -141 -921 8758 END
START -4256 468 12776 647 -1075 8717 END
START -4980 880 13028 1257 -1487 8570 END
START -5356 1464 13576 1688 -1843 8152 END
START -5612 1924 14212 1994 -2178 7381 END
START -5724 2240 14824 1681 -2251 6696 END
START -6180 2604 15340 829 -3303 5848 END
START -6076 2464 14040 954 -2933 4870 END
START -6572 2532 14484 1562 -4966 4160 END
START -6552 2900 14920 2626 -7441 3287 END
START -6556 3016 14912 4767 -8293 2362 END
START -6516 3252 14888 8304 -8310 1057 END
START -6392 2924 15252 10699 -8439 0 END
START -6584 3420 14908 11332 -7953 -731 END
START -6248 4260 15656 10871 -8961 -1636 END
START -9724 884 16044 4398 -5359 -2105 END
START -6916 7940 16636 5120 -3362 -2843 END
START -6452 3700 20036 1189 -6075 -2552 END
START -5724 7244 17892 4480 -3630 -5051 END
START -4476 4120 19248 556 -3628 -4749 END
START -4720 5568 18356 3363 -3620 -5817 END
START -5312 3684 19004 1030 -3657 -5947 END
START -4896 4480 18348 2741 -3230 -6979 END
START -5200 3376 19512 1293 -3248 -7570 END
START -4372 4016 17860 1255 -3601 -8759 END
START -2588 2984 19316 2876 -3738 -9184 END
START -2768 2740 18840 3678 -2646 -9313 END
START -2964 1816 19584 3279 -2196 -8948 END
START -2964 2028 18748 2744 -2235 -8681 END
START -2996 1780 18792 1298 -2960 -8359 END
START -2768 2740 18232 312 -4001 -8978 END
START -1932 2060 18024 -70 -4160 -9741 END
START -1104 1068 17728 532 -3953 -10118 END
START -488 308 17276 1271 -3497 -10206 END
START -192 -832 17052 2889 -2150 -9661 END
START -436 -1668 17252 3959 -1355 -8526 END
START -1064 -640 16480 3639 -1686 -7954 END
START -1020 -1196 17204 5769 -1289 -8616 END
START -276 -524 16784 1986 -3829 -7801 END
START 320 -268 17068 1058 -4427 -7659 END
START 1080 -1132 16708 849 -5122 -7727 END
START 1440 -1660 17364 1668 -4475 -7593 END
START 540 -3624 17360 1945 -3469 -7070 END
START 772 -4056 16504 2774 -3222 -6632 END
START 1112 -4384 16212 4284 -3080 -6329 END
START 1872 -3824 17080 3509 -3931 -5929 END
START 2300 -3744 16820 2738 -4407 -5461 END
START 3168 -3596 17268 2237 -4640 -5033 END
START 3328 -3984 17804 3014 -3831 -4247 END
START 2324 -6004 15852 1935 -2988 -2412 END
START 1180 -4508 16348 3512 -3132 -1539 END
START 928 -4628 16072 2298 -3710 -871 END
START 736 -3720 16168 2209 -5377 -959 END
START 800 -3836 16332 614 -7322 -1380 END
START 5132 -2064 25508 865 -9209 -1399 END
START 4740 -4308 20484 1009 -8861 -813 END
START 2588 -8004 18360 1564 -6871 247 END
START 2604 -6708 21400 2060 -5413 1829 END
START 1736 -7448 21292 3365 -5010 3271 END
START 1428 -7392 21852 1794 -3591 5248 END
START 868 -5868 21596 3351 -4061 6238 END
START 356 -5720 24832 1156 -4858 7871 END
START 80 -3296 24840 196 -4633 7892 END
START -292 -3796 25044 -956 -4529 7751 END
START 124 -4280 24700 -917 -2940 7974 END
START 8 -4372 24628 -551 -1590 8642 END
START -168 -4152 24832 -252 -1396 9388 END
START 136 -3548 24372 -252 -281 10661 END
START -540 -2592 24584 -1621 914 11405 END
START -696 -1232 26092 -1079 -198 11978 END
START -1268 384 25872 -900 932 11945 END
START -1132 872 24984 -1641 2241 11560 END
START -1148 1188 24260 -2211 2910 11199 END
START -1184 1404 23664 -2409 2728 10937 END
START -1228 2464 23632 -1711 1725 10511 END
START -1312 2800 21516 -2291 2044 10381 END
START -2204 4308 21524 -3045 2840 9998 END
START -2112 2936 22164 -4530 3070 9394 END
START -2288 5248 21528 -3285 3874 8315 END
START -2360 3368 22332 -2607 4892 7406 END
START -1636 4960 22064 -3082 5485 6679 END
START -812 5004 21844 -3080 6282 5890 END
START -264 4476 20820 -4094 6469 5640 END
START 100 4976 19152 -3812 6660 5442 END
START -208 3956 18672 -3423 6777 5390 END
START -480 4760 18000 -4170 6577 5211 END
START -804 4916 17188 -3620 6326 4342 END
START -776 5416 16624 -4279 6030 3607 END
START -420 5796 15836 -3907 5758 2562 END
START -616 5424 15148 -3858 5832 1655 END
START -424 5836 14728 -2538 6313 496 END
START -140 4204 14088 -1759 6909 3 END
START -36 4000 13608 -1453 7089 -91 END
START -48 3476 13124 -1081 6907 -91 END
START 4 3420 12956 -1799 6290 24 END
START 172 3524 12136 -1426 5640 -13 END
START 220 2956 11972 -1673 4756 163 END
START -76 2768 11816 -1595 3797 81 END