START -4176 -1048 18164 118 -322 889 END
START -2756 -116 13452 -2170 -858 1218 END
START -4808 -1268 17972 -997 -589 621 END
START -4856 -1020 16868 -99 -1361 -49 END
START -4576 -848 16924 66 -1279 -348 END
START -4708 -948 17316 180 -1391 -688 END
START -4700 -1180 17560 277 -1448 -873 END
START -4296 -1348 17728 179 -1129 -830 END
START -4568 -1440 18148 5 -951 -762 END
START -4584 -1404 18340 -348 -862 -745 END
START -4968 -1456 18996 -919 -1026 -1105 END
START -5040 -1944 19236 -1459 -1212 -1751 END
START -4800 -2680 19728 -1993 -1285 -2210 END
START -4580 -3060 20204 -2407 -1621 -2725 END
START -3560 -4264 20264 -2217 -1260 -2961 END
START -2704 -5296 20368 -1258 -423 -2334 END
START -1936 -5780 20796 -526 383 -1090 END
START -2088 -5860 21848 -703 1830 396 END
START -1952 -5476 21644 -1411 2767 1637 END
START -2608 -5192 21180 -2074 3067 2446 END
START -2992 -4832 20036 -2593 3204 2721 END
START -3236 -4456 19656 -2872 3300 2738 END
START -3584 -4184 19152 -2772 4028 2645 END
START -3552 -3956 18664 -2486 4413 2352 END
START -3784 -4004 18060 -2138 4963 2175 END
START -3304 -4108 17348 -2180 4893 2385 END
START -3212 -4272 16844 -2431 4922 2904 END
START -3344 -4096 16880 -2872 4917 3438 END
START -3392 -3904 16452 -3275 5293 3869 END
START -3488 -3832 15912 -3072 5141 4236 END
START -3564 -3664 15624 -2848 4857 4619 END
START -3636 -3584 15032 -2515 3531 5059 END
START -3348 -3352 15108 -2551 3384 5430 END
START -3824 -3352 14636 -2530 2995 5658 END
START -3460 -3260 14128 -2579 3244 5803 END
START -3692 -3316 13972 -2356 3089 5908 END
START -3668 -3128 14128 -2522 2791 6118 END
START -3508 -3208 13436 -2843 2489 6319 END
START -3384 -3260 12900 -2982 1996 6677 END
START -3092 -3196 12372 -2688 1446 7149 END
START -3236 -3032 12856 -2074 2109 7700 END
START -3948 -2620 12964 -1548 1241 7983 END
START -3920 -2488 12868 -1116 925 7960 END
START -3856 -2144 12792 -515 641 8071 END
START -3492 -2272 12376 126 420 8359 END
START -3840 -1508 12760 488 -5 8515 END
START -3876 -936 12816 612 -456 8715 END
START -4108 -488 12896 771 -880 8690 END
START -4536 -424 12556 1148 -1097 8409 END
START -5000 60 12772 1467 -1500 8153 END
START -5080 372 12904 1768 -1675 7737 END
START -4784 704 13116 2206 -1907 7365 END
START -4604 964 13460 2864 -1705 7248 END
START -4476 1300 13724 3336 -1805 7119 END
START -4552 2028 14540 3296 -2176 7028 END
START -5236 2528 14976 2787 -2486 6919 END
START -5956 2996 14556 2600 -2836 6635 END
START -6632 3632 14748 2602 -2848 6128 END
START -7096 4668 15164 2159 -4145 5100 END
START -7364 5268 15560 2231 -6819 3456 END
START -6504 4900 14924 3326 -8739 1927 END
START -6076 4592 14772 5740 -9202 499 END
START -5516 4508 15240 8726 -8803 -875 END
START -5540 4436 15864 10261 -8897 -1714 END
START -5436 4944 16136 11304 -8409 -2215 END
START -5920 5924 16220 12421 -8476 -3143 END
START -2732 6452 13120 4616 -1552 -3209 END
START -7008 8216 21308 5244 -5739 -5158 END
START -5104 7152 17944 2731 -2775 -5623 END
START -4572 5008 16736 4487 -1496 -6614 END
START -4496 4780 16544 6313 -891 -7032 END
START -4380 4748 17404 7157 212 -7008 END
START -3932 4476 14260 5514 1554 -6285 END
START -4436 4296 18852 6005 -2443 -6962 END
START -3684 6460 18476 1664 -3939 -6547 END
START -4280 4624 18612 252 -6062 -6894 END
START -4160 5364 19112 -2603 -7164 -7315 END
START -3968 3504 19488 -861 -7315 -8510 END
START -3684 3032 19360 -715 -6065 -9046 END
START -2372 1992 19936 1433 -4390 -9433 END
START -1680 1256 19712 1681 -2513 -8963 END
START -1200 960 18968 3000 -1225 -8379 END
START -1728 768 18540 2841 -578 -7727 END
START -1672 1168 17704 1969 -960 -7450 END
START -2092 468 16664 1126 -2102 -7198 END
START -2456 668 15944 1156 -3224 -7491 END
START -2260 168 16012 1833 -3933 -8261 END
START -1356 -664 16568 1302 -4866 -8549 END
START 36 -628 17580 1076 -5390 -8541 END
START 780 -2216 16444 347 -5673 -7752 END
START 1252 -1360 19984 -355 -6612 -6951 END
START 688 -3436 15480 -1954 -5394 -5234 END
START -1032 -3380 14504 3164 -3893 -5449 END
START -68 -4384 15032 -1856 -5232 -3903 END
START 728 -1348 15360 3762 -6374 -5450 END
START 380 -5624 17536 -999 -5909 -4025 END
START 1780 -1828 16932 1258 -5634 -3721 END
START 2012 -4448 18960 223 -5217 -2522 END
START 1760 -2240 17756 125 -5284 -1417 END
START 164 -3228 14600 1771 -6884 -1198 END
START -632 -5180 15204 -1026 -5378 46 END
START 1408 -1824 18596 2712 -6119 -290 END
START 56 -5252 17236 1105 -5329 186 END
START 672 -1776 17992 1920 -4973 63 END
START 1232 -4888 18932 1973 -5394 341 END
START 1952 -3248 19476 -84 -6103 1544 END
START 2248 -3616 19020 616 -5793 2262 END
START 1484 -5216 19580 64 -5501 3691 END
START 1204 -4432 19104 193 -5302 4660 END
START 724 -3732 19476 1029 -5149 4832 END
START 928 -4084 19688 1151 -4952 5091 END
START 948 -3780 20968 1467 -4706 5648 END
START 1320 -3504 21272 731 -4408 6485 END
START 1520 -2868 22056 630 -4035 7301 END
START 1224 -3304 21720 -1132 -4297 8561 END
START 836 -2172 19724 -1513 -4474 9046 END
START 708 -2492 20340 -1150 -4298 9149 END
START 864 -2296 21312 -1300 -4322 9393 END
START 756 -2164 21540 -556 -3575 9543 END
START 1244 -1136 23668 -1222 -3248 10094 END
START 1236 -1140 23748 -183 -2551 10277 END
START 892 -576 23648 -1654 -1609 11403 END
START 628 528 23524 -2394 -1223 11630 END
START -32 932 22816 -2922 -1480 11487 END
START -124 1172 22716 -2246 -1652 10936 END
START 256 1520 23300 -1203 -873 10571 END
START 592 2364 24196 -700 638 10374 END
START 720 2600 24544 -1944 1777 10331 END
START 704 3080 24464 -2444 2531 10267 END
START 416 3440 23940 -2963 3270 10181 END
START -64 4308 23320 -3237 3961 9885 END
START -872 4560 22924 -3628 4125 9496 END
START -1212 4724 22396 -4171 4258 8815 END
START -1120 5220 21876 -3871 4429 7825 END
START -644 5492 21488 -3392 5004 6620 END
START -828 5052 21344 -2934 6117 5632 END
START -280 4840 20708 -2537 6927 4876 END
START -476 4672 19932 -2441 7995 4323 END
START -1156 4396 19016 -2234 8253 3698 END
START -820 4628 18188 -2597 7923 3095 END
START -1056 4144 17252 -2603 7593 2497 END
START -976 3884 16684 -2438 7217 1842 END
START -604 4044 16556 -2207 6910 1210 END
START -188 3648 16276 -2621 6604 840 END
START 0 3460 15784 -2886 6401 410 END
START -24 3060 15480 -2544 6471 -11 END
START -376 2680 15480 -2198 6756 -430 END
START -508 2228 14804 -1372 7481 -1023 END
START -440 1736 13976 -526 7477 -1422 END
START -152 1668 13824 -191 6878 -1640 END
START 352 1088 13560 -314 6070 -1692 END
START 864 612 13420 -407 5550 -1479 END
START 1108 -100 13448 -387 5439 -1015 END
START 1404 -244 13184 -303 5737 -194 END
START 1040 -296 13204 0 5597 574 END
START 456 -392 13284 -308 5112 1049 END