START -5104 -4120 16556 836 1426 1141 END
START -4560 -2672 9452 36 753 1461 END
START -7680 -7116 16792 409 1163 1272 END
START -5224 -3620 16380 57 762 1059 END
START -4964 -3820 16112 -504 787 1075 END
START -4952 -3792 15472 -697 922 1287 END
START -5344 -3432 15084 -444 774 1160 END
START -5252 -2820 15332 -494 551 652 END
START -5168 -2744 15460 -777 606 134 END
START -4800 -2976 15080 -855 1353 -45 END
START -4724 -3216 14180 -369 2149 41 END
START -4552 -3328 14204 222 2226 -25 END
START -3880 -3640 12820 188 2984 158 END
START -3860 -3788 12600 531 2465 290 END
START -3352 -3740 12320 607 2468 690 END
START -3232 -3752 11944 176 1792 887 END
START -3052 -3960 11656 -489 830 995 END
START -2832 -4112 11060 -430 299 1288 END
START -3096 -3812 11344 105 -145 1649 END
START -3484 -3324 11924 336 -585 1522 END
START -3764 -3140 12508 286 -784 982 END
START -4104 -3888 12760 620 -2403 267 END
START -3724 -3676 12604 508 -222 249 END
START -3344 -4348 12420 1175 -3170 262 END
START -3100 -4252 12116 1502 -4430 751 END
START -3108 -3588 12268 2509 -5901 1371 END
START -3252 -2744 13140 4462 -8125 1072 END
START -3108 -3336 13728 4963 -9360 960 END
START -3184 -2076 15024 5932 -10448 530 END
START -3396 -2440 14400 7796 -10034 -67 END
START -3884 -2232 14196 8541 -9186 -675 END
START -4904 -2168 13764 5273 -5492 -1433 END
START -4452 -3348 12552 -976 -4073 1032 END
START -3048 -1628 13984 6237 -4402 123 END
START -2508 -1192 15468 3125 -5516 945 END
START -2020 -1052 16476 2243 -6448 1371 END
START -2488 -1816 16592 560 -7074 1946 END
START -3368 -308 14932 1043 -7696 1300 END
START -3728 -1112 14864 1161 -8232 513 END
START -3780 -952 15684 2651 -8776 -562 END
START -2724 -940 17032 3083 -9588 -1149 END
START -1456 -888 18228 3344 -9904 -943 END
START -404 -984 19152 2993 -10230 -88 END
START -180 -688 19940 3056 -10108 658 END
START -596 -1192 20244 2774 -9454 1443 END
START -1044 -640 19536 2566 -8961 1912 END
START -1812 -16 19532 3292 -8959 1755 END
START -1580 708 19824 3864 -8678 1273 END
START -1252 996 20192 4666 -8558 790 END
START -848 1236 20320 5115 -8456 428 END
START -700 1424 20440 5105 -8094 452 END
START -856 1420 20636 5149 -8007 453 END
START -1368 1668 20612 5182 -7706 439 END
START -1368 2104 20252 5810 -7319 329 END
START -1748 2732 20300 6942 -6697 -54 END
START -1448 4212 23064 6313 -7184 -697 END
START -716 3876 22264 7146 -6248 -1036 END
START -1932 4376 21884 6007 -6516 -1656 END
START -2252 4068 22800 4637 -7257 -2415 END
START -2236 4424 23056 3913 -7485 -3234 END
START -2564 4624 23592 3532 -7229 -4238 END
START -2212 4748 24696 3650 -6092 -5452 END
START -1192 4076 25268 3537 -5508 -6185 END
START -572 3968 25724 3291 -3539 -6674 END
START -44 3332 25308 2850 -1539 -6622 END
START -644 2780 23812 2407 -120 -6355 END
START -1056 720 19784 4759 440 -7403 END
START -1268 2288 22012 3454 621 -6665 END
START -776 2984 22484 2290 489 -7439 END
START -428 1924 21628 518 -726 -8060 END
START 404 1852 22704 -1390 -599 -8295 END
START 1300 1536 22264 -3407 1161 -8468 END
START 2540 -588 22144 -7744 2588 -7137 END
START 1460 -2764 20264 -9842 4081 -5574 END
START 2392 -572 23724 -9375 6248 -4780 END
START 2280 -1984 20140 -3619 11660 -5121 END
START 876 -2268 19272 -1904 8805 -4805 END
START 288 -2444 20876 -1222 3562 -4831 END
START 1376 -2676 18336 48 2638 -4463 END
START 1292 -3016 18272 141 3707 -3960 END
START 812 -2608 17868 166 3687 -3435 END
START 500 -2260 17716 -183 3150 -3489 END
START 948 -2444 17784 -1197 2630 -3540 END
START 1312 -3156 17480 -1508 2393 -3057 END
START 1456 -3484 17732 -1148 2720 -2159 END
START 1444 -3528 17364 -1578 2862 -1283 END
START 1464 -3268 16572 -986 3056 -569 END
START 1080 -3056 16860 -994 2897 -152 END
START 1472 -2848 17120 -1258 1942 30 END
START 1456 -3012 16656 -2320 1329 312 END
START 1832 -2864 17952 -2451 162 541 END
START 1960 -2292 19372 -2988 -59 1071 END
START 1548 -1644 20820 -4015 -47 1130 END
START 1960 -1308 21240 -4707 -162 995 END
START 1768 -1648 21980 -5151 -145 1125 END
START 1528 -2508 22448 -5929 -428 1531 END
START 780 -3752 22268 -5747 -935 1491 END
START 792 -3756 24356 -5639 -2322 1958 END
START 1376 -5128 24608 -4993 -670 3617 END
START 616 -5516 24468 -4190 297 4766 END
START 1136 -5192 23536 -4670 3778 6155 END
START -924 -4996 23688 -5225 5145 6832 END
START -1816 -3904 22404 -4315 5310 6830 END
START -1824 -3472 22104 -3942 5835 6589 END
START -1652 -3020 22460 -4227 5468 6354 END
START -1704 -3492 22072 -4588 6594 6590 END
START -1852 -3348 20764 -4550 7042 7307 END
START -2084 -3160 19336 -3964 7394 8117 END
START -3000 -2772 18748 -3155 7487 8648 END
START -2620 -2024 17876 -2775 7405 8732 END
START -3200 -1748 17408 -2566 7650 8649 END
START -3064 -1492 16644 -2519 6866 8303 END
START -2988 -1100 16656 -3053 6172 7803 END
START -3188 -1380 16284 -4455 5116 7398 END
START -3172 -1432 15324 -5397 4177 7099 END
START -3164 -1944 14612 -5289 3300 6739 END
START -3020 -2676 14348 -4808 2928 6908 END
START -2920 -2812 14420 -4738 3007 7426 END
START -2652 -3064 13556 -3766 3998 7844 END
START -2176 -3000 13420 -1991 4715 8097 END
START -2556 -2388 15668 -1555 5152 8776 END
START -2460 -2020 14252 -1585 4621 8850 END
START -2680 -1592 13372 -1555 4145 8552 END
START -3056 -1248 12428 -1563 4390 8359 END
START -3672 -1124 12880 -1909 2585 7764 END
START -3412 -1124 13024 -2626 1842 7504 END
START -3028 -1916 11848 -2737 1787 7612 END
START -3500 -1556 12940 -2572 544 7862 END
START -3752 -668 13456 -2564 987 7805 END
START -3728 -432 13272 -2024 144 7457 END
START -3824 -600 12956 -1004 761 7236 END
START -4364 -200 13196 -65 1334 7079 END
START -4300 228 12416 1112 2132 6786 END
START -4636 1040 12968 1805 1826 6391 END
START -5248 2100 13552 1497 941 5782 END
START -5768 2716 13908 402 -489 4830 END
START -5508 2964 14084 -504 -1621 3628 END
START -5364 2640 13972 -605 -2132 2580 END
START -5068 2380 14492 -37 -2071 1826 END
START -4960 2100 15212 1238 -1406 1423 END
START -4572 2352 16248 2742 291 1590 END
START -4688 3152 16392 3666 1483 1845 END
START -5120 4344 16632 4027 2097 1582 END
START -6016 5640 16824 3151 1663 921 END
START -6284 6868 16696 1864 381 -509 END
START -6676 6672 16276 964 -17 -2167 END
START -6836 6480 16444 724 -551 -3431 END
START -6928 6564 16616 950 -594 -4635 END
START -7100 6668 17044 1666 -42 -5492 END
START -7592 6996 17172 2434 180 -6262 END
START -7760 7604 17448 2579 270 -7389 END
START -8224 8372 17548 2172 164 -8956 END
START -7864 8192 17112 2035 366 -11188 END
START -7264 6972 17044 1869 286 -13044 END
START -6672 5848 17116 1424 142 -14503 END
START -5216 4116 16740 1594 81 -15731 END
START -4880 2200 16836 2698 643 -16033 END
START -4312 1356 17324 3875 1155 -15981 END
START -3868 444 17424 4265 1774 -16129 END
START -2704 -628 17036 3627 870 -16206 END
START -1600 -1540 17252 2342 -378 -16063 END
START -792 -2972 17240 468 -1745 -15768 END
START 396 -4752 17304 -477 -2262 -15441 END
START 1688 -7040 17332 261 -1589 -15127 END
START 2684 -9748 17476 2161 557 -13597 END
START 3364 -11328 17744 3098 1624 -11030 END
START 3720 -12152 17016 2683 1410 -8110 END
START 3928 -12124 17328 1495 -543 -5521 END
START 3092 -11220 18544 -15 -2055 -3285 END
START 2136 -10304 19176 -1328 -2747 -2195 END
START 1728 -9852 18352 -796 -1409 -1580 END
START 1076 -9528 17968 793 44 -982 END
START 904 -9092 18312 1560 886 -466 END
START 652 -8712 17904 1461 935 372 END
START 328 -8108 17276 1333 740 1168 END
START -204 -7440 17056 934 350 2012 END
START -1120 -6720 16964 510 198 2848 END
START -1684 -5852 16864 164 339 3477 END
START -2404 -4840 17164 -97 480 3951 END
START -2844 -3732 17156 -628 465 3924 END
START -3032 -2832 17448 -913 551 3596 END
START -3024 -2184 17904 -1314 684 3132 END
START -2724 -2024 17788 -1845 1444 2673 END
START -2612 -2196 17580 -1821 2456 2713 END
START -2428 -2088 17916 -2184 2827 3264 END
START -3060 -2716 17052 -2848 2967 3734 END
START -3672 -3032 15684 -2440 2508 3681 END