START -5576 -3032 17096 213 1325 1149 END
START -7656 -864 12320 -1370 599 1323 END
START -5648 -2336 14068 -65 648 931 END
START -5844 -2500 16272 7 372 585 END
START -5600 -2688 15196 154 -49 431 END
START -5416 -2992 15144 538 148 164 END
START -4900 -3448 15380 710 307 306 END
START -4684 -3408 15236 796 868 636 END
START -4396 -3096 14936 981 1283 941 END
START -4388 -2884 14860 956 1357 1038 END
START -4576 -2408 14608 479 1295 909 END
START -4940 -2352 13800 210 800 317 END
START -4060 -2316 13068 273 309 -285 END
START -3696 -2708 12796 444 365 -517 END
START -3260 -2936 12588 678 330 -503 END
START -2628 -3116 12588 586 162 -260 END
START -2368 -3188 12344 562 11 201 END
START -2652 -2964 12816 513 -490 644 END
START -3300 -2796 13092 -10 -919 719 END
START -4808 -3220 13732 310 -4118 490 END
START -4028 -1956 12736 149 -4601 198 END
START -4036 -1812 12132 2604 -6851 -806 END
START -3984 -4060 11648 7610 -8413 -2555 END
START -3244 -3044 10968 3456 -8350 -1906 END
START -3796 -2448 11376 7178 -8039 -3062 END
START -1416 -4628 18236 5549 -5335 -1610 END
START -824 -3976 16872 2844 -3025 -915 END
START -1672 -2520 14440 -1669 -979 1280 END
START -1000 -5404 15320 -1824 -3733 2499 END
START -1764 2016 11008 -103 -3478 2709 END
START -2624 -3044 15236 2894 -4329 1786 END
START -3240 472 14580 1372 -5854 1620 END
START -3848 -1748 14780 1263 -7072 898 END
START -3080 -1048 15436 251 -7854 532 END
START -2544 -1752 15532 789 -7967 316 END
START -2184 -1212 15484 1151 -7991 299 END
START -1172 -736 16088 2361 -7802 429 END
START -1708 -852 16328 2801 -7805 1123 END
START -2228 -288 16576 3108 -8255 1862 END
START -2668 -476 16892 2963 -8732 2535 END
START -2976 888 17204 2327 -9437 2738 END
START -3304 1464 17664 2285 -9853 1869 END
START -3380 2392 17844 2349 -9752 656 END
START -2760 2632 18212 4156 -9681 -724 END
START -2552 1632 19180 4407 -9536 -1225 END
START -3036 1784 18912 4923 -9049 -1359 END
START -3300 1248 18772 5672 -8678 -1462 END
START -3824 2740 19732 6475 -8390 -1695 END
START -3964 3448 21432 6412 -8262 -2509 END
START -4080 5436 23156 5990 -8029 -4053 END
START -3052 5124 24712 3735 -8923 -5289 END
START -2248 5796 25236 4769 -7856 -6891 END
START -2828 3400 24940 4120 -6797 -7414 END
START -2732 2536 24692 3621 -6039 -7831 END
START -2488 1868 24736 3212 -5240 -7715 END
START -2432 1716 24832 2630 -4296 -7901 END
START -1436 844 24636 2622 -3690 -8295 END
START -312 -412 22056 1265 -3274 -7606 END
START -988 -5252 19936 2713 -1810 -7762 END
START 672 1704 25364 1069 -1762 -6743 END
START 1288 -3780 23336 1634 -828 -6463 END
START 1492 -1312 22468 1074 192 -5801 END
START 1788 -3480 22484 1752 668 -5512 END
START 2224 -2992 21808 -201 1224 -4732 END
START 2700 -2772 20796 2293 1584 -4585 END
START 2668 -4140 21516 1261 1760 -3546 END
START 2456 -2500 21696 1246 1551 -3047 END
START 2748 -4240 21960 -186 1559 -2140 END
START 2492 -2444 21300 -785 1692 -1141 END
START 2312 -3252 21476 -626 1660 -932 END
START 2452 -2912 21552 -1875 1762 -298 END
START 1832 -1856 21468 -1823 2075 -190 END
START 1664 -2556 21432 -2327 2353 -386 END
START 1880 -2856 21316 -2566 2609 -228 END
START 2140 -3152 21616 -2793 2356 148 END
START 2124 -3456 21592 -3962 2068 772 END
START 2112 -3836 22180 -4237 1817 1316 END
START 2216 -3980 21628 -5157 2390 2264 END
START 1928 -4144 22212 -4670 2779 3063 END
START 1508 -4520 22000 -5506 4441 4346 END
START 416 -3548 20356 -4630 5023 5068 END
START -208 -3360 20544 -3639 5041 4995 END
START -140 -1844 20704 -3652 5226 4969 END
START -172 -2496 20696 -3100 5720 4856 END
START -108 -2428 21140 -3566 6276 5238 END
START -192 -2516 21100 -3065 6746 5501 END
START -828 -2712 20900 -4476 7227 6226 END
START -1092 -2456 19476 -4467 7042 6343 END
START -1460 -2904 18968 -3823 6795 6573 END
START -1392 -3204 18232 -3950 7122 7079 END
START -1520 -3200 17744 -3782 7559 7667 END
START -1904 -2436 16812 -3326 7742 7805 END
START -1560 -1896 16348 -2161 7458 7566 END
START -1804 -2252 16664 -2424 6439 7565 END
START -2244 -2012 16124 -3525 5315 7718 END
START -2392 -1780 15956 -4007 4650 7684 END
START -2312 -2552 15888 -4892 4434 7968 END
START -2176 -2176 15564 -5644 4703 8446 END
START -2044 -3140 16092 -5470 4972 8897 END
START -1776 -2680 15608 -4593 4559 9125 END
START -2196 -2272 15580 -2932 4831 9361 END
START -1756 -2068 17304 -1889 5233 9157 END
START -2828 -1892 14324 -3475 7418 9833 END
START -2688 -1824 16184 -3914 5829 9675 END
START -2292 -376 15100 -3650 5111 9366 END
START -2896 -1924 12004 -2461 5935 9066 END
START -3660 -1476 12784 -2847 5010 9350 END
START -4028 -628 13668 -3008 3123 9193 END
START -4280 152 13824 -3159 2434 8772 END
START -4564 224 13668 -2636 2493 8058 END
START -4480 392 14424 -2204 1414 7073 END
START -3820 -92 14336 -2516 1566 6734 END
START -2900 104 14468 -2807 1535 7160 END
START -3888 -548 13328 -2240 694 7350 END
START -4072 -36 13240 -2576 -551 7544 END
START -4480 396 12800 -2314 -555 7481 END
START -4712 1148 12780 -1559 -954 7049 END
START -5076 1776 13896 -786 -1267 6241 END
START -5148 2144 14200 -568 254 5697 END
START -5392 2616 13756 26 50 5085 END
START -5500 3064 13832 885 645 4202 END
START -5788 3384 14264 1802 871 3314 END
START -5832 3568 14656 2196 856 2614 END
START -6024 3964 15100 2036 544 2083 END
START -6448 4364 15340 1535 -265 1402 END
START -6528 4720 15740 1098 -866 594 END
START -6688 5328 16424 623 -1558 -321 END
START -6468 5764 16404 581 -1187 -1346 END
START -6404 6168 16940 984 -574 -2245 END
START -6408 6672 17040 1428 272 -3280 END
START -6752 6912 17200 1711 765 -4506 END
START -6972 7252 17304 1601 281 -5866 END
START -7504 6824 16932 1463 220 -7382 END
START -7636 6292 17248 1295 -334 -8715 END
START -7020 5572 17508 883 -979 -9890 END
START -6540 5004 17588 939 -939 -10364 END
START -6104 4752 17352 1862 -320 -10558 END
START -6288 5088 17512 2683 450 -10670 END
START -6364 6120 16996 2870 247 -11372 END
START -6780 6928 17112 2845 460 -12839 END
START -7332 7180 17988 1868 -448 -15270 END
START -6644 5980 17984 1184 -473 -18255 END
START -5060 3492 17768 2467 1041 -20244 END
START -3568 860 18648 3386 2254 -20556 END
START -2280 -1472 18420 3509 2400 -19968 END
START -852 -3404 17160 3821 2521 -18695 END
START -364 -5424 16260 3909 2084 -17108 END
START 756 -7360 14836 3750 940 -15494 END
START 1468 -8228 15612 3754 -130 -13839 END
START 1076 -8796 16692 3190 -789 -13171 END
START 2212 -10208 16964 3306 -222 -12923 END
START 2972 -12132 17476 3704 319 -11245 END
START 3112 -12948 17960 3859 633 -8700 END
START 2544 -12804 17948 3898 1334 -5937 END
START 1824 -11304 17736 3132 599 -3637 END
START 936 -10020 17832 2230 -401 -2351 END
START 340 -9116 18204 1086 -1425 -1634 END
START -204 -8572 18436 250 -1380 -1157 END
START -644 -8240 18556 103 -955 -939 END
START -1004 -7920 18168 108 108 -371 END
START -1128 -7956 17212 533 578 326 END
START -1108 -7212 16476 1219 1354 1387 END
START -1512 -6028 16348 1640 1178 2245 END
START -1992 -4748 17000 917 797 2776 END
START -2076 -3816 17320 -603 57 2971 END
START -2128 -3028 17276 -2101 -267 3082 END
START -2924 -2408 17928 -3316 198 3368 END
START -3712 -2008 18068 -4392 239 3282 END
START -3836 -1756 17588 -4299 1028 2962 END
START -3820 -1636 17516 -3572 1762 2845 END
START -3760 -1784 17228 -3049 2252 2803 END