START -5116 -2620 17208 1600 1361 1396 END
START -6380 -2088 15044 857 759 1587 END
START -5652 -2628 15224 1681 1662 1303 END
START -4884 -2968 14932 2500 2027 1141 END
START -5176 -2668 15512 2418 2208 1285 END
START -5080 -2228 15484 1846 2170 1279 END
START -4940 -1908 15416 932 1907 1178 END
START -5084 -1536 15008 301 1804 924 END
START -5156 -1436 15024 175 1805 324 END
START -4852 -1608 15276 13 1905 -228 END
START -4828 -2072 15084 -103 2225 -749 END
START -4168 -2736 13904 213 3010 -899 END
START -3820 -3268 12440 1429 3966 -524 END
START -3996 -3108 12560 2269 3782 -383 END
START -3236 -3112 11984 2182 3294 -531 END
START -2964 -4020 11248 2238 2639 -377 END
START -2668 -4420 11352 2677 2372 361 END
START -2920 -4060 12328 2561 1938 1041 END
START -3500 -3256 13044 1124 818 1170 END
START -3496 -2484 11444 355 -220 1289 END
START -4620 -2636 10716 1140 -4282 782 END
START -4228 -1968 12552 1646 -6199 -135 END
START -4004 -2828 12876 2185 -7351 -760 END
START -3396 -3072 13684 2934 -7279 -788 END
START -3248 -4280 13648 4080 -6321 -447 END
START -3792 -3428 14196 4361 -6980 325 END
START -4080 -2572 14940 5497 -8286 418 END
START -3932 -1284 14728 7382 -9881 317 END
START -3636 -772 14420 10316 -10514 -304 END
START 2180 -4644 32767 2698 -7542 1633 END
START -1472 6016 16492 644 -2146 -968 END
START -4408 -7200 16824 519 -6358 -1285 END
START -2528 3208 13808 -610 -5168 -915 END
START -3336 -6092 15780 3250 -5378 -931 END
START -2972 -292 16092 -953 -7546 345 END
START -2716 -1980 15424 448 -8308 40 END
START -2112 -1788 15948 -277 -8734 593 END
START -1304 -1228 16760 768 -9267 840 END
START -496 -920 17424 616 -9457 1118 END
START -732 -1176 17824 1603 -9115 1410 END
START -948 -1512 18104 1604 -8502 1964 END
START -1444 -1172 17992 2273 -7907 2173 END
START -2064 -948 17856 2344 -8242 2098 END
START -1132 -672 18212 2810 -9030 1699 END
START -68 -960 18680 3191 -9341 1814 END
START 452 -844 19632 3496 -9003 2385 END
START 600 -676 20552 3417 -8446 2882 END
START -364 44 19920 3051 -7773 3049 END
START -1004 344 19248 3509 -7596 2449 END
START -524 436 18828 4751 -6914 1886 END
START -132 112 18532 5822 -6558 1781 END
START 920 680 19140 6266 -6518 2027 END
START 712 1228 19688 6169 -6386 2769 END
START 28 2560 19896 6015 -6544 3152 END
START -1248 3484 20368 6168 -6580 3089 END
START -2488 4192 16304 4631 -5695 2528 END
START -3036 4640 19972 6656 -6396 794 END
START -2432 6648 22796 6005 -5912 -912 END
START -4864 1928 27904 9531 -11546 -3660 END
START -280 6988 25504 2907 -8448 -2584 END
START -316 5196 25020 4206 -6318 -3224 END
START -1916 5128 22892 3684 -4434 -3295 END
START -2172 4944 23124 4426 -3259 -3827 END
START -2580 5056 23352 4446 -2058 -4613 END
START -3148 2476 28676 5688 -2905 -5669 END
START -2304 3720 25436 4588 -3009 -6358 END
START -1496 4780 24228 1074 -3374 -6907 END
START -556 3820 22912 344 -3459 -7718 END
START 344 2528 23364 528 -3179 -7668 END
START -68 2724 21904 546 -1138 -7164 END
START -136 1424 22024 1739 823 -7401 END
START 720 1240 24508 -2305 -580 -7176 END
START 36 832 20672 565 4066 -6850 END
START 1828 -856 20272 -636 2300 -6325 END
START 1776 124 20580 -1998 2717 -5973 END
START 2684 -284 20528 -4680 3345 -5125 END
START 2476 -328 19592 -7884 3233 -4308 END
START 3880 -404 19072 -12575 4492 -3078 END
START 3292 -3300 19508 -6185 8463 -3823 END
START 3576 -3384 19612 -4146 6928 -3456 END
START 1872 -4656 21804 -3206 2627 -2893 END
START 2696 -3916 22760 -4021 2505 -1467 END
START 3640 -3912 21412 -4327 -726 -592 END
START 3740 -3364 22700 -5708 361 170 END
START 4012 -2756 23528 -7072 872 941 END
START 2316 -3324 23640 -8407 1896 928 END
START 2500 -3972 23456 -8692 2475 548 END
START 4256 -4736 20120 -7941 6385 1612 END
START 2136 -4032 25260 -8959 4637 2819 END
START 1700 -4372 25768 -10020 7253 4291 END
START 1192 -4996 23604 -8199 3408 5519 END
START 688 -4200 22328 -6723 6174 6348 END
START -780 -3404 21932 -5536 6672 6555 END
START -1516 -3024 21464 -5079 7586 6154 END
START -2376 -3388 21072 -5670 7653 5849 END
START -1596 -3192 19128 -4550 5896 5698 END
START -1904 -3252 19168 -3548 2304 6033 END
START -1576 -2896 19404 -1753 -1731 5892 END
START -888 -2964 20000 3190 -2429 4549 END
START -928 -3716 17872 3157 1863 5637 END
START -656 -2468 18012 -1683 6562 7327 END
START -1204 -1472 18840 -4705 7842 7936 END
START -1584 -1732 17680 -6246 7799 8149 END
START -2040 -1820 16896 -7956 8302 8292 END
START -2324 -2284 16352 -8088 9212 7962 END
START -2240 -2756 14900 -5677 10416 7648 END
START -2972 -2480 15440 -3544 7924 7291 END
START -2968 -2240 15328 -2936 6397 7139 END
START -2516 -2828 13728 -2275 5122 7284 END
START -2540 -3212 13764 -1764 4933 7871 END
START -2508 -3312 14060 -2371 4015 8496 END
START -2812 -3196 14072 -2451 4177 9144 END
START -3576 -2796 14284 -2707 3570 9231 END
START -3616 -2236 14636 -2483 2096 8866 END
START -3804 -1932 13916 -2009 2847 8487 END
START -4036 -1620 13360 -854 4109 7884 END
START -4256 -1364 13488 -254 5004 7280 END
START -4192 -1292 12104 185 5604 6765 END
START -4276 -1332 11688 312 5216 6492 END
START -3908 -1240 11252 617 5186 6649 END
START -4616 -1200 11924 558 2597 6554 END
START -4964 -612 12552 -102 1289 6570 END
START -4980 156 12056 -228 -290 6365 END
START -5488 564 12320 -15 -428 5889 END
START -5732 1024 12504 132 -1010 5018 END
START -5680 992 12636 789 -955 3715 END
START -5388 404 13320 1704 -547 2850 END
START -4392 -372 14368 2807 252 2314 END
START -3984 -1504 15116 3005 1765 2661 END
START -3552 -1496 15168 2394 1711 3413 END
START -3052 -1252 14532 2133 318 4122 END
START -3332 -620 14164 1631 -436 4713 END
START -4312 208 14664 1034 -1672 4838 END
START -4624 1476 15000 648 -2578 4329 END
START -5208 2452 16296 592 -2758 3464 END
START -5040 2976 16752 1253 -2235 2075 END
START -4488 2900 17168 2955 -247 1168 END
START -3984 3148 17548 4072 1245 1210 END
START -3772 4212 17184 4286 1891 1359 END
START -4376 5616 16760 3648 1741 1294 END
START -4976 6948 16476 2789 336 259 END
START -5440 7696 17172 1447 -715 -1138 END
START -5820 7416 17252 501 -1298 -2907 END
START -5760 6776 16952 491 -529 -4302 END
START -5752 6268 16648 976 90 -5219 END
START -5696 6324 16928 1531 88 -6381 END
START -5384 6376 16560 2108 -138 -7481 END
START -5340 6404 16576 2769 135 -8337 END
START -5420 6840 17004 2749 113 -9215 END
START -6040 6968 16712 2474 504 -10146 END
START -7008 7104 16552 2129 256 -11378 END
START -6960 7396 17244 1363 -684 -13313 END
START -6736 6256 17180 887 -419 -15308 END
START -5436 4676 17116 1440 -80 -16796 END
START -4572 2700 17244 2220 999 -17576 END
START -3300 1200 16568 2945 1254 -17575 END
START -2904 -160 16428 3988 1335 -17193 END
START -2372 -1368 17256 3667 976 -16676 END
START -1804 -2404 17444 2471 -15 -16165 END
START -1500 -2996 17656 931 -763 -15594 END
START -1460 -3480 18140 7 -1298 -15661 END
START -1512 -4592 18184 39 -598 -15703 END
START -912 -6076 18572 1068 933 -15258 END
START 296 -7752 17996 1783 2284 -14182 END
START 1296 -8976 17092 2241 2230 -12417 END
START 1900 -9568 16648 1701 1234 -10208 END
START 2048 -9884 16700 255 -540 -8306 END
START 1948 -9904 16792 -911 -1554 -6868 END
START 2012 -9936 16484 -1340 -1831 -5856 END
START 1740 -10660 16832 -1170 -1478 -4920 END
START 2052 -11012 17064 -961 -987 -3732 END
START 1760 -11020 16852 -847 -574 -2300 END
START 1840 -10740 16008 -371 -189 -952 END
START 1220 -9888 16468 -80 -711 519 END
START 656 -8828 16464 -296 -819 1639 END
START 212 -7732 16668 -70 -963 2545 END
START -640 -6512 17724 -12 -1182 3487 END
START -1660 -5452 19104 -426 -1072 4104 END
START -2284 -4524 19036 -720 -3301 4332 END
START -2756 -3128 18836 -598 -3493 4190 END
START -2972 -2236 18388 257 -3325 3763 END
START -2888 -1820 18444 1096 -2785 3049 END
START -2792 -1804 17264 1519 -1483 2738 END
START -2664 -1768 16288 1205 -800 2506 END