START -5288 -3656 15348 2592 1486 -416 END
START -4996 -2404 8668 1380 622 52 END
START -3540 -2688 14188 2628 1012 268 END
START -4980 -4300 15400 2511 893 660 END
START -4480 -3692 15368 1991 1104 1540 END
START -4856 -3128 14936 1327 1382 1772 END
START -4988 -2864 14468 953 1741 1716 END
START -5348 -2628 13504 847 1809 1480 END
START -5196 -2176 13004 1170 1391 968 END
START -5508 -2108 12944 1231 679 219 END
START -5232 -2172 13248 997 -93 -770 END
START -4268 -2744 13108 503 -742 -1428 END
START -3280 -3652 12996 -88 -494 -1322 END
START -2180 -4068 11728 -21 -284 -287 END
START -2336 -3428 10984 1287 -232 690 END
START -3076 -2848 10776 2155 -820 1003 END
START -3592 -1544 11908 2001 -3276 1053 END
START -3976 -1080 12144 2171 -7264 290 END
START -4200 -736 11796 4788 -10862 -994 END
START -3476 -2760 11868 5747 -12060 -1494 END
START -2880 -2124 12728 4335 -11144 -1108 END
START -2720 -2600 10728 9475 -10543 -2674 END
START -2980 -4888 11348 6582 -8315 -963 END
START -1704 -576 12208 874 -4347 1051 END
START -2248 -5984 14176 2397 -6348 1749 END
START -1632 1072 13240 1861 -6930 2777 END
START -2612 -1156 16184 2134 -7542 2443 END
START -2424 1288 15836 20 -8284 1608 END
START -2456 -672 14284 958 -8717 695 END
START -2452 -960 15060 2173 -8802 317 END
START -2224 -944 15920 3748 -9016 512 END
START -2088 -1140 16776 3639 -9357 1296 END
START -1460 -212 17384 3308 -10439 1957 END
START -1000 804 18140 3038 -11033 2507 END
START -1188 2084 18792 2497 -11492 2324 END
START -2020 2100 18916 2264 -11037 1415 END
START -2460 1472 18752 3233 -10659 859 END
START -2732 1124 19240 3995 -10523 310 END
START -2544 1488 20180 4609 -10356 -101 END
START -2108 1608 20748 4036 -10461 -349 END
START -1152 2096 21260 3906 -10469 -682 END
START -344 2164 21700 3530 -10138 -653 END
START -1008 2376 21716 3955 -9238 -556 END
START -2160 3412 22780 3921 -8218 -660 END
START -3224 4424 23036 4232 -7228 -1570 END
START -4176 4940 23600 4004 -6764 -3039 END
START -3964 5052 22256 2108 -7316 -4502 END
START -2772 5140 25812 2415 -7356 -6029 END
START -1760 3376 25436 1952 -7291 -6992 END
START -164 2732 25120 1063 -6209 -6727 END
START -8 2280 29832 3378 -6468 -5566 END
START -52 20 24348 600 -2065 -5545 END
START -752 4712 24780 2869 -1937 -5599 END
START -1448 472 23456 2439 214 -6029 END
START -1292 3448 23260 2306 695 -6670 END
START -1072 1936 22752 1794 783 -7542 END
START -76 1140 22380 -97 -36 -7844 END
START 672 468 21708 -411 -389 -7867 END
START 824 -1196 20704 -961 -384 -7146 END
START 1204 -1688 21028 -116 29 -6559 END
START 1260 -2304 20856 464 1238 -5923 END
START 1396 -2136 20844 1102 2034 -5389 END
START 1384 -1760 20856 886 2401 -5103 END
START 1380 -1496 20628 570 2411 -5068 END
START 1616 -1456 20304 -64 2586 -4828 END
START 2112 -2080 19588 -41 3168 -4619 END
START 2184 -3096 18692 4 3631 -3873 END
START 2520 -3140 17708 -257 3797 -2767 END
START 2660 -2780 17468 -240 3083 -2090 END
START 2488 -3340 17340 -1243 2260 -1524 END
START 3000 -3712 17720 -948 1500 -775 END
START 3032 -3168 18516 -1900 1295 210 END
START 2576 -3400 19116 -1668 734 391 END
START 2440 -2620 19252 -2639 783 684 END
START 2096 -1812 19276 -2406 670 605 END
START 2468 -2896 20312 -3151 663 508 END
START 3056 -2832 22124 -2936 769 1269 END
START 2876 -3340 21788 -3424 967 2237 END
START 2500 -2900 21312 -3227 1644 2971 END
START 2104 -3572 22600 -3613 1535 3910 END
START 1520 -4012 23084 -4472 1300 4849 END
START 1228 -4332 23884 -5155 1348 6110 END
START 332 -4272 24124 -4599 2308 6934 END
START 208 -3548 24032 -3884 3051 7269 END
START 164 -2728 23684 -3970 4471 7519 END
START 56 -2220 22720 -3766 6289 7711 END
START -424 -1716 21884 -3169 7488 7550 END
START -804 -1788 20540 -3193 8105 7456 END
START -1080 -1792 19440 -3711 7928 7788 END
START -1440 -2004 18720 -2750 7410 7812 END
START -1228 -2076 18392 -2775 7087 8093 END
START -980 -1884 18284 -2237 7510 8473 END
START -912 -1416 18096 -2600 8292 9179 END
START -1228 268 17388 -2248 8586 9140 END
START -1712 112 16588 -2073 8919 8553 END
START -2012 392 16444 -2766 7729 8223 END
START -2736 308 16432 -2949 6683 7433 END
START -2560 -184 16132 -4459 6984 7318 END
START -2544 -464 15736 -5397 7655 7522 END
START -2264 -1524 15040 -6157 8147 8011 END
START -2384 -784 14748 -5072 7472 8315 END
START -2536 -232 15224 -1931 5869 7704 END
START -3504 -804 14996 -2381 5901 7822 END
START -3932 -468 14828 -3066 5319 7606 END
START -4048 -624 14872 -3647 4083 7378 END
START -3664 -1540 14896 -5170 3897 7534 END
START -3728 -656 16036 -6256 3573 7689 END
START -3104 -1280 13952 -3501 4204 7394 END
START -3268 -1324 13916 -2991 4992 7711 END
START -3472 -708 14776 -2274 5141 7827 END
START -4196 -340 13668 -1667 5868 7645 END
START -4768 1256 13968 -1097 5491 6842 END
START -4860 1636 13888 -690 3889 5531 END
START -4180 880 13248 -311 3802 4735 END
START -3948 644 13552 -752 3427 4896 END
START -4632 520 14032 -931 2013 5101 END
START -4404 1164 13560 -1200 459 5384 END
START -4492 1640 13460 -1396 -194 5372 END
START -4776 2000 13184 -1137 -580 5069 END
START -4952 2764 13384 -841 -921 4773 END
START -5376 3716 13424 -450 -1118 3988 END
START -5648 4328 13964 -62 -1112 2950 END
START -5528 4672 13760 468 -901 1929 END
START -6088 4888 14180 1194 -414 1222 END
START -5968 5464 14400 2001 -465 595 END
START -6428 6132 15156 2706 -83 17 END
START -6644 6972 15784 2854 -215 -792 END
START -7060 7812 16328 2911 -338 -1937 END
START -7112 8640 16528 2690 -560 -2958 END
START -7740 9332 17092 2412 -870 -4295 END
START -8336 9872 17408 1766 -874 -5987 END
START -8552 10108 17656 1181 -978 -8027 END
START -8476 9788 17056 1333 -548 -10098 END
START -8560 8876 16536 1964 -257 -11978 END
START -7904 7848 16008 3206 360 -13380 END
START -7352 7376 15708 4382 854 -14147 END
START -7324 7512 15660 4568 351 -15156 END
START -7004 7796 16436 3734 -779 -16614 END
START -6716 7208 16952 2561 -1584 -18767 END
START -4844 5060 16728 2223 -1848 -20839 END
START -3196 2176 17192 2536 -1451 -21733 END
START -1272 -440 17328 2923 -1017 -21978 END
START 1088 -3804 18412 3998 -830 -21404 END
START 3396 -7768 16780 5840 1315 -19342 END
START 4436 -10320 17540 6690 1589 -16368 END
START 5208 -11944 17888 5626 740 -13300 END
START 5284 -12596 18228 3790 -1215 -11030 END
START 5384 -13964 18736 1926 -2407 -9302 END
START 5444 -15220 19160 954 -1949 -6940 END
START 4436 -15060 21104 1054 -405 -4202 END
START 3292 -13988 19828 1731 240 -1232 END
START 2056 -11876 19464 2637 -360 750 END
START 792 -9532 19932 2315 -415 2068 END
START -704 -7728 20088 1715 -84 2525 END
START -1392 -6348 19632 1225 599 2664 END
START -2160 -5436 18940 1064 1754 2747 END
START -2672 -4360 18240 788 2278 2639 END
START -2968 -3704 17652 203 1945 2434 END
START -3152 -3588 17092 -303 1621 2398 END
START -2964 -3256 16516 -621 889 2545 END
START -2712 -2716 16452 -913 965 2850 END
START -2812 -2164 16824 -1337 817 3042 END
START -2712 -1676 16756 -2068 962 3232 END
START -2884 -1180 16888 -2720 1167 3537 END
START -2960 -424 17004 -3551 1215 3979 END
START -3392 -136 17332 -4654 1200 4115 END
START -3824 -364 16616 -5099 1551 3765 END
START -4220 -688 16016 -4848 1916 3021 END