START -5908 -1652 17060 161 1013 411 END
START -7404 -2096 16384 -708 581 591 END
START -4696 -444 15908 138 1248 503 END
START -5860 -2016 15828 773 1763 241 END
START -5428 -2124 15528 1072 1680 305 END
START -5156 -2488 15368 1069 1661 563 END
START -5164 -2608 15500 400 1249 1038 END
START -5300 -2504 15172 -385 837 1409 END
START -5232 -2316 15000 -982 357 1343 END
START -5156 -2260 14208 -1033 142 1095 END
START -4708 -2008 13876 -433 -57 850 END
START -4672 -1988 14092 104 -213 508 END
START -4576 -1800 14548 178 -159 118 END
START -4268 -1868 14444 -5 160 -217 END
START -3716 -2148 13976 146 485 -156 END
START -2916 -2400 13492 416 752 379 END
START -2592 -2480 13432 541 640 1066 END
START -2652 -2372 13600 30 129 1674 END
START -3380 -2284 13256 -565 -408 1819 END
START -3920 -2168 13096 -888 -1451 1624 END
START -4088 -2024 13444 -662 -1708 1417 END
START -4576 -2256 13108 54 -3959 1024 END
START -3728 -1300 14180 566 -5690 505 END
START -3228 -1112 14188 1832 -6398 247 END
START -2920 -2168 14720 2641 -7285 554 END
START -3120 -1968 14052 3860 -7644 967 END
START -3140 -1976 15620 3219 -7867 1301 END
START -3664 -840 14956 3477 -9009 1160 END
START -4108 -1384 14604 4765 -9997 826 END
START -4128 -600 15172 4796 -10424 732 END
START -3532 -644 14260 5657 -10246 246 END
START -1540 584 16356 2318 -7929 -470 END
START -2440 -1104 14508 -1409 -6143 929 END
START -2364 -2000 15380 -493 -5818 1592 END
START -3740 -1360 14464 -171 -6329 2395 END
START -4364 -660 15620 -211 -6889 2663 END
START -4420 16 15184 -93 -7629 2384 END
START -4312 1732 15456 892 -7797 1422 END
START -3120 748 15636 1767 -7751 120 END
START -1624 808 16336 1195 -7934 -554 END
START -1348 -1020 16016 1744 -7346 -575 END
START -788 -2400 15808 1963 -7338 770 END
START -1904 -2652 15776 2873 -7494 2429 END
START -2596 -1724 16568 3461 -8065 4105 END
START -3140 384 17756 3829 -9216 4665 END
START -3172 2140 18844 3742 -10026 4082 END
START -2740 3844 19752 3487 -10122 2507 END
START -2156 3272 19436 2576 -10499 592 END
START -1020 2856 18992 3511 -9458 -640 END
START -2028 1728 19416 4264 -8779 -445 END
START -1920 1812 19792 4878 -9025 -337 END
START -1956 2804 20360 5431 -9309 -679 END
START -1528 3972 21504 4987 -10060 -1223 END
START -1060 4700 22568 4664 -10176 -2430 END
START -136 4720 23128 3125 -10431 -3428 END
START 300 5384 22856 2391 -9153 -3960 END
START -600 5228 21908 2134 -7645 -4151 END
START -2244 5872 20368 3088 -6184 -4734 END
START -3548 6516 20056 5882 -4527 -6524 END
START -2916 6432 20956 6973 -4171 -8561 END
START -2568 6060 23200 9552 -8639 -10902 END
START -740 9004 23836 3626 -5366 -11594 END
START 624 3608 24020 2532 -2188 -12516 END
START 1032 2068 24212 2537 -2543 -11956 END
START 1736 588 23844 2118 -1337 -10590 END
START 1808 264 24828 1975 -474 -9428 END
START 2020 -460 25252 981 49 -8823 END
START 3040 -1152 24732 478 277 -8513 END
START 3964 -1420 24248 447 949 -7686 END
START 4548 -1680 24400 126 1464 -6835 END
START 4412 -2212 24156 -433 1964 -5908 END
START 4196 -2532 23360 -1338 2213 -4861 END
START 3776 -3028 22048 -1725 2804 -3769 END
START 3452 -2352 20732 -2036 3120 -2857 END
START 3100 -2112 20460 -1752 3200 -2343 END
START 3180 -1856 20476 -2323 3171 -1977 END
START 3312 -1268 19872 -3343 3934 -1524 END
START 3036 -1840 19368 -4707 5289 -717 END
START 2384 -1368 18244 -5827 5699 140 END
START 1724 -1592 17088 -6240 5649 483 END
START 2172 -816 15476 -5475 4988 758 END
START 1528 -1536 15612 -3713 2474 186 END
START 724 -1052 16424 -1996 2473 -309 END
START 1040 -2076 16580 -1273 2487 -231 END
START 1252 -624 17292 -931 2368 -24 END
START 1020 -732 18104 -1390 2059 -2 END
START 1016 -228 18796 -1643 1808 -60 END
START 1008 -424 19868 -2302 1655 -95 END
START 1204 -916 20340 -3214 1856 8 END
START 1156 -1672 20504 -3474 1522 186 END
START 1584 -2040 21332 -3787 1534 590 END
START 1188 -3320 21720 -4645 1697 1096 END
START 1168 -4040 22508 -5382 1742 1722 END
START 1448 -4748 23108 -5930 1927 2667 END
START 1292 -5356 23248 -5861 2898 3687 END
START 1372 -4976 23224 -5347 3757 4767 END
START 1052 -4324 23336 -4813 4727 5255 END
START 776 -4188 22636 -5342 5384 5697 END
START 864 -4244 21764 -5196 5917 6165 END
START 144 -4464 21332 -5253 6026 6841 END
START -48 -3588 20764 -5405 5939 7226 END
START 276 -3828 20004 -6074 5923 7911 END
START -56 -3500 18688 -5718 5978 8645 END
START -52 -3896 18696 -5542 6405 9403 END
START -420 -3108 17844 -5163 6733 9945 END
START -772 -2720 17188 -4843 7049 10257 END
START -1212 -1620 16456 -4754 6995 10232 END
START -1860 -1696 15812 -4731 7206 10031 END
START -2000 -2448 15368 -5091 7141 10009 END
START -2292 -1196 14708 -4602 6673 10063 END
START -2888 -2812 12332 -4047 5780 9910 END
START -2740 -728 14540 -3084 5223 9796 END
START -2728 -632 14372 -2556 4372 9904 END
START -2652 -1208 13104 -2506 3505 10097 END
START -2988 -268 13976 -2478 3775 10230 END
START -2912 -712 14608 -3761 3501 10231 END
START -3260 -276 14604 -2691 4141 9899 END
START -3268 320 14340 -2695 4371 9602 END
START -3248 204 13124 -1793 4531 9276 END
START -3484 420 12784 -1703 5030 8972 END
START -3692 296 12032 -697 5113 8611 END
START -4180 868 12384 269 4511 8365 END
START -4764 1108 13032 807 2888 8050 END
START -4444 1836 13424 717 774 7602 END
START -4492 1972 13280 1005 321 7001 END
START -4356 2656 13516 912 -172 6413 END
START -4284 2876 14072 634 -740 5801 END
START -4288 3012 14148 367 -937 5100 END
START -4556 3296 14388 426 -1049 4575 END
START -4624 3168 14812 911 -902 3971 END
START -4616 3392 15216 1797 41 3473 END
START -5144 4016 16168 2229 165 2978 END
START -4868 4280 16488 2385 603 2161 END
START -4604 4784 16640 2727 804 1452 END
START -4596 5200 17092 2848 709 870 END
START -4900 5564 17760 2472 463 428 END
START -4904 6156 17860 1772 45 -12 END
START -5604 6652 17592 1228 229 -424 END
START -6024 7252 17812 670 -218 -1099 END
START -6580 8020 17128 764 -98 -2214 END
START -7088 8812 17332 1410 -140 -3559 END
START -7100 9220 17596 1590 -284 -5288 END
START -6944 9184 17948 1666 -272 -6867 END
START -7172 9180 17992 1367 -83 -7964 END
START -6688 9356 18168 1018 -151 -9108 END
START -6708 9356 17992 478 53 -10360 END
START -7272 9460 18260 -2 -160 -11812 END
START -7140 8916 17916 -214 88 -13723 END
START -7504 8148 18224 -543 121 -15560 END
START -6440 7064 18088 -1037 59 -17728 END
START -5216 4880 17592 -266 808 -19524 END
START -3460 2448 18028 223 1348 -20264 END
START -1952 -136 17632 341 1452 -20314 END
START -868 -3000 17196 734 1847 -19551 END
START 620 -5332 16792 712 1428 -18253 END
START 1892 -8124 15556 743 1171 -17030 END
START 2848 -10208 14872 1434 1482 -14889 END
START 1560 -10688 17388 1229 3153 -12824 END
START 2956 -11432 16260 1281 2347 -11297 END
START 3308 -12676 15832 911 1177 -9519 END
START 3428 -12816 17268 766 -998 -7478 END
START 3464 -13084 17844 496 -1500 -5293 END
START 3544 -12668 18416 420 -541 -2810 END
START 2580 -11424 18540 300 42 -792 END
START 1084 -10384 18984 -255 328 403 END
START 304 -9148 18236 -626 652 1036 END
START -504 -8496 17264 -107 1162 1349 END
START -704 -7524 17068 423 1514 1562 END
START -1052 -7012 16860 115 1283 1793 END
START -1344 -6372 16780 -500 1015 2282 END
START -1940 -5528 17216 -1391 725 2927 END
START -2608 -4340 16840 -1941 678 3356 END
START -3088 -3168 16552 -2226 921 3412 END
START -4148 -2564 16308 -2259 733 3199 END
START -4032 -1916 16168 -2534 190 2923 END
START -4240 -1500 16220 -3009 254 2683 END
START -4244 -1124 15844 -3071 505 2636 END
START -4548 -1036 16016 -3405 170 2607 END