START -5204 -1832 16536 681 263 -122 END
START -6864 -1476 13692 -475 -491 92 END
START -4236 -2012 15220 661 -142 81 END
START -4904 -2280 16376 846 183 72 END
START -4656 -2496 16248 629 720 398 END
START -4780 -2324 15844 500 921 686 END
START -4748 -2152 15216 905 1284 784 END
START -4788 -1868 15652 1053 1065 781 END
START -4432 -1812 15608 806 1062 734 END
START -4428 -1892 15856 516 763 756 END
START -4720 -1812 16004 90 537 745 END
START -4952 -1832 15812 -333 316 616 END
START -4940 -1560 15472 -536 145 340 END
START -4560 -1372 15496 -677 -27 -30 END
START -4140 -1656 15052 -608 95 -359 END
START -3756 -2016 15104 -395 419 -490 END
START -3476 -2080 14688 -65 1238 -571 END
START -2784 -2412 14204 493 2222 -517 END
START -2688 -2392 13796 1035 2654 -238 END
START -2484 -2424 13388 861 2573 77 END
START -2828 -2420 12972 353 1941 217 END
START -2864 -2204 12788 -250 888 246 END
START -3472 -2444 13460 -607 -3261 -30 END
START -2840 -2212 12020 -51 -6971 -469 END
START -2360 -2896 12420 2116 -8123 -1160 END
START -2056 -3188 13084 2504 -8830 -999 END
START -1756 -2784 13848 3802 -7466 -762 END
START -1968 -2692 13572 4390 -7552 -596 END
START -1724 -2164 13108 6874 -6294 -629 END
START -2980 -2124 9360 6638 -6852 -305 END
START -176 -276 16332 -3399 -2413 2107 END
START -2156 -1940 13700 -1551 -4205 1430 END
START -1680 668 14172 -2260 -4813 1457 END
START -3096 -1956 11872 -2546 -4599 1456 END
START -3216 -596 14824 -986 -5828 741 END
START -3456 -1032 13920 500 -5846 160 END
START -2876 -1100 15176 2260 -5614 -52 END
START -2176 76 17888 2622 -5753 -194 END
START -1544 -88 16784 835 -6203 156 END
START -672 1148 17236 1063 -6773 96 END
START -688 -180 17364 700 -6650 364 END
START -1724 -948 17176 590 -6722 810 END
START -2980 -956 17720 935 -7065 1224 END
START -3280 -476 17884 1184 -7012 1195 END
START -2988 -144 17420 2713 -6175 1094 END
START -2664 740 18332 4253 -6214 1071 END
START -2080 128 19528 4193 -7730 927 END
START -2316 2444 18564 1380 -7186 1410 END
START -2860 -336 19984 2387 -7737 695 END
START -2764 244 20504 -393 -8357 826 END
START -2652 168 18572 2258 -8034 146 END
START -1948 -1064 19032 3065 -8096 515 END
START -1056 780 20096 3904 -8338 946 END
START -424 340 20868 3690 -8035 1194 END
START -1424 1000 20584 4001 -7287 1434 END
START -1716 936 20504 4903 -6595 1266 END
START -3120 2272 20628 4992 -6042 772 END
START -2844 3340 24668 5093 -6466 -451 END
START -2640 2824 22500 5117 -6635 -1709 END
START -2744 3932 20952 4397 -6367 -2894 END
START -1632 2976 22280 4185 -6736 -3455 END
START -1740 2992 22356 3567 -6190 -3419 END
START -2120 2436 22640 3560 -5054 -3280 END
START -2592 3276 23504 2968 -4298 -3541 END
START -2524 3552 23564 2489 -3418 -4618 END
START -2120 3100 23036 2086 -2930 -5646 END
START -1460 2800 22540 1901 -2703 -6451 END
START -548 2256 22316 1930 -2351 -7020 END
START -296 1036 21604 2013 -1712 -7041 END
START -404 1252 21052 2593 -804 -6760 END
START -700 1196 21068 3386 -50 -6684 END
START -320 928 21252 658 -872 -6368 END
START -204 1284 21620 943 -715 -6902 END
START 168 1268 20936 10 -460 -6910 END
START 900 696 22244 50 -452 -7107 END
START 1124 420 22492 -1908 -1254 -6740 END
START 2144 -772 22036 -2288 75 -6205 END
START 2448 -1316 22092 -2542 1006 -5526 END
START 3232 -1660 21808 -3588 2246 -4363 END
START 4016 -3032 22136 -5971 3703 -2606 END
START 3380 -2600 20340 -8007 3918 -1484 END
START 1664 -908 19000 -6575 2688 -2043 END
START 3640 -2980 17932 -8979 2613 -1312 END
START 3204 -3484 16532 -6233 2620 -1488 END
START 3264 -3660 17296 -4461 3061 -864 END
START 3700 -3556 17352 -2880 4164 -327 END
START 3444 -4392 15796 -682 4540 982 END
START 2648 -3668 15404 554 4584 1957 END
START 2256 -2856 14816 1107 3552 2439 END
START 1892 -1888 15172 1371 2757 2474 END
START 1676 -1472 15636 931 2096 2111 END
START 1680 -1828 15932 380 1675 2096 END
START 1492 -1900 16120 -590 690 2555 END
START 1388 -1816 16240 -978 -261 2591 END
START 1312 -1904 16508 -593 -984 2577 END
START 1112 -1696 17148 -136 -1004 2803 END
START 804 -1368 18380 -271 -1578 2556 END
START 948 -2072 19212 -429 -1344 2566 END
START 1216 -2408 20272 -1188 -1842 2796 END
START 1512 -2728 21976 -1984 -2212 3236 END
START 1768 -3220 23628 -2955 -2059 3731 END
START 1888 -3564 23788 -3789 -1751 4597 END
START 1816 -3972 24288 -3720 -1281 5466 END
START 1572 -4168 24492 -3323 -198 6602 END
START 792 -4108 24448 -2772 715 7482 END
START -100 -4112 24412 -1862 2689 8157 END
START -1012 -3460 23480 -1303 3649 8600 END
START -1680 -2392 23680 -276 4009 8624 END
START -1708 -1740 23284 1360 1058 8238 END
START -1584 -2116 22960 4535 -1473 7146 END
START -1912 -3996 20764 11343 -1872 6141 END
START -36 -1112 23700 6848 277 8326 END
START -2832 -704 25064 -2200 5010 10600 END
START -1328 -736 22720 -3280 6226 10529 END
START -636 -1100 20752 -3362 7132 10540 END
START -1112 -1344 19608 -2022 8814 10726 END
START -1004 -192 19604 -1185 9496 10495 END
START -892 -288 18768 -927 9485 9988 END
START -528 -456 17484 -2038 9689 10316 END
START -944 900 16568 -1703 9606 10418 END
START -1856 540 16196 -2527 8709 10343 END
START -1992 2116 15252 -2654 7321 9701 END
START -2772 1996 15148 -3771 6794 9159 END
START -3084 2424 14744 -5028 6071 8540 END
START -2952 2428 13604 -2359 6913 6938 END
START -3108 1416 13956 -4499 6827 6772 END
START -3360 3012 15148 -3318 8258 5689 END
START -3984 -552 8012 -2938 8279 5388 END
START -2964 1272 12692 -893 10353 5311 END
START -3532 1836 12956 556 10338 4808 END
START -3608 2612 13500 1653 9227 4263 END
START -3680 3680 14212 1100 7258 3619 END
START -3592 4076 14328 145 5786 2666 END
START -3032 4036 13584 -769 3338 1778 END
START -2620 3356 13904 -1254 2918 1075 END
START -2044 3080 14036 -1373 2639 722 END
START -1932 2824 13744 -1689 2895 911 END
START -1904 3008 13336 -1134 3503 1126 END
START -2596 3716 14256 -519 3120 1293 END
START -3084 4252 14284 144 2255 1098 END
START -3676 4708 14608 186 2786 990 END
START -4360 5828 14756 -117 1824 584 END
START -4572 6548 13668 -68 1329 -405 END
START -5248 7292 13856 196 638 -1564 END
START -5684 7976 13844 242 -193 -3032 END
START -5688 8444 14060 825 -197 -4646 END
START -6508 8268 14984 1542 87 -6025 END
START -6584 7848 15920 1758 1060 -7428 END
START -6504 7416 15936 1091 1363 -8432 END
START -6552 7012 15172 959 1145 -9450 END
START -6748 6792 15108 1155 865 -10537 END
START -6924 6808 16196 833 169 -11770 END
START -6632 6308 16424 246 -138 -13341 END
START -6168 5236 16468 1069 507 -14771 END
START -5984 4300 17020 1614 959 -15833 END
START -5152 2864 17132 1486 1114 -16814 END
START -4124 1236 17356 756 446 -17135 END
START -3240 -260 17144 55 -23 -16893 END
START -2204 -2016 16716 376 209 -16648 END
START -1068 -4328 16704 1914 1477 -15786 END
START -648 -5244 17252 3129 2689 -14488 END
START -452 -5844 17328 3405 2916 -13437 END
START -256 -6268 17200 3046 2419 -12627 END
START 592 -7296 16536 1613 794 -11666 END
START 604 -7820 16180 419 -911 -10569 END
START 1752 -7748 15996 -209 1257 -9324 END
START 1400 -8948 17516 -982 -2398 -8279 END
START 1752 -10036 17220 -781 -1520 -6700 END
START 1196 -9824 18024 382 -225 -4752 END
START 388 -9252 18308 756 281 -3316 END
START 308 -9148 17528 775 1184 -2363 END
START -380 -8996 16280 1482 1470 -1429 END
START -956 -8044 16444 1798 1169 -645 END
START -1452 -7276 16508 945 172 -191 END
START -1592 -6684 16556 109 -869 181 END
START -1892 -6348 16628 -342 -1330 557 END
START -2228 -5964 17072 -321 -1249 1054 END
START -2868 -5184 17948 -578 -1064 1657 END
START -3192 -4268 17468 -644 -466 1879 END
START -3336 -3436 17248 -165 147 1907 END
START -3792 -2604 17720 -303 214 1737 END
START -3724 -2404 17828 -805 151 1416 END
START -3236 -2348 18028 -1052 364 1228 END
START -2920 -2272 18464 -1626 1011 1675 END
START -2824 -2516 18440 -2688 1408 2418 END
START -2796 -2580 17972 -3724 1390 3394 END
START -3084 -1976 17248 -4395 1374 4364 END
START -4712 -1660 17012 -4712 902 4173 END