START -5612 -3520 17288 1868 1370 1000 END
START -6548 -2864 11908 787 627 1322 END
START -5356 -2400 15808 2040 636 885 END
START -5700 -2816 15484 2384 679 531 END
START -5472 -2276 16040 2154 751 331 END
START -5412 -2332 15472 1808 951 70 END
START -5192 -2560 15460 1705 1316 -78 END
START -4940 -2592 15228 1440 1719 -45 END
START -4936 -2324 14676 1038 1697 -237 END
START -4544 -2276 13948 977 1321 -563 END
START -4220 -2572 13608 921 1231 -587 END
START -3832 -2892 13444 645 1277 -617 END
START -3720 -3268 12488 494 1653 -420 END
START -3532 -3284 11004 1293 1767 -216 END
START -3692 -3308 10584 2110 928 -292 END
START -3636 -3296 10940 2545 -21 -276 END
START -3296 -3276 11896 2435 -762 -127 END
START -3356 -3256 12804 1694 -1105 228 END
START -3480 -3224 13380 375 -1320 637 END
START -3388 -2900 12660 -1283 -1887 1017 END
START -4172 -2792 10684 -765 -3426 989 END
START -4284 -2284 10088 1370 -5180 255 END
START -4188 -2640 10032 3655 -7562 -545 END
START -4000 -2204 11876 6257 -9438 -1035 END
START -3420 -3644 13308 6424 -10711 -699 END
START -3460 -3096 14436 8336 -11018 -497 END
START -2324 -2992 14464 14642 -12298 -1141 END
START 3820 -5200 32767 6513 -10675 1396 END
START 1176 6060 12132 -5910 -4214 3507 END
START -1956 -3716 14004 4981 -6236 -186 END
START -708 2168 14004 1690 -7361 724 END
START -1956 -1172 16752 6425 -8012 -85 END
START -2264 -1444 16544 302 -9173 1257 END
START -2592 -236 15724 1566 -10727 931 END
START -2652 -1316 17480 -179 -11278 1103 END
START -1728 -580 17536 1319 -10954 654 END
START -1292 -492 17996 2414 -10004 622 END
START -440 132 17532 4230 -9074 542 END
START -188 28 17924 5539 -8623 709 END
START -728 364 17840 5604 -8498 1316 END
START -1164 376 17992 5587 -9319 1657 END
START -1484 1124 18052 5107 -9860 2072 END
START -2272 2072 18876 5350 -10677 1951 END
START -2524 4232 20196 5069 -11175 958 END
START -1960 5184 20896 5896 -10772 -885 END
START -1460 5224 21204 6137 -10450 -2096 END
START -988 5100 22068 6104 -10839 -3027 END
START -1536 4812 22392 5400 -10710 -3091 END
START -2024 5308 23352 4983 -10114 -3192 END
START -2280 6752 23912 4800 -8720 -3658 END
START -2744 7744 24196 5161 -7260 -4861 END
START -2444 7448 24096 5466 -6044 -6224 END
START -2576 8216 23680 4823 -5014 -7253 END
START -3672 7388 30608 7741 -6297 -8977 END
START -4768 3096 16496 513 -2714 -9976 END
START -1408 6928 20660 4241 -5614 -11839 END
START -696 844 22312 548 -5347 -11850 END
START 1468 3204 24252 3712 -4897 -11886 END
START 2052 -1360 24828 2760 -2489 -10603 END
START 3288 352 24372 3194 -904 -9855 END
START 3928 -2468 24008 2573 -171 -8893 END
START 4408 -2356 22716 2242 345 -7490 END
START 4452 -2864 23516 2278 35 -6628 END
START 4676 -2812 22836 43 159 -5717 END
START 4272 -3196 22060 299 247 -5084 END
START 4248 -4348 20816 -890 491 -3780 END
START 4232 -2444 20924 699 1348 -3297 END
START 4108 -3800 21576 425 2309 -2541 END
START 4332 -2884 20016 170 2896 -1520 END
START 3828 -3064 19244 287 3368 -415 END
START 3196 -2072 18708 -12 3410 310 END
START 3032 -1276 17968 -104 3430 790 END
START 2312 -984 17288 -572 3270 1219 END
START 1788 -144 16352 -531 2835 1322 END
START 1292 -280 16036 -540 2247 1252 END
START 1004 380 15912 -926 1705 1265 END
START 632 616 15856 -648 1044 879 END
START 1076 656 16640 -1254 599 860 END
START 1144 916 17124 -956 576 757 END
START 1516 428 17040 -1139 1016 1085 END
START 1172 1252 17336 -812 1151 1407 END
START 1328 1576 17672 -1109 922 1504 END
START 1332 1716 18244 -1342 615 1615 END
START 1324 2172 19116 -2088 344 1717 END
START 1360 2572 20000 -2163 275 1370 END
START 1336 2192 20360 -2645 334 990 END
START 1644 2216 21500 -2975 75 880 END
START 1824 1352 21776 -3421 620 1065 END
START 1420 1236 21796 -3504 1559 1464 END
START 1116 1720 21820 -3321 2228 1580 END
START 848 1236 22152 -2457 2683 1561 END
START 932 1488 21952 -2529 3326 1635 END
START 1404 -3000 26164 -3699 4560 2321 END
START 1260 -60 23968 -4333 2922 2631 END
START 1216 384 25128 -5779 3050 3351 END
START 768 -924 24520 -5657 4144 3793 END
START 484 -336 23776 -7726 5368 4434 END
START 88 -1340 25240 -7765 6323 4955 END
START 216 -1684 20552 -8143 6572 5831 END
START 232 280 21972 -3825 6360 4579 END
START -640 -2688 22076 -4726 7143 5012 END
START -612 -1324 21296 -5187 7729 5487 END
START -812 -1868 20656 -4059 7815 5832 END
START -840 -1752 20260 -5098 8134 6646 END
START -1172 -1112 19152 -4504 9050 7094 END
START -1404 -1056 18184 -4883 9485 7631 END
START -2064 -96 17184 -4357 9365 7590 END
START -2156 -384 16272 -5542 9624 7772 END
START -2684 -152 15636 -7043 9547 7817 END
START -3348 -408 15588 -7155 8923 7371 END
START -4120 -1868 10664 -4361 6936 6278 END
START -2844 -1356 16484 -5472 6597 6219 END
START -3488 -2728 13228 -5842 5849 6774 END
START -2008 -1268 15272 -3813 4544 6862 END
START -2144 -2780 15112 -5949 4760 8022 END
START -2212 -2396 14952 -5129 6221 8342 END
START -2884 -2304 14736 -4799 6409 8806 END
START -3124 -2116 13680 -3823 5780 8726 END
START -3676 -1952 13020 -2972 6123 8383 END
START -3564 -1260 13612 -2795 6608 7976 END
START -3620 -1156 13724 -2739 4430 7542 END
START -3452 -1312 12932 -3246 3226 7417 END
START -4088 -788 12360 -3435 4030 7446 END
START -3756 -616 12432 -2979 2218 7335 END
START -3508 -208 12496 -2903 1282 7101 END
START -3348 40 12648 -2761 685 7225 END
START -4176 568 13084 -2765 259 6951 END
START -3944 928 12728 -2307 -620 6337 END
START -4184 828 12564 -2240 -559 6030 END
START -4212 788 12356 -1873 -944 5558 END
START -4224 848 12420 -1486 -1516 5164 END
START -3940 1048 12956 -1204 -2315 4669 END
START -3792 876 13108 -718 -2331 4170 END
START -3900 1016 13536 -125 -2191 3724 END
START -3704 1252 13768 889 -2085 3167 END
START -3444 1604 14236 1895 -1202 2899 END
START -3976 2036 15336 1933 -1136 2697 END
START -4288 2648 15640 1388 -1430 2127 END
START -4376 2972 15860 1220 -1366 1697 END
START -4580 3112 15996 1177 -1629 1103 END
START -4708 3488 16536 1475 -1106 629 END
START -4772 4064 17164 1794 -768 53 END
START -5000 4656 17892 1849 -387 -420 END
START -5676 5472 18612 1757 -990 -1336 END
START -5700 6256 19108 1619 -754 -2224 END
START -6156 7020 19380 1552 -454 -3236 END
START -6040 7624 19492 1590 -56 -4427 END
START -6200 8284 19304 1470 824 -5578 END
START -6272 8976 18648 1352 1803 -7062 END
START -6408 9064 18096 1423 1396 -8845 END
START -6304 8680 17216 1344 958 -10692 END
START -5644 8136 17240 1145 173 -12157 END
START -5824 7016 16872 777 -192 -13404 END
START -5380 6112 16700 1076 -548 -14584 END
START -5052 5404 17020 1567 -593 -15588 END
START -4320 4040 16664 2324 102 -16428 END
START -3652 3056 17200 2754 163 -16888 END
START -3096 1560 16988 3010 733 -17294 END
START -2512 84 16828 3686 1032 -17561 END
START -1720 -1320 17572 3991 921 -17549 END
START -1080 -2672 17680 3949 659 -17387 END
START -384 -4476 18052 3788 321 -16966 END
START 1164 -6480 17928 3013 -149 -15864 END
START 1704 -8096 18084 2814 -441 -14103 END
START 2452 -9764 18544 3121 69 -12279 END
START 2676 -10208 19496 3230 630 -10347 END
START 2548 -10476 20128 1948 843 -8854 END
START 2472 -10676 18924 980 479 -7759 END
START 2560 -11216 18384 569 -297 -6620 END
START 2680 -11944 18144 724 -48 -4952 END
START 2312 -11856 18564 1003 694 -2964 END
START 1248 -10788 18876 847 1900 -1174 END
START 812 -9416 17720 789 616 186 END
START 252 -8264 17292 442 505 891 END
START -344 -7304 16988 -68 122 1473 END
START -1024 -6664 16592 -681 181 1954 END
START -1564 -6080 16240 -1040 617 2374 END
START -1804 -5404 15320 -640 998 2788 END
START -2264 -4636 15172 45 1240 3108 END
START -2804 -3616 15960 -205 627 3245 END
START -2912 -2960 16416 -1324 95 3212 END
START -3076 -2500 16636 -2081 -158 3220 END
START -3076 -1892 17512 -3075 -114 3342 END
START -3200 -1264 18280 -4628 -113 3376 END
START -2888 -892 17492 -5513 304 3229 END
START -2796 -1032 17320 -5143 883 3186 END