START -4676 -1924 17356 1246 1508 321 END
START -5524 -1704 12664 490 550 651 END
START -5520 -3132 15060 1030 1361 715 END
START -4824 -1452 15700 1033 1241 544 END
START -4760 -1344 15176 1105 672 413 END
START -4740 -1288 15300 1160 -108 261 END
START -4580 -1176 15876 835 -28 372 END
START -4484 -1048 16020 135 308 390 END
START -4760 -772 15616 -351 448 214 END
START -4360 -652 15108 -726 524 -119 END
START -3864 -648 14572 -837 662 -435 END
START -3664 -1004 13760 -534 746 -906 END
START -2984 -1388 13044 26 827 -1212 END
START -2624 -1752 13072 266 870 -1014 END
START -2484 -2112 13312 -152 632 -568 END
START -2172 -2368 13064 -965 249 -41 END
START -1996 -2628 12080 -1410 8 666 END
START -2172 -2352 10952 -1187 -426 1070 END
START -1960 -1880 10844 -585 -1464 780 END
START -2576 -2856 10964 206 -4578 231 END
START -1736 -2132 11792 440 -6979 -48 END
START -1612 -2840 11772 2127 -8717 -200 END
START -1744 -2668 14272 1231 -10630 342 END
START -2356 -2820 14112 2335 -12005 456 END
START -2676 -2940 13736 3680 -12153 903 END
START -3108 -1716 13448 5303 -11858 1450 END
START -3344 -844 13208 8764 -10360 1083 END
START -6460 -680 13124 1595 -9684 2167 END
START -2704 1204 16928 2373 -5020 1164 END
START -3892 260 17408 2612 -6370 827 END
START -2832 2312 17728 358 -6231 655 END
START -3168 2060 16580 -60 -6879 185 END
START -3012 2432 16072 -478 -7815 -96 END
START -3484 1688 17844 -712 -8815 -563 END
START -3496 1348 18088 -1220 -9186 -1311 END
START -2980 700 17912 -1077 -8774 -1710 END
START -1780 608 17560 304 -8516 -1955 END
START 128 148 17860 1191 -8350 -1678 END
START 1084 -168 18644 1812 -7828 -928 END
START 792 -496 18912 1783 -7388 -62 END
START 704 -852 18200 1498 -7181 771 END
START -436 -1096 17228 1557 -7794 1705 END
START -812 -380 16996 2214 -9004 2011 END
START -1508 1120 18392 2437 -10106 1969 END
START -1416 2572 20700 2745 -11140 763 END
START -460 2300 22096 2395 -10763 -85 END
START -292 1476 22416 3062 -9055 -178 END
START 268 1360 22612 3378 -7556 486 END
START -448 1688 22108 3786 -6475 869 END
START -992 2476 21692 4031 -6557 815 END
START -1620 3632 21216 4659 -6889 225 END
START -1584 4928 21908 5431 -7257 -1031 END
START -836 4984 22484 3628 -7017 -1935 END
START -1068 5172 23380 3375 -6422 -2681 END
START -2136 5756 24220 2529 -6075 -3618 END
START -1300 5052 27280 7019 -5039 -4828 END
START -2404 7252 24856 -447 -4967 -4749 END
START -1632 5288 24012 1046 -5613 -6196 END
START -1032 4820 24472 1378 -3816 -6900 END
START -664 4716 25360 1845 -2091 -7754 END
START 12 4120 24908 1011 -1028 -8552 END
START 804 3188 23972 328 -70 -8616 END
START 1148 1932 22824 -128 738 -8350 END
START 1136 820 21632 -239 1355 -7792 END
START 1168 564 20736 -430 1193 -7458 END
START 1532 804 20524 -398 931 -7597 END
START 2164 -40 20492 -61 1436 -7693 END
START 3076 -1020 19232 811 2704 -7170 END
START 2964 -2016 18996 1828 3452 -6198 END
START 3412 -2064 19020 966 3778 -4968 END
START 3472 -1984 18860 -1455 3659 -4076 END
START 3764 -3072 18396 -4203 3385 -3129 END
START 4012 -3784 18480 -6733 3602 -1977 END
START 4212 -3616 16896 -6493 4344 -841 END
START 3312 -1516 19504 -3571 5615 -554 END
START 2296 -3972 17108 -1761 3918 -450 END
START 1852 -2056 17148 1229 2788 -929 END
START 1700 -2256 16860 559 2396 -530 END
START 1872 -1500 17952 620 1902 -573 END
START 1964 -1868 19020 -242 1890 -309 END
START 2440 -1584 19832 -1154 1531 77 END
START 2840 -1600 20032 -2493 1645 905 END
START 2224 -828 21084 -2421 981 1041 END
START 1992 -372 21328 -2839 874 936 END
START 1436 -620 22380 -3228 741 539 END
START 1224 -1304 22380 -4508 1457 803 END
START 896 -2028 21804 -4479 2412 1137 END
START 808 -2240 22356 -3829 3397 1739 END
START 320 -1800 22456 -3215 4027 2242 END
START 484 -1564 22168 -3243 4608 2506 END
START 236 -1908 21444 -3320 5489 3315 END
START -252 -1104 21208 -2832 5826 3632 END
START -780 -988 21000 -3438 6132 3767 END
START -1028 -820 20524 -3755 5832 3829 END
START -1268 -768 20448 -3554 5306 3647 END
START -1524 -548 21284 -3953 5250 3347 END
START -1280 -692 21108 -4582 5683 3086 END
START -1004 -1048 20528 -4255 6252 2944 END
START -600 -2036 19996 -3420 7573 3282 END
START -812 -2408 20988 -2980 8011 3850 END
START -1148 -2840 20872 -3433 7675 4298 END
START -1284 -2904 20092 -4010 7280 4829 END
START -1496 -2812 19232 -4741 6890 5217 END
START -1060 -3088 18776 -5244 6233 5774 END
START -1132 -4016 18148 -5757 6882 6573 END
START -816 -3528 17656 -4958 7202 7524 END
START -1276 -3596 16604 -2585 7919 8027 END
START -1220 -3444 15792 -2178 8075 8616 END
START -1804 -3160 15264 -2358 7871 9285 END
START -2176 -3048 14136 -2740 7202 9799 END
START -2720 -3112 13928 -3739 6757 10143 END
START -2736 -2412 13160 -4790 5367 9986 END
START -2752 -2136 12564 -5345 4309 9693 END
START -3224 -1464 12620 -4703 4356 9569 END
START -3736 -1332 12916 -4750 3912 9206 END
START -3612 -1544 11120 -3886 3961 9051 END
START -4128 -680 12796 -3685 2921 8679 END
START -3920 -584 12816 -3101 1518 8229 END
START -3720 -572 12640 -3389 1511 8169 END
START -3612 -800 11900 -2951 1078 8092 END
START -4072 -944 12148 -2044 -183 8152 END
START -3412 172 12628 -849 228 8554 END
START -3848 812 13136 -385 -36 8364 END
START -4356 1536 13112 -137 -531 7658 END
START -4116 2100 13800 268 -658 6766 END
START -4288 2380 13968 535 -618 6052 END
START -4268 2516 14736 920 -461 5288 END
START -3976 2524 14660 1021 67 4636 END
START -3984 2820 14944 1140 -181 4076 END
START -3712 3024 15600 1100 -939 3470 END
START -3648 2608 15620 1727 -385 3214 END
START -3584 2996 16368 2750 173 3266 END
START -3692 3600 16684 3005 1010 3332 END
START -3868 4548 16628 2717 1238 3314 END
START -4684 5640 16636 2363 961 2726 END
START -5300 6984 17024 1600 334 1430 END
START -5904 7452 17176 959 -239 -259 END
START -5712 7540 16932 911 -266 -1643 END
START -5628 7268 17060 1278 -32 -2670 END
START -5604 7376 17052 1453 154 -3364 END
START -5632 7772 16900 1549 -77 -4098 END
START -6464 8124 17332 1136 -406 -5206 END
START -6428 8680 17180 880 -605 -6931 END
START -6320 8708 17264 985 -42 -8592 END
START -6072 8512 17928 1012 -175 -10248 END
START -5516 7836 18080 891 78 -11578 END
START -5152 7608 17968 688 278 -12240 END
START -5592 6856 18200 380 295 -13086 END
START -5444 6184 17736 21 -197 -14158 END
START -5044 5224 17680 -75 -438 -15455 END
START -4196 3588 17372 115 -220 -16859 END
START -2440 740 16716 1524 794 -17709 END
START -1472 -1848 16668 2804 2407 -17321 END
START -640 -3996 15960 3797 3215 -16481 END
START 380 -6228 15904 4522 2717 -15383 END
START 1180 -8180 16564 3842 1385 -13652 END
START 1332 -9548 16512 2659 -68 -11480 END
START 1240 -9764 17148 1411 -801 -9485 END
START 924 -9500 17644 1110 -1346 -8487 END
START 1664 -10116 17844 1238 -940 -7765 END
START 1908 -11028 19116 1484 -797 -6359 END
START 1876 -11320 18812 1367 442 -4397 END
START 1512 -10940 18388 1184 636 -2565 END
START 944 -10276 17804 1108 494 -1158 END
START 444 -9456 17840 744 211 -44 END
START -132 -8548 17444 324 220 959 END
START -1412 -7720 17556 0 310 1779 END
START -2376 -6400 17600 -559 459 2343 END
START -3028 -5300 17972 -1182 307 2580 END
START -3492 -4020 18024 -2111 653 2653 END
START -4144 -2824 18220 -2785 951 2268 END
START -4156 -2252 17320 -2810 1797 1719 END
START -4468 -2180 16824 -2481 1991 1407 END
START -4124 -2180 16396 -2409 1905 1668 END
START -3792 -2212 16472 -2773 1375 2488 END