START -5224 -1660 16688 1964 1233 810 END
START -6048 -612 9236 1283 328 993 END
START -8096 -4772 16380 1737 1056 710 END
START -5212 -1436 15432 2224 1577 124 END
START -4984 -1772 15468 2173 1525 -217 END
START -4748 -1952 15224 1601 1757 -311 END
START -4308 -2220 15276 930 1711 -78 END
START -4128 -2288 15220 97 1750 345 END
START -3888 -2060 14944 -454 1659 755 END
START -4240 -2048 14712 -890 1521 909 END
START -4232 -1964 14204 -698 1343 599 END
START -3836 -1928 13472 -327 1246 256 END
START -3680 -2164 12636 361 1598 9 END
START -3212 -2508 12044 1052 1717 -39 END
START -3412 -2876 12384 1040 1173 80 END
START -3348 -3280 12712 689 804 254 END
START -3460 -3528 12992 252 368 812 END
START -3296 -3168 12996 -353 -164 1443 END
START -3592 -2392 12456 -753 -327 2106 END
START -4580 -1232 10656 960 -6048 1769 END
START -4776 -388 11996 1013 -6414 796 END
START -4728 -1048 12248 3095 -8100 -597 END
START -3596 -1756 13172 3417 -8346 -1216 END
START -3044 -1952 14240 3465 -8075 -1131 END
START -3072 -1560 13664 4735 -8088 -1446 END
START -2956 -1464 12940 5069 -8010 -1197 END
START -3216 -1172 12044 8587 -7900 -1489 END
START -3784 -920 15952 9799 -9161 -1151 END
START 1520 -64 16308 323 -5271 823 END
START -3816 -564 16000 565 -4117 -234 END
START -2532 -292 16688 -789 -7053 -210 END
START -2040 1172 16000 -586 -6019 -356 END
START -1552 -1272 19560 -582 -5033 9 END
START -2600 -576 16012 541 -4650 529 END
START -3464 -1136 15004 1366 -4727 1122 END
START -4032 532 14184 3093 -4672 888 END
START -4212 1036 15920 4671 -4847 -10 END
START -3372 1100 17412 3341 -6933 -443 END
START -2308 1252 18212 1732 -8837 -448 END
START -1420 816 18224 927 -8998 -165 END
START -716 -168 18364 652 -9150 212 END
START -1244 -844 17864 1011 -8512 744 END
START -1444 -1264 17640 1947 -8189 1026 END
START -1624 -1432 17432 3618 -7842 1286 END
START -1412 -568 18420 4269 -7804 2059 END
START -1124 608 19596 4968 -8094 2496 END
START -1320 988 20544 4488 -8023 2852 END
START -1424 2148 21032 3568 -8027 2913 END
START -1408 2516 20684 2998 -7748 2560 END
START -2476 3128 19976 3049 -7470 1841 END
START -2092 3984 20028 3825 -7552 775 END
START -2308 3544 20880 4063 -7094 -175 END
START -1644 4256 20784 4864 -6825 -777 END
START -1684 4748 21196 4961 -6430 -853 END
START -1992 6396 21788 4104 -6652 -1497 END
START -1888 5228 21304 3850 -6198 -2018 END
START -2648 5504 21240 3274 -6178 -3040 END
START -2116 5056 22088 3520 -6465 -4213 END
START -2544 4968 21204 3940 -6771 -5240 END
START -1804 4212 23212 2528 -6506 -5918 END
START 336 -592 23664 2490 -4277 -5998 END
START -1756 4184 24560 2295 -5208 -6136 END
START -644 2336 23956 3124 -3585 -6194 END
START -340 2912 24824 4037 -1843 -6146 END
START 388 2420 24972 2794 -861 -6175 END
START 420 2532 24720 1432 -956 -6281 END
START 900 1552 23900 110 -829 -6356 END
START 760 568 22944 -802 -481 -6001 END
START 848 772 22356 -328 391 -5759 END
START 824 592 22348 -149 1161 -5585 END
START 684 896 21796 318 1850 -5588 END
START 784 404 20380 410 2323 -5521 END
START 836 744 20676 587 2673 -5429 END
START 1200 596 20412 -159 2692 -5461 END
START 1700 -12 19984 -1053 2446 -5339 END
START 1728 -424 18980 -2196 2206 -4733 END
START 1948 -468 18668 -1841 2053 -4454 END
START 1940 -700 18776 -1546 2304 -4086 END
START 2128 -1404 18828 -1688 2618 -3649 END
START 2412 -1588 17608 -2164 2370 -3087 END
START 2648 -1668 18160 -2663 1678 -2536 END
START 2772 -1988 18472 -3598 1076 -2146 END
START 3252 -2128 19340 -4429 668 -1851 END
START 3956 -3236 20888 -5072 877 -1101 END
START 3952 -3520 20300 -5984 2301 95 END
START 4136 -3400 20616 -5957 3400 1555 END
START 3096 -3272 20824 -6712 3557 2784 END
START 2416 -3220 20244 -7007 3486 3694 END
START 2432 -3896 19872 -7645 2872 4247 END
START 1712 -2588 20776 -5273 2412 4167 END
START 1052 -3716 21292 -4743 1994 4667 END
START 496 -2592 21856 -3573 2326 5195 END
START -40 -2520 22596 -3838 2855 5470 END
START -532 -2048 22452 -4016 4158 5709 END
START -556 -2052 21944 -3989 5181 6077 END
START -780 -1540 21352 -3495 5950 6192 END
START -1216 -1760 20852 -3034 6579 6492 END
START -1912 -1144 20384 -2993 6989 6941 END
START -2504 -352 20208 -3482 7073 6950 END
START -2876 20 19084 -3935 7106 6629 END
START -3292 -44 18400 -3159 7340 6170 END
START -3116 -340 18748 -2406 7432 5505 END
START -2964 -988 18768 -3106 7743 5485 END
START -3020 -1080 17684 -3318 7658 5508 END
START -3216 -1844 17072 -3075 7000 5710 END
START -3260 -1756 16968 -3801 6100 6124 END
START -3076 -2132 16660 -4574 5161 6460 END
START -2416 -2216 16336 -5217 4918 7060 END
START -2296 -2988 16280 -4892 5582 7960 END
START -2368 -2892 16712 -3920 6076 8752 END
START -2764 -2136 15520 -2686 6118 9093 END
START -3304 -948 14884 -2008 5960 8849 END
START -3988 -952 14568 -1962 5254 8191 END
START -4184 -308 12660 -2604 5011 7724 END
START -4336 -924 14884 -2775 4644 6895 END
START -4012 -1108 13012 -2911 4815 6565 END
START -3832 -2260 11836 -2380 4821 6191 END
START -3208 -2252 14240 -1901 6916 6581 END
START -3584 -604 14840 -1084 5306 6601 END
START -3756 -924 13960 -691 4280 7007 END
START -4312 -332 14312 -940 4567 7292 END
START -4592 244 13796 -685 3981 6755 END
START -4460 948 14076 -375 2076 5975 END
START -4140 628 14084 -390 1550 5131 END
START -3632 324 14188 -190 2115 4629 END
START -3896 216 14732 -20 1961 4425 END
START -3892 152 15084 437 2584 4297 END
START -4708 -32 16732 771 1992 4169 END
START -3952 12 15164 1030 2419 4699 END
START -3704 748 14660 1015 1587 4880 END
START -4048 1336 14736 793 869 4790 END
START -3788 1644 14756 609 342 4621 END
START -4260 2080 15204 255 209 4424 END
START -4372 2404 15352 -122 -641 3789 END
START -4332 2600 15212 -139 -602 3233 END
START -4332 2748 15088 104 -802 2843 END
START -4304 2820 14912 834 -589 2452 END
START -4048 3032 15272 1727 -141 2174 END
START -4020 3464 15736 2215 8 1874 END
START -3648 4156 16148 2138 -171 1536 END
START -3716 4544 16168 1970 -181 1328 END
START -3624 4768 16404 1495 -553 1087 END
START -4056 5224 16620 968 -904 753 END
START -4680 5500 16752 655 -868 307 END
START -5356 5944 16496 772 -851 -395 END
START -5436 6432 16400 1529 -905 -1567 END
START -5828 6820 17404 2133 -312 -2567 END
START -5988 7428 17720 2228 20 -3664 END
START -6204 7856 17852 2079 305 -4788 END
START -6316 8008 17660 1930 229 -5864 END
START -6712 7940 17480 1657 302 -6817 END
START -7092 7980 17384 1616 3 -7956 END
START -7600 7824 17288 1598 -104 -9001 END
START -7700 7860 17336 1852 -262 -10392 END
START -7620 7524 17460 1961 20 -11847 END
START -7068 6912 17316 2025 190 -12911 END
START -6696 6116 17276 2078 336 -14099 END
START -6012 5264 17664 1897 141 -15174 END
START -5288 4148 17856 969 -454 -16044 END
START -4416 2340 17600 791 -575 -16847 END
START -3668 452 17500 1508 244 -16796 END
START -3420 -888 17736 2322 966 -16371 END
START -2724 -1708 17312 2974 1662 -16066 END
START -1792 -3068 16804 3335 1701 -15437 END
START -972 -4308 16688 3397 1317 -14648 END
START -784 -5256 16872 2391 250 -13752 END
START -324 -6268 16780 1567 -426 -13230 END
START 408 -7824 16880 1021 -807 -12693 END
START 1180 -9224 17240 540 -1220 -11565 END
START 1900 -10692 17188 362 -1065 -10044 END
START 2888 -12016 17188 767 -460 -8089 END
START 2764 -12660 17568 811 -51 -5708 END
START 2352 -12600 18408 1080 -5 -3490 END
START 2476 -11784 16644 1189 1023 -1590 END
START 1436 -10492 17060 1693 617 41 END
START 776 -9280 17520 1237 -5 1074 END
START 64 -8508 17200 780 152 1997 END
START -464 -7468 16908 751 189 3179 END
START -1836 -5916 16716 659 218 4199 END
START -2352 -4176 16932 187 -182 4681 END
START -3484 -2692 16788 -451 -230 4781 END
START -4104 -968 16448 -692 -448 4458 END
START -4768 -228 16584 -780 -567 3931 END
START -5076 100 17188 -1168 -684 3190 END
START -5072 312 17936 -1959 -514 2490 END
START -4616 128 18328 -2793 -295 1866 END
START -3920 -292 18744 -3728 635 1511 END
START -3200 -1372 17608 -4012 1564 1657 END
START -3380 -2296 16560 -2511 1489 2343 END
START -2856 -2228 16884 -2207 985 3216 END
START -3696 -2148 17220 -3228 242 3699 END
START -3568 -1832 16800 -3955 -709 4016 END
START -3844 -1500 16584 -4094 -778 3992 END
START -4164 -1548 16496 -3896 -140 3278 END
START -3828 -1228 16972 -3731 -62 2393 END
START -3244 -1312 16212 -4061 196 2016 END
START -3152 -2004 15224 -3377 346 2136 END
START -3348 -2904 14564 -2105 -326 2579 END
START -3808 -2740 15192 -1576 -902 3383 END
START -3956 -2352 15580 -1891 -1508 3821 END
START -4700 -1956 15884 -1585 -1997 3890 END
START -5236 -1736 16108 -1587 -2189 3849 END
START -5500 -2012 14040 312 -5300 3299 END
START -5324 -808 15608 -319 -2914 3337 END
START -5484 -948 15992 -232 -1492 3517 END
START -6268 -820 16752 408 -1960 3110 END
START -6036 564 16988 298 -2914 2544 END
START -6476 -1536 18036 -73 -3834 2422 END
START -5936 864 17944 -476 -4685 1877 END
START -6212 -712 17324 22 -4101 1214 END
START -6124 -448 17872 -697 -2959 1280 END
START -5980 -252 18436 -1004 -2557 1324 END
START -6060 -328 18204 67 -1108 1300 END
START -6004 -48 17872 487 -249 1316 END
START -6248 96 18596 1249 267 1000 END
START -5988 504 19136 1711 -211 486 END
START -5844 176 18508 1656 -986 -159 END