START -5588 -2524 16108 1141 894 665 END
START -7288 -1260 15664 512 -18 883 END
START -4444 -804 16124 856 711 844 END
START -5280 -2092 15484 867 1104 755 END
START -5492 -2152 15684 618 880 868 END
START -5436 -2160 15500 306 850 932 END
START -5676 -2236 15292 360 1076 1000 END
START -6008 -1828 15292 345 980 991 END
START -5948 -1932 15240 339 611 585 END
START -5764 -1892 15576 270 356 445 END
START -5876 -1660 16076 -15 239 250 END
START -5728 -1716 16176 -316 331 -196 END
START -5168 -1996 16172 -713 691 -499 END
START -4540 -2120 15868 -1209 975 -525 END
START -3644 -2288 14824 -1256 1296 -90 END
START -3788 -2604 13916 -790 1510 588 END
START -3832 -2212 13312 77 1288 1184 END
START -4416 -1768 13492 548 641 1193 END
START -4576 -1236 13492 458 -86 809 END
START -4844 -1456 13404 411 -272 372 END
START -5636 -3868 12076 -830 -6531 -630 END
START -4112 -2344 12780 162 -2901 -350 END
START -3656 -2512 13352 547 -4505 -541 END
START -3132 -2720 12736 1442 -3924 -200 END
START -3176 -2116 11264 1851 -2980 848 END
START -4080 -2832 12504 3130 -3777 923 END
START -4696 -1100 13292 3024 -5017 633 END
START -5076 -916 13764 4322 -7281 -548 END
START -4468 -1896 12992 5998 -9523 -1859 END
START -4236 -1756 14236 5725 -11738 -2875 END
START -2832 -1860 15480 6744 -11371 -3130 END
START 2116 -824 9740 -229 -7458 -973 END
START -2804 -2708 14508 167 -4194 -50 END
START -1476 -496 16304 -310 -3150 1204 END
START -2476 -660 15004 -1222 -4530 1617 END
START -2804 -572 16004 -429 -5595 1287 END
START -2692 -440 14564 -1193 -6102 1326 END
START -3080 -404 14456 8 -5966 1130 END
START -2776 -400 15548 1285 -6183 585 END
START -3140 -284 16340 798 -6778 500 END
START -2964 -708 17076 825 -6940 244 END
START -2172 -1064 16608 650 -6917 287 END
START -1700 -1404 16056 1733 -6797 587 END
START -680 -1284 16304 2277 -6976 1446 END
START -576 -716 16676 2893 -7061 2162 END
START -844 268 17432 3117 -7143 2880 END
START -2248 1092 19228 3339 -7212 2776 END
START -2956 1196 19340 2086 -6880 2322 END
START -3520 540 18888 2720 -6467 1842 END
START -3200 1016 18724 3546 -6707 1386 END
START -2624 1220 19052 4622 -7196 799 END
START -1552 1664 20020 4888 -7988 831 END
START -1100 2020 21240 4916 -8652 1033 END
START -424 2660 22112 4505 -8307 1576 END
START -1280 2876 22064 4110 -7745 2037 END
START -2932 4004 20920 4276 -6651 1959 END
START -3692 3320 21356 3382 -4702 1322 END
START -4964 4728 18740 5936 -6064 -802 END
START -4876 5472 19652 6355 -6003 -2532 END
START -3220 5624 21228 5694 -7267 -3665 END
START -2136 5360 22480 4349 -7537 -4569 END
START -1956 5140 22400 3405 -7236 -4911 END
START -2276 5068 22676 2988 -6912 -4928 END
START -3620 5080 23096 2510 -5881 -5260 END
START -3920 5364 23352 2729 -4500 -6247 END
START -3632 5148 23772 3320 -3338 -7610 END
START -3156 3924 27712 6596 -3369 -9312 END
START 728 6656 24064 954 -724 -8914 END
START -372 2528 25628 1282 -1814 -10101 END
START -312 2192 25000 -267 -1644 -9747 END
START -188 724 23932 -865 -754 -9068 END
START -116 -232 24032 -817 142 -8729 END
START 460 -1300 23852 -507 1403 -8294 END
START 1116 -1224 23588 -669 2039 -7722 END
START 1572 -1376 23048 -939 2257 -7360 END
START 1988 -3016 22688 -867 2546 -6787 END
START 2128 -2196 21492 -1437 3245 -5818 END
START 2060 -2616 20996 -1848 3779 -4975 END
START 2380 -2796 19788 -2271 4734 -4140 END
START 1852 -2080 19216 -5839 6012 -2743 END
START 1492 -3464 17720 -6289 5605 -2380 END
START 1516 -2772 16576 -5925 5462 -1909 END
START 1560 -2716 16640 -2753 4630 -2173 END
START 1084 -2916 15960 -1327 3151 -1956 END
START 1616 -1976 16560 -889 3484 -1634 END
START 1424 -2760 15912 -1167 4149 -929 END
START 1372 -2064 15160 -372 4017 -444 END
START 1080 -1932 15672 -678 3160 -54 END
START 1164 -1392 15360 -1116 2421 156 END
START 1312 -1840 15840 -2097 1762 600 END
START 1152 -1168 16244 -2655 810 652 END
START 1404 -1044 17852 -2680 -15 244 END
START 1632 -1576 18912 -4417 -247 335 END
START 2016 -1900 19540 -5225 -664 329 END
START 2116 -3044 20196 -5526 -715 529 END
START 2212 -3932 21584 -5914 -916 1356 END
START 2020 -4336 22216 -6790 -776 2555 END
START 1456 -5112 22568 -7017 -310 3671 END
START 1084 -5044 22052 -7263 503 5202 END
START 556 -4780 22840 -5908 1644 6133 END
START -372 -4728 22948 -4939 2856 6689 END
START -748 -4052 22884 -4037 3942 7047 END
START -1228 -3840 22216 -4015 5249 7308 END
START -1944 -3840 22236 -3888 5052 7051 END
START -1704 -3416 22024 -5394 4585 7124 END
START -1700 -3448 20688 -6515 4951 7695 END
START -2096 -3356 19824 -5541 5276 8247 END
START -2788 -2792 19488 -5332 5771 8729 END
START -2888 -2276 18104 -4895 6075 8825 END
START -3620 -2884 18036 -4757 6362 8943 END
START -3336 -1908 17584 -4452 6189 8781 END
START -3676 -1676 16756 -4259 6115 8586 END
START -3556 -908 15712 -4313 5946 8327 END
START -3976 -952 15280 -4399 4864 7828 END
START -4164 -1432 15196 -4903 3569 7192 END
START -4028 -1984 15284 -5992 2635 7387 END
START -3768 -3356 13936 -4037 666 7427 END
START -3496 -4036 13492 -6543 2423 8935 END
START -3044 -3532 14204 -5635 2862 9775 END
START -2956 -3044 15464 -5612 3903 10776 END
START -3948 -1456 16328 -3701 5359 11067 END
START -4912 -372 14548 -2306 3046 9953 END
START -4964 -660 13892 -849 3538 8617 END
START -5372 -1092 13968 -622 3495 7512 END
START -4700 -1304 13688 -755 3147 6723 END
START -4272 -1784 14052 -791 2462 6346 END
START -3604 -2412 13080 -36 2059 6664 END
START -3540 -2144 13728 131 2541 7411 END
START -3888 -1720 13776 113 1897 7876 END
START -3796 -1344 12768 255 1292 8132 END
START -4664 -256 14200 498 872 7693 END
START -5052 32 15092 1160 504 6645 END
START -4920 292 16360 625 870 5780 END
START -4492 -72 15384 1095 791 5033 END
START -4072 -316 15012 1131 1020 4934 END
START -3656 -240 14200 1492 1632 5192 END
START -3676 588 14728 1585 878 5526 END
START -3500 1000 14292 1658 950 5596 END
START -3992 1844 15184 1514 -304 5385 END
START -4212 2312 15268 1527 -489 5174 END
START -4528 3112 15752 1205 -888 4501 END
START -4788 3568 15984 561 -1497 3314 END
START -4576 3724 15920 391 -1395 2055 END
START -4192 3692 15420 1325 -477 1271 END
START -3884 3752 15316 2796 381 884 END
START -3988 4324 15312 3633 1178 976 END
START -4544 5316 15664 4251 615 874 END
START -4840 6340 16740 4142 219 251 END
START -5252 7036 17872 2641 -171 -610 END
START -5356 7584 17668 1173 -988 -1961 END
START -5236 7636 17084 1123 -724 -3432 END
START -5284 7736 17496 1561 -490 -4798 END
START -5432 7368 17420 1739 281 -6012 END
START -5716 7236 16980 2749 1169 -7060 END
START -6004 7232 16832 3856 1664 -8108 END
START -6016 7192 17724 3692 1632 -9240 END
START -5788 7352 17824 2741 921 -10393 END
START -5800 7248 17924 1936 458 -11650 END
START -5468 6748 17992 1151 63 -12880 END
START -5076 5856 18240 338 -433 -13879 END
START -4616 4496 18124 191 -124 -14603 END
START -4256 3172 18076 268 -38 -15117 END
START -3844 1904 18468 422 327 -15451 END
START -3144 364 18256 707 819 -15640 END
START -2780 -1108 17864 1124 1391 -15325 END
START -2616 -2368 16912 2253 2094 -14755 END
START -2592 -2648 17508 3100 2436 -14272 END
START -2312 -3180 17692 2965 2100 -14272 END
START -1548 -4752 17500 2634 2163 -14105 END
START -612 -6064 17268 1780 1471 -13253 END
START 432 -7292 16940 592 115 -12269 END
START 896 -8852 16668 174 -364 -10821 END
START 1028 -10256 17240 309 -419 -9096 END
START 1060 -11072 17252 568 171 -7340 END
START 1148 -11304 16556 1083 704 -5645 END
START 800 -11240 16360 1374 455 -4158 END
START 304 -10748 16496 1297 -41 -2980 END
START 164 -10240 16656 704 -490 -1963 END
START -92 -9792 16580 317 -327 -1006 END
START -584 -9092 15940 518 237 -16 END
START -1408 -8276 16040 797 167 677 END
START -1908 -7344 16576 730 -19 1150 END
START -2352 -6448 16880 384 -372 1538 END
START -2576 -5852 17236 -393 -592 1998 END
START -3168 -5184 17552 -1179 -401 2357 END
START -3420 -4116 17520 -1684 -52 2392 END
START -3768 -3288 17744 -1914 377 2202 END
START -3560 -3052 17432 -1755 1101 2060 END
START -3968 -3056 17560 -1702 1793 2239 END
START -3964 -3112 17292 -1626 2493 2708 END
START -4092 -2908 17408 -1956 2965 3468 END