START -6012 -1488 16580 1281 1069 229 END
START -7940 384 10272 747 -6 232 END
START -7196 -3500 15436 932 1676 -329 END
START -5284 -1304 15416 2015 651 -483 END
START -5076 -1688 15440 2045 541 -520 END
START -5036 -2012 15500 1504 408 -383 END
START -4828 -2136 15580 459 704 -207 END
START -4420 -2148 15408 -430 1158 -135 END
START -3840 -1992 14952 -1377 1551 126 END
START -3736 -2036 14416 -2224 1786 196 END
START -3708 -1952 12680 -2399 2788 353 END
START -3744 -1600 11708 -1145 2253 63 END
START -3424 -1132 11360 -665 1692 -88 END
START -3568 -1172 11344 -580 1074 -352 END
START -3932 -1428 11504 -1285 501 -779 END
START -3672 -1600 11588 -2082 -87 -1306 END
START -3444 -2012 10512 -1943 -353 -1308 END
START -2540 -1600 10000 -439 -3059 -1123 END
START -2560 -1192 10300 2266 -3985 -884 END
START -2860 -1944 9880 5085 -6427 -1446 END
START -2832 -3288 10700 5034 -7722 -1679 END
START -2752 -1364 11352 7077 -10805 -2312 END
START -3152 -2284 11984 8048 -13124 -2726 END
START -2604 -2316 13100 10618 -15941 -2733 END
START -8252 -7876 568 1828 -17591 -2065 END
START -3008 -3216 13112 3475 -5911 -664 END
START -1836 -2944 15464 907 -7089 778 END
START -1504 -232 13684 3682 -7344 573 END
START -1996 -2264 18516 2591 -8221 1326 END
START -1704 552 17744 2325 -8695 1396 END
START -2280 552 18748 1820 -8778 1359 END
START -2500 1424 18772 1265 -8974 1032 END
START -2796 1236 18412 1175 -9231 599 END
START -2776 1824 19076 1700 -9612 -182 END
START -2464 1120 20028 1609 -9771 -668 END
START -1656 640 20568 1309 -9817 -722 END
START -916 256 20856 1754 -9212 -233 END
START -644 320 20636 2701 -8457 482 END
START -580 1220 20776 3450 -7939 982 END
START -556 2056 20928 3914 -7445 1174 END
START -1788 2456 21128 4332 -6927 1160 END
START -2308 3432 20992 4184 -6651 713 END
START -1756 3340 20532 4416 -6648 -117 END
START -1708 3108 20420 4327 -6698 -709 END
START -1052 2636 20592 4322 -7123 -1307 END
START -176 1960 21128 4581 -6670 -1188 END
START -144 2140 20780 4760 -6093 -714 END
START -952 2468 20952 4955 -5426 -317 END
START -1192 3200 21036 4617 -5687 -612 END
START -1804 3628 21564 3932 -6452 -1378 END
START -1184 4084 22096 2985 -7279 -2214 END
START -1084 3804 23020 2324 -7363 -2600 END
START -796 3936 23440 1721 -6748 -3315 END
START -8 4640 22836 1115 -5342 -4042 END
START -196 4384 23004 2471 -3498 -4397 END
START -884 4228 22460 2639 -2455 -4958 END
START -1052 4100 22136 2892 -1611 -5289 END
START -2812 4716 17648 5062 -1170 -5963 END
START -2236 4224 22628 4320 564 -6477 END
START -896 4088 10004 7799 -6538 -7549 END
START -1632 6292 21592 3073 -1126 -8165 END
START -376 4844 23292 1055 -288 -8434 END
START 48 3400 21812 -542 36 -8277 END
START 288 2436 20744 -1055 231 -7875 END
START 772 2252 20464 -799 549 -7389 END
START 948 864 20288 -988 716 -7024 END
START 1476 936 19840 -1210 661 -6764 END
START 1976 -284 19624 -1431 46 -6384 END
START 2976 -604 19088 -1862 -28 -5765 END
START 2964 -1536 19180 -1761 -172 -5047 END
START 2984 -1736 19368 -2655 -264 -4464 END
START 3344 -2712 18708 -1715 270 -4089 END
START 3664 -3152 17700 -1218 1252 -3174 END
START 3584 -3824 17828 -9 1455 -2180 END
START 3420 -3080 18248 319 1317 -1212 END
START 3316 -2640 18828 -129 1502 -706 END
START 3180 -2508 18808 -1415 1438 -31 END
START 3164 -2012 18984 -1691 1389 534 END
START 2808 -2384 19028 -2158 1210 985 END
START 2604 -1664 19516 -1999 1174 1044 END
START 2660 -2020 20924 -2679 724 1133 END
START 3076 -2048 21708 -3364 234 1580 END
START 3516 -2320 22800 -4791 -75 2400 END
START 3324 -2200 23992 -6688 -252 3541 END
START 2144 -1892 25552 -7517 -390 3835 END
START 2200 -1684 23504 -8626 2787 4401 END
START 1292 -2724 24228 -8288 3383 4908 END
START 1400 -2336 22252 -8670 4398 5488 END
START -404 -2524 22448 -5350 4727 5252 END
START 228 -1676 23168 -4413 4871 5495 END
START 476 -1572 23020 -4806 5975 5874 END
START 448 -1728 22284 -4840 6688 6466 END
START -344 -1584 21340 -4892 7004 7161 END
START -948 -1292 20568 -5215 6976 7474 END
START -1468 -696 19728 -4789 6883 7426 END
START -1976 -608 19824 -4475 7253 7220 END
START -1936 -1028 19508 -4339 8034 7089 END
START -2044 -1524 18196 -3499 9068 7348 END
START -2376 -1592 17932 -2435 9721 7621 END
START -2560 -1240 17512 -2217 9560 7912 END
START -2976 -700 17092 -2776 8531 7937 END
START -2932 -948 16896 -4157 6875 7868 END
START -2828 68 14940 -5281 5970 7796 END
START -3212 -1336 15128 -5362 5453 7560 END
START -3024 -1568 15080 -5795 5123 7602 END
START -2956 -2080 15568 -4316 4745 7417 END
START -2472 -1836 15588 -3852 4319 7578 END
START -2656 -2012 14580 -3362 5190 8108 END
START -2904 -1536 14620 -2456 6080 8407 END
START -2508 444 17964 -1962 6989 8307 END
START -3540 -1560 13080 -2379 6337 7996 END
START -3096 956 15964 -3373 5075 7724 END
START -3088 -1400 13132 -2586 5926 7394 END
START -4096 -3712 10500 -1586 3112 7103 END
START -2828 -1152 14560 -409 6569 7358 END
START -3576 -256 15636 -539 5310 7375 END
START -3276 -152 14532 384 5432 7146 END
START -3360 -584 13440 1432 5144 6681 END
START -3484 -412 13392 1911 4488 6356 END
START -3672 -128 13448 1736 4496 6178 END
START -3988 208 14088 1725 3426 5948 END
START -3912 120 14008 1244 3213 5822 END
START -4040 280 14440 772 353 5359 END
START -3520 192 14548 486 -18 5049 END
START -3244 -24 14980 630 154 5028 END
START -3876 112 15816 685 287 4961 END
START -2988 532 15472 806 1558 4667 END
START -3104 696 15772 629 1087 4539 END
START -3132 716 15604 588 1450 4523 END
START -3068 868 15924 420 1912 4570 END
START -3508 1248 15468 594 2567 4734 END
START -3580 2076 15080 1073 2479 4582 END
START -3848 2660 15276 1405 1143 4273 END
START -3924 3260 15176 1258 696 4126 END
START -4248 4276 15064 906 47 3985 END
START -4668 5264 15112 854 -156 3617 END
START -5332 6400 15460 483 -540 2858 END
START -5756 7464 15304 35 -743 1740 END
START -6356 7872 15240 -186 -872 284 END
START -6408 8180 15144 -246 -1140 -1127 END
START -6592 8188 14852 237 -1160 -2612 END
START -6464 8012 15228 1324 -822 -4008 END
START -6368 7644 16044 2284 -273 -5043 END
START -6144 7692 16864 2269 80 -5687 END
START -6052 8140 17152 1858 -165 -6495 END
START -5884 8276 17072 1293 -477 -7786 END
START -6604 8228 17560 815 -1101 -9282 END
START -6444 7916 17844 283 -1534 -10982 END
START -6344 7152 18400 -12 -1079 -12408 END
START -6164 6152 18456 238 -483 -13519 END
START -5520 5428 18324 1021 494 -14417 END
START -5520 4624 18148 2040 1168 -14944 END
START -5084 3544 18768 2487 1673 -15602 END
START -4608 2324 18748 1547 1538 -16215 END
START -3536 112 17560 692 1227 -16755 END
START -2684 -2164 16736 725 1283 -16448 END
START -1988 -4296 16228 1348 1325 -15661 END
START -1416 -6188 15176 2429 1411 -14580 END
START -1012 -7728 15300 4560 1857 -13267 END
START -424 -8836 16324 5269 2023 -11597 END
START -160 -9492 16384 4348 1361 -9967 END
START 8 -9680 16688 2804 -126 -8453 END
START 56 -9792 16948 1375 -1121 -7326 END
START -208 -10076 17720 275 -1809 -6256 END
START -112 -10576 17912 24 -1431 -4917 END
START -364 -10732 17680 769 -192 -3031 END
START -796 -9820 17644 1708 425 -1253 END
START -1336 -8452 17492 1678 152 -35 END
START -1996 -7036 17620 1106 -490 677 END
START -2168 -5800 17664 501 -1155 1003 END
START -2620 -5032 18212 -79 -865 1368 END
START -3324 -4164 18224 -529 -119 1753 END
START -4228 -3012 18560 -839 499 1828 END
START -4404 -2072 18176 -1198 1194 1822 END
START -4612 -1400 17908 -1262 1760 1862 END
START -4848 -460 17968 -1961 1910 1887 END
START -5104 -184 17892 -3043 2323 1781 END
START -5436 -92 17612 -3668 2629 1625 END