START -4488 -2680 17200 531 735 1101 END
START -4800 -1720 10808 -481 -397 1363 END
START -3996 -464 16364 -37 116 1010 END
START -4924 -2128 16200 369 301 842 END
START -4668 -2096 16428 508 804 720 END
START -4984 -2200 16204 799 885 802 END
START -5244 -2124 15652 994 1097 689 END
START -4856 -2000 15420 1333 551 553 END
START -4728 -1924 15744 1290 590 745 END
START -4920 -1784 15940 880 311 884 END
START -4744 -1392 16224 30 104 900 END
START -4808 -1308 16472 -1003 -116 591 END
START -4436 -1808 15220 -1643 46 -38 END
START -3556 -2460 13828 -756 1099 -157 END
START -3260 -2856 13488 580 1701 7 END
START -3008 -2928 13356 1301 1546 212 END
START -2996 -3060 13728 1656 1221 464 END
START -2884 -3248 14312 1397 909 746 END
START -2776 -3164 14984 328 315 1001 END
START -2696 -3076 15244 -1087 -246 1179 END
START -2616 -3156 14384 -2183 -749 1354 END
START -2308 -3088 12688 -1265 -261 1758 END
START -2884 -2920 12692 433 -592 1868 END
START -2912 -3056 13632 1261 -1104 1581 END
START -3356 -4380 12960 1671 -3975 1527 END
START -2956 -2736 15644 1886 -3495 1842 END
START -3028 -2932 15388 1543 -5205 1629 END
START -2940 -80 19196 643 -6775 1378 END
START -1768 -788 14692 819 -6498 1532 END
START -1952 -2100 15180 1220 -7407 1874 END
START -1776 -1016 13536 1569 -6654 2156 END
START -2444 -776 14608 3020 -4928 2363 END
START -4452 -2648 14256 3436 -5767 2288 END
START -4760 -996 14988 4363 -6652 2171 END
START -4908 -296 14628 5200 -7645 1809 END
START -4984 768 15968 6970 -9741 938 END
START -1480 -2164 27172 4889 -8956 563 END
START -1856 588 16160 233 -5451 -487 END
START -1568 -1696 16064 204 -5508 -207 END
START 120 -1376 16160 -865 -4288 851 END
START -740 -2572 14932 325 -2719 2329 END
START -2336 -1700 14796 1201 -3231 3228 END
START -3800 -764 14452 1663 -4379 3295 END
START -4572 1016 14092 2574 -5291 2549 END
START -4268 1220 16012 3610 -6275 972 END
START -3228 692 17564 2860 -7549 309 END
START -1528 624 17984 2195 -7773 343 END
START -68 16 18100 2156 -7068 1116 END
START -336 -108 17256 2389 -6413 2279 END
START -1120 856 16848 3144 -6824 3303 END
START -2036 2708 16976 3568 -7521 3336 END
START -2616 3672 17732 4107 -8060 2360 END
START -2464 4052 18272 3556 -8928 1372 END
START -2192 4436 19280 3184 -9485 223 END
START -2080 4096 19568 2332 -9501 -960 END
START -1912 3240 19268 2561 -8930 -1599 END
START -1268 3828 19036 2764 -8650 -1571 END
START -1544 2968 19080 3727 -8146 -1555 END
START -1204 4260 18776 4336 -8316 -2184 END
START -968 3908 18236 5654 -9168 -3204 END
START -228 5304 20852 3759 -8992 -3160 END
START -1316 4692 22312 2930 -9317 -3883 END
START -1208 4256 22420 1616 -9981 -4769 END
START -1152 3404 22776 2029 -9298 -5420 END
START -964 3564 24796 1788 -9111 -6169 END
START -60 2692 25608 1804 -7986 -6798 END
START 732 1456 22404 1881 -6358 -6266 END
START 300 -1068 21860 3262 -2793 -6372 END
START 856 3376 28656 3924 -1491 -5599 END
START 28 4244 27600 1733 -1418 -5286 END
START -952 4172 26404 1490 -337 -5763 END
START -1216 3568 25672 563 362 -6434 END
START -1100 3448 24908 423 751 -7518 END
START -328 2788 24696 -373 389 -8161 END
START 616 2064 24440 -1102 630 -8348 END
START 1012 792 24416 -1290 1492 -8213 END
START 1984 -68 23672 -1589 2271 -7556 END
START 2296 -724 23116 -1325 3617 -6485 END
START 2364 -1276 22700 -1089 4720 -5464 END
START 2492 -880 21648 -1178 5344 -4639 END
START 2768 -908 19324 -1504 5823 -4165 END
START 2960 -1004 19468 -1830 5161 -3745 END
START 2312 -1024 18208 -2693 4499 -3642 END
START 3024 -1608 17488 -3014 5358 -3429 END
START 3156 -2224 17380 -5910 6519 -2273 END
START 3020 -2840 15168 -7100 6840 -1247 END
START 2872 -2420 12856 -4900 6736 -704 END
START 2624 -3152 15980 -3299 4687 -352 END
START 2800 -2136 13452 -1077 3474 -140 END
START 2748 -2804 13532 -255 3818 446 END
START 2104 -2108 13328 63 3829 870 END
START 1688 -1644 13788 580 3280 908 END
START 1376 -1172 12884 -50 2171 988 END
START 1000 -736 13044 30 1239 777 END
START 1000 -572 13392 -637 444 759 END
START 904 -228 13536 -977 -37 673 END
START 1032 -588 13828 -1244 -243 678 END
START 844 -1000 13864 -268 -69 822 END
START 1160 -580 14696 207 23 1303 END
START 652 -864 14792 203 -76 1817 END
START 420 -524 15008 350 -478 2271 END
START -316 544 15772 437 -1312 2286 END
START -696 684 16256 917 -2788 1503 END
START -708 752 16876 554 -3346 908 END
START -580 1472 16936 278 -3032 601 END
START -888 1076 18176 11 -2710 247 END
START -408 1264 18876 -1250 -2334 206 END
START -816 836 18304 -1433 -1806 121 END
START -408 944 17872 -1169 -1896 60 END
START -220 848 18416 -175 -1877 181 END
START -208 832 19160 -111 -1791 438 END
START -296 956 19756 242 -1839 415 END
START -76 1080 19720 264 -1588 544 END
START -156 1656 20980 120 -1684 669 END
START -116 1388 20948 -1164 -1365 701 END
START -416 972 18496 423 -809 43 END
START -36 1840 19536 -195 -370 -4 END
START 64 1484 19524 -438 84 -254 END
START 60 1200 18908 -747 314 -258 END
START 200 1252 18600 -182 302 -292 END
START 728 1276 18716 155 307 -67 END
START 644 520 19232 39 398 319 END
START 628 916 19316 -112 712 653 END
START 596 1040 19840 -82 792 753 END
START 336 1352 20408 -547 611 642 END
START 672 1392 20832 -927 416 255 END
START 724 1056 21256 -1853 428 84 END
START 404 296 21000 -1994 15 -187 END
START 492 -172 22256 -1359 -328 -600 END
START 376 -1428 23368 -2210 -209 -491 END
START -88 -3220 24616 -3071 963 319 END
START -1000 -4312 26048 -4568 1470 1541 END
START -1124 -4288 26320 -3276 1530 2166 END
START -928 -4276 26948 -2347 2200 2708 END
START -348 -4332 27224 -2545 3921 3564 END
START 92 -4356 26828 -2382 6581 4496 END
START 212 -3916 25864 -1702 8754 5456 END
START -192 -3160 24660 -631 10294 6042 END
START -844 -2048 23356 -747 10741 6300 END
START -1284 -1332 22056 -1125 10693 6154 END
START -1528 -1212 21064 -1953 10065 5815 END
START -1380 -760 18780 -3592 9201 5808 END
START -1212 -800 18740 -4135 8483 5721 END
START -1404 -676 17708 -4863 7700 5713 END
START -1248 -348 16660 -5473 7564 5582 END
START -1456 -1048 16572 -6972 8578 6095 END
START -1904 -1432 15484 -7770 9661 6506 END
START -1424 -1408 16596 -7607 11237 6664 END
START -1784 -3888 11532 -6468 9146 6392 END
START -2176 -2892 12308 -5246 7950 6500 END
START -2152 196 15276 -4969 10566 6707 END
START -2244 16 14428 -3657 8475 6004 END
START -2204 -672 13124 -2872 8236 5640 END
START -2636 -104 13444 -2151 7486 5540 END
START -2084 -696 12540 -1280 6689 5559 END
START -2592 -200 12972 -2277 6075 5914 END
START -2656 380 12440 -3073 4920 5773 END
START -2732 584 12056 -3419 3279 5266 END
START -2488 460 11708 -2523 3550 4934 END
START -388 1352 12204 -2205 3383 5011 END
START -1524 -240 12016 -606 3302 5278 END
START -2076 260 13628 -453 3010 5685 END
START -2668 888 12732 -625 2644 5826 END
START -2984 1376 12200 -925 1284 5822 END
START -3520 1920 11832 -1027 -27 5517 END
START -3820 2596 12096 -1154 -1316 4940 END
START -3964 3128 12296 -1241 -1751 4331 END
START -4056 3828 13152 -1238 -2728 3822 END
START -4504 4836 14316 -1381 -3213 3463 END
START -4936 6252 14480 -1573 -3172 3018 END
START -5836 7560 14780 -1186 -2743 2014 END
START -6780 8248 14448 -116 -2035 585 END
START -7632 9076 15452 1219 -1303 -983 END
START -7984 9812 16328 2212 -179 -3279 END
START -8084 10172 17240 2291 644 -5649 END
START -7764 10228 17268 2577 1211 -7687 END
START -7580 10020 17388 2118 1159 -9161 END
START -7492 9620 17488 821 337 -10478 END
START -7696 9128 17600 -468 -602 -11732 END
START -7284 8204 17800 -1622 -1332 -13284 END
START -6736 6928 18164 -2072 -1410 -14876 END
START -5824 5932 18800 -2251 -789 -16493 END
START -4552 4112 18424 -1192 558 -18441 END
START -3140 1536 18240 468 2328 -19359 END
START -1868 -1124 18320 1295 3796 -18941 END
START -936 -3228 17532 997 3836 -17935 END
START -68 -4996 16264 808 2765 -16682 END
START 740 -6772 15428 746 1301 -15361 END
START 1608 -8824 15456 976 637 -13794 END
START 2364 -10396 16100 1351 650 -11873 END
START 2696 -11572 16404 966 414 -9368 END
START 2796 -11492 16444 643 -531 -7166 END
START 2404 -11376 16740 311 -1088 -5225 END
START 2084 -11168 16780 290 -1362 -3591 END
START 1348 -10776 16948 526 -999 -2065 END
START 572 -10080 17108 1134 -151 -686 END
START -704 -8880 17300 1356 489 195 END
START -1240 -8048 16908 1314 604 506 END
START -2052 -7296 16540 1281 568 779 END
START -2644 -6604 16728 986 -145 674 END
START -2976 -6176 16568 699 -125 680 END
START -3260 -5668 16768 654 -666 525 END
START -3232 -5328 16980 369 -839 399 END
START -3156 -5252 17444 292 -1026 483 END
START -2960 -5024 17640 539 -481 927 END
START -3036 -4988 17528 575 332 1605 END
START -3252 -4364 17696 115 372 2206 END
START -3828 -3864 17812 -824 168 2454 END
START -3584 -3428 17456 -1642 -315 2485 END
START -3400 -3260 17588 -1988 160 2627 END
START -3528 -3256 18288 -2610 356 2701 END
START -3376 -3324 17776 -3071 942 2870 END
START -3704 -3916 16684 -2797 1504 3160 END
START -3748 -3592 16532 -2014 1440 3476 END