START -4716 -1360 17508 881 2087 -103 END
START -4508 -872 11144 -560 1084 202 END
START -3264 368 15644 269 1804 -49 END
START -4308 -956 16500 182 1639 -427 END
START -4236 -1624 15724 145 1638 -519 END
START -4104 -1924 15388 327 1089 -537 END
START -3936 -2280 15244 203 860 -240 END
START -3772 -2244 15216 -186 867 123 END
START -3488 -2304 15148 -579 781 545 END
START -3344 -2464 14544 -776 768 916 END
START -3272 -2468 13908 -574 1055 1198 END
START -3472 -2496 13468 -32 1298 1333 END
START -3232 -2272 12996 851 1041 1365 END
START -3100 -1908 12600 1855 1004 1443 END
START -2920 -1792 12268 2888 1045 1602 END
START -3060 -1760 12112 3715 1142 1977 END
START -3540 -1816 12148 4129 1306 2460 END
START -3792 -1728 12320 3881 1454 2810 END
START -5640 -772 17572 2161 -844 3229 END
START -4284 -1016 10500 3721 -3146 3090 END
START -4148 -864 11952 7245 -6204 2547 END
START -3692 -1856 11792 9216 -8285 2363 END
START -3532 -188 12384 11113 -8752 2206 END
START -3356 4 13860 12757 -10420 1884 END
START -2200 1812 11340 6210 -3828 2006 END
START -3716 636 13752 3257 -3653 2650 END
START -4040 -668 15256 2836 -4446 2580 END
START -2772 1504 15696 1284 -5287 2512 END
START -2748 376 16176 871 -5728 2759 END
START -2092 1256 16548 -8 -5704 3242 END
START -2372 1052 16316 345 -5598 3385 END
START -2544 1720 17072 -318 -5722 3404 END
START -3200 1996 16948 371 -5508 2665 END
START -3268 2120 17324 -124 -6087 2053 END
START -3212 2596 17852 267 -6478 793 END
START -2804 1980 18060 -480 -7400 -243 END
START -2020 1192 18392 -258 -7720 -1026 END
START -1132 432 18704 116 -7202 -749 END
START -644 616 18956 1119 -6879 -384 END
START -628 132 19400 1540 -6710 183 END
START -872 196 19628 1471 -6783 1055 END
START -1300 940 19092 1040 -7362 1646 END
START -2032 1936 18012 1613 -7974 1260 END
START -2068 2176 18336 1980 -8832 280 END
START -1232 2828 18948 2124 -9627 -699 END
START -772 2400 19900 2259 -10032 -1288 END
START -324 2960 20852 1969 -9704 -1381 END
START -320 2756 21072 1391 -8984 -1191 END
START -284 4012 21312 -805 -8715 -393 END
START -848 3172 19488 2000 -8497 -1134 END
START -684 6012 21400 2985 -8709 -1901 END
START -1044 4880 18260 2543 -7343 -2567 END
START -752 6188 20300 6935 -6296 -4498 END
START 1760 4696 20176 3742 -7894 -3395 END
START -2212 3692 21080 -1306 -11132 -4098 END
START -12 5920 24848 615 -8766 -5444 END
START 88 4816 21972 627 -7946 -5372 END
START 384 5592 22528 1354 -6913 -5421 END
START 224 5152 21924 3005 -5151 -6041 END
START 408 5728 21700 3661 -3938 -6554 END
START 448 5468 21232 4597 -3172 -7126 END
START 200 4708 21236 4526 -3237 -7309 END
START 224 4516 20872 3864 -3517 -7309 END
START 20 4444 20272 3650 -3931 -7599 END
START 388 4240 20460 3299 -4608 -7923 END
START 588 4176 20696 3008 -4858 -8163 END
START 844 3512 20884 2869 -4731 -8209 END
START 996 3508 21112 3123 -4512 -8133 END
START 1908 3348 20232 3663 -3650 -7914 END
START 1648 2656 22896 4148 -2423 -7373 END
START 572 5332 24408 5444 -576 -7797 END
START 928 2660 25820 2466 -394 -7429 END
START 1032 4772 24824 295 -498 -7671 END
START 1532 3984 24072 911 518 -8434 END
START 1844 2848 25248 -842 856 -8434 END
START 2352 1336 25504 -324 1122 -8376 END
START 2864 1052 26036 -434 2456 -7822 END
START 2700 468 25844 -952 3488 -6942 END
START 2904 200 25544 -1381 4719 -5990 END
START 2856 72 24820 -1428 6458 -4979 END
START 2692 1752 25328 -604 8878 -4361 END
START 2088 -1112 22688 -1544 8915 -3324 END
START 1940 2532 22828 -602 10033 -3107 END
START 1064 624 21656 -219 10596 -3065 END
START 628 2176 21120 49 10666 -3157 END
START 548 1472 20080 368 10748 -3391 END
START 264 1476 19696 -108 10252 -3309 END
START 468 1576 19524 -168 9501 -3126 END
START 448 1428 19672 -1387 9127 -2632 END
START 180 1196 19456 -2487 8799 -2120 END
START 160 1016 18684 -3650 9024 -1640 END
START -40 1196 18700 -4785 9462 -1190 END
START -220 1320 17448 -5909 10145 -891 END
START -812 432 16844 -5931 10527 -863 END
START -908 764 16152 -4805 11467 -1075 END
START -908 208 16052 -3966 11615 -1050 END
START -1256 216 16116 -3371 11172 -996 END
START -1148 476 16392 -3755 10679 -773 END
START -1652 52 15428 -4301 9904 -540 END
START -1672 -572 14744 -5180 9243 -33 END
START -1608 520 15392 -5444 8836 604 END
START -1888 408 15008 -5004 8244 927 END
START -2172 312 14880 -4418 7970 939 END
START -2428 252 13680 -4397 7999 1049 END
START -2468 196 13432 -4373 7801 1172 END
START -3064 420 13076 -4288 7537 1022 END
START -2796 296 13756 -4633 6803 865 END
START -3152 300 12960 -4500 5280 712 END
START -3008 172 12940 -4918 4490 815 END
START -2932 -116 12232 -4846 4380 1114 END
START -3200 -124 12356 -4427 4461 1540 END
START -3392 124 12136 -4182 4255 1887 END
START -3616 548 11880 -3998 4028 2023 END
START -4236 1008 12096 -4232 2873 1847 END
START -4416 1108 12176 -4896 1748 1398 END
START -4408 1068 12136 -5690 881 1007 END