START -3788 -1888 17532 2000 1315 1779 END
START -4108 -1332 12072 841 238 2373 END
START -3068 -1016 14860 1667 923 2302 END
START -4512 -1536 15904 2046 1409 2565 END
START -4212 -772 16184 2132 1998 2778 END
START -5040 -84 16528 1861 2081 2474 END
START -5244 200 16800 1064 1894 1668 END
START -4724 84 16344 375 1893 675 END
START -4000 28 15744 48 2016 300 END
START -3640 -284 15324 -194 2076 459 END
START -3440 -680 15344 -608 1896 666 END
START -2948 -916 14928 -1086 1551 934 END
START -2728 -1528 13852 -1216 1533 1438 END
START -2636 -1748 12936 -713 1561 2008 END
START -2880 -1464 12200 -366 1428 2351 END
START -3048 -644 11764 31 843 2207 END
START -4104 -920 10112 732 -4297 1423 END
START -4208 1716 10184 3477 -5092 482 END
START -3772 -940 13096 3902 -8237 -105 END
START -3696 268 11764 5694 -8532 -911 END
START -3640 -1796 12768 6862 -10467 -1436 END
START -2580 -56 13688 8902 -11315 -1370 END
START -4108 -1732 10596 10602 -11392 -788 END
START -2944 -536 13476 318 -4862 1685 END
START -2892 664 13516 3046 -3323 768 END
START -2820 1488 15136 1611 -4922 873 END
START -3336 2936 14448 2611 -4926 183 END
START -3676 2584 15584 2831 -5874 -679 END
START -3248 4440 15912 3415 -6726 -1647 END
START -2908 3168 17452 1557 -8121 -2057 END
START -2468 3920 17156 1216 -7482 -2902 END
START -2048 2932 17040 917 -6823 -3215 END
START -2016 3164 16588 2042 -6599 -3617 END
START -2068 2716 17280 2398 -6694 -3725 END
START -2228 2880 17664 2563 -7178 -3915 END
START -1644 3004 18636 2083 -7587 -4080 END
START -1388 3524 18924 1489 -7841 -4312 END
START -1272 3360 18884 911 -8119 -4881 END
START -1440 2964 18896 1212 -8111 -5433 END
START -1832 2580 18572 1746 -7939 -5658 END
START -1740 2668 19780 2027 -8386 -5752 END
START -1612 2556 20580 2068 -8787 -5895 END
START -1040 3452 21236 1957 -8698 -5869 END
START -1180 3744 21460 2206 -8278 -6043 END
START -1712 4056 21908 2124 -7767 -6277 END
START -2616 3792 22104 2281 -7348 -6622 END
START -3140 4020 22208 2349 -6753 -7025 END
START -2852 4908 22968 2394 -6545 -7796 END
START -2400 5044 23752 2365 -6523 -9101 END
START -1396 5116 24016 1978 -6051 -9901 END
START -1368 4492 24676 1936 -5504 -10358 END
START -1348 3300 24576 1682 -4404 -10323 END
START -1920 2596 24256 1574 -3137 -9778 END
START -2028 2784 24712 1701 -2465 -9769 END
START -1772 2468 24248 1932 -1992 -10181 END
START -1416 2436 24932 2111 -1679 -10545 END
START -540 1784 25612 1494 -2076 -10773 END
START 644 472 26452 1170 -1707 -10400 END
START 1012 -412 26876 650 -716 -9351 END
START 856 -944 27140 -87 995 -8078 END
START 860 -896 26872 -1322 1724 -7132 END
START 532 -1028 26696 -1022 3625 -7027 END
START 932 -1236 26164 -1025 4426 -7177 END
START 1664 -1892 25792 -1112 5428 -7185 END
START 2404 -3132 25652 -1477 6824 -6389 END
START 2648 -3904 24728 -2020 8358 -5049 END
START 2240 -4148 24048 -2073 9432 -3436 END
START 1608 -3468 23012 -2285 9604 -2254 END
START 916 -2836 22712 -1974 9283 -1874 END
START 496 -2480 22580 -1903 9234 -1941 END
START 508 -2572 21764 -2771 9793 -1706 END
START 612 -2228 21032 -3460 10872 -1095 END
START 340 -2576 19924 -4091 11806 -360 END
START -152 -2412 19088 -4579 12569 300 END
START -628 -2516 19812 -4609 12823 711 END
START -1740 -4092 14776 -2692 13074 381 END
START -1404 -2696 16108 -5500 11548 1122 END
START -1304 -1356 15772 -6657 12223 1252 END
START -1664 -2572 14580 -4611 12650 735 END
START -1708 -700 16332 -5441 12144 796 END
START -1892 -576 16132 -5455 10549 949 END
START -1392 -1376 13996 -5200 9546 1149 END
START -1464 -1404 13184 -5188 9860 1577 END
START -2004 -892 13908 -5402 9469 2061 END
START -1904 -1440 11696 -5839 8926 2372 END
START -2048 -920 11276 -6392 7217 2567 END
START -2316 -840 10488 -6591 7065 2789 END
START -2488 -724 9736 -5944 6993 2710 END
START -2944 -272 9752 -5415 6280 2612 END
START -2948 -220 9644 -4603 4253 2411 END
START -3192 20 9268 -3877 3575 2119 END
START -3436 -4 9252 -3225 3361 1769 END
START -3584 -100 9208 -2655 3280 1362 END
START -3516 -276 9664 -2705 2752 1286 END
START -3464 -528 9208 -3056 1468 1586 END
START -4088 -208 9292 -3155 33 1579 END
START -3988 488 10152 -2790 -818 1909 END