START -2364 -580 15840 2789 -4419 2675 END
START -2700 -668 14996 2400 -4707 2973 END
START -2900 404 16376 2506 -5680 2916 END
START -3364 1600 16872 1652 -7294 2299 END
START -3004 2368 17560 797 -8805 1198 END
START -2520 2128 17892 -92 -9322 474 END
START -2160 2276 17588 -42 -9374 0 END
START -1760 2052 17572 631 -8991 -376 END
START -2204 1260 17568 2047 -8146 -697 END
START -2196 1480 17632 3300 -7152 -694 END
START -1740 1472 17968 4424 -6168 -832 END
START -1228 2512 18400 5159 -6263 -1015 END
START -1144 3492 18420 5194 -6686 -1480 END
START -664 3364 19272 4658 -7308 -1797 END
START -968 3300 19948 3912 -7751 -1770 END
START -1108 3412 19972 2878 -8024 -1712 END
START -2216 3492 19792 2244 -8036 -2155 END
START -2088 2928 18676 2047 -8141 -3059 END
START -1608 3108 18280 3541 -7956 -4128 END
START -264 2704 18688 4619 -7904 -4754 END
START 488 2536 16928 4810 -6957 -4562 END
START 704 2108 20316 5810 -6796 -3896 END
START 564 3252 20656 5159 -6589 -3544 END
START -116 3072 21536 3877 -6966 -3469 END
START -692 3940 21732 1811 -7596 -3606 END
START -704 3632 21476 1242 -7751 -4617 END
START -376 3276 21020 1268 -6850 -5602 END
START 244 3040 20980 2329 -5712 -6393 END
START 1240 2752 21172 3082 -4350 -6573 END
START 1136 2912 21228 3773 -3420 -6254 END
START 488 3136 21892 3677 -3476 -6103 END
START 528 3736 22348 3132 -3723 -6222 END
START 108 3228 23160 2557 -3764 -6355 END
START -1304 3292 22040 3835 -3878 -5967 END
START -352 1880 24560 -125 -2734 -6476 END
START -172 4008 25096 391 -2585 -7108 END
START 304 3060 25552 -1026 -1845 -7463 END
START 704 3672 25144 -283 -957 -8055 END
START 924 1888 25568 -254 39 -8195 END
START 1360 1856 25224 -135 1035 -8004 END
START 1784 1080 24984 95 2131 -7456 END
START 1464 640 24924 115 2667 -7026 END
START 1520 816 24920 -155 3213 -6789 END
START 1888 -60 24840 -756 3698 -6417 END
START 1840 144 24624 -1729 4853 -6035 END
START 2052 -1040 24852 -2869 6242 -5371 END
START 2604 160 26760 -2126 6329 -4829 END
START 1788 -964 24368 -2172 6463 -4799 END
START 1924 -740 22760 -1425 6823 -4349 END
START 1688 -1548 23128 -749 7251 -3977 END
START 1412 -1296 22596 -116 7534 -3690 END
START 1164 -1456 22540 -772 8206 -3115 END
START 1144 -1340 21964 -1427 8891 -2703 END
START 1356 -1496 21304 -1811 9456 -2119 END
START 1284 -1612 20764 -2300 9712 -1294 END
START 964 -1432 19804 -2548 9927 -572 END
START 596 -908 19612 -2872 10265 -49 END
START 244 -1172 19072 -3218 10518 363 END
START -76 -824 18524 -3662 10815 689 END
START -640 -1064 18172 -3806 10758 693 END
START -976 -936 18372 -3828 10155 487 END
START -784 -828 17256 -4324 9525 465 END
START -640 -972 16464 -5135 9021 668 END
START -252 -1884 15852 -5705 9210 1044 END
START -60 -2332 15476 -5642 10259 1853 END
START 400 -804 20532 -3494 10658 2669 END
START -1188 -2268 15208 -5162 12441 3576 END
START -1544 -1888 13076 -4002 12299 3772 END
START -2072 -220 13772 -4564 9679 3477 END
START -1888 652 14120 -5220 8260 3160 END
START -2516 -324 12468 -5602 7276 2819 END
START -2384 -48 11940 -6457 7189 2768 END
START -2508 -232 12508 -5702 7702 2597 END
START -2832 340 11744 -4720 6037 2223 END
START -2868 216 11448 -4290 5027 2000 END
START -2736 160 11076 -3746 4367 1841 END
START -2896 424 11680 -4186 3557 1789 END
START -3016 504 11520 -4538 2363 1710 END
START -3048 284 11628 -4921 2311 1801 END
START -3344 528 11280 -4775 1920 1969 END
START -2788 1772 11416 -5206 5692 2262 END