START -5224 -648 17340 626 1495 586 END
START -7148 1160 12456 -1732 574 763 END
START -4452 -1888 14388 -381 943 464 END
START -4648 -1012 15976 253 694 166 END
START -4084 -1684 15040 613 786 395 END
START -3568 -1720 14820 816 1051 1005 END
START -4044 -1748 14988 658 816 1709 END
START -3844 -1288 14956 213 269 1873 END
START -3440 -1284 14740 -158 180 1911 END
START -3524 -844 14928 -539 218 2013 END
START -3528 -508 14904 -1187 229 1681 END
START -3656 -616 14760 -1882 587 1034 END
START -3312 -664 14424 -2197 535 410 END
START -2920 -1012 13360 -2179 659 -27 END
START -2268 -1144 13292 -1319 -395 37 END
START -2420 -2616 10464 542 -1767 596 END
START -2128 -3428 11220 3286 -3655 1170 END
START -2596 -2160 11448 5174 -4095 1740 END
START -2948 -1924 11504 7632 -6178 1404 END
START -1992 -2492 12192 11451 -6409 1295 END
START -2592 348 12644 14720 -9214 768 END
START -1944 2776 13520 -2547 -3583 3739 END
START -3320 -1872 15312 822 -3357 1708 END
START -2324 916 14216 -2506 -5299 2159 END
START -2520 -556 12992 -153 -5700 1730 END
START -2208 -488 14480 -986 -7027 2294 END
START -2056 -196 13684 187 -7875 2205 END
START -2188 -120 13796 1329 -7748 2404 END
START -2640 -396 14816 2379 -8113 2690 END
START -2952 688 15120 3325 -8035 2866 END
START -3684 1016 15896 3939 -8418 2561 END
START -3500 2712 17040 3766 -9311 1911 END
START -3456 3552 18128 2794 -10526 942 END
START -2700 4172 18564 1859 -11675 -163 END
START -1908 3356 18844 1388 -12202 -783 END
START -1656 2540 19204 1509 -11707 -667 END
START -1840 1916 18960 1993 -10661 -359 END
START -2360 1924 18924 2918 -9671 -131 END
START -2928 3360 19084 3857 -9603 -583 END
START -2432 4132 20016 4321 -10028 -1561 END
START -2012 5196 21132 3486 -11029 -2833 END
START -816 4612 22012 2169 -11877 -3894 END
START -316 4188 22620 1541 -11738 -4288 END
START 468 3888 22508 1709 -10380 -4089 END
START -184 3704 21964 2165 -8825 -3402 END
START -772 3760 20520 3545 -7657 -3444 END
START -928 4720 20192 5131 -7075 -3776 END
START -1080 5812 20596 6162 -7021 -4698 END
START -872 6236 21604 5739 -7392 -5978 END
START -456 6008 21696 4677 -8310 -7239 END
START -64 5100 21796 3105 -8884 -7658 END
START -104 4664 21484 2161 -8817 -7698 END
START 88 4292 20956 2121 -8891 -7858 END
START 620 4672 21792 2911 -8372 -8179 END
START 1096 4504 22784 3186 -7683 -8603 END
START 4148 6232 31196 6093 -5687 -8970 END
START 2388 7360 26456 5427 -3037 -8533 END
START 2496 3568 26456 5046 -4073 -8511 END
START 1592 4164 24196 3160 -2934 -8457 END
START 1356 3424 23756 2567 -2704 -8688 END
START 1212 4128 22600 1568 -3268 -9230 END
START 2252 3012 21828 1006 -3376 -9498 END
START 2240 3036 22104 1778 -3017 -9288 END
START 2112 3124 23436 1447 -2854 -8990 END
START 2436 2908 23504 1039 -1478 -8475 END
START 2020 2600 23488 1491 199 -7782 END
START 1680 3340 23856 1682 1558 -7445 END
START 1436 3360 24756 1298 2418 -7668 END
START 1344 3212 24256 478 2810 -7751 END
START 1920 2940 25380 -1049 3519 -7666 END
START 2612 2040 25276 -1900 4224 -7304 END
START 2200 1880 25116 -1668 5566 -7033 END
START 5548 1260 21116 -3709 8405 -5060 END
START 2020 -952 24732 -5327 9079 -5116 END
START 708 -1688 20852 -5884 8635 -4307 END
START 2192 568 23464 -3150 9593 -4431 END
START 2368 -4 23272 -2082 9803 -4361 END
START 2464 20 22684 -2873 10346 -4208 END
START 2436 -452 21896 -2458 11059 -3956 END
START 2396 -744 21328 -2824 11681 -3180 END
START 2184 -864 21472 -2632 12107 -2374 END
START 1724 -632 19700 -2584 12271 -1700 END
START 1160 -592 19888 -2953 11895 -1288 END
START 1328 -912 19808 -4568 12051 -676 END
START 808 -832 18148 -5426 12693 33 END
START 844 -1036 17860 -6142 13448 794 END
START -128 -1084 17256 -6529 13801 1307 END
START -756 -508 16892 -5848 13040 1264 END
START 280 992 20732 -5343 13139 1267 END
START -836 -344 15376 -6225 12617 1436 END
START -1648 -1632 12748 -5382 12453 1552 END
START -1760 -2040 12604 -6232 12519 1753 END
START -1828 -524 15220 -7504 11000 1966 END
START -2276 -172 13444 -7284 10647 2035 END
START -2716 -1820 12460 -5979 9085 1890 END
START -2412 -652 12268 -6549 9490 2295 END
START -2200 -484 11132 -5669 8621 2310 END
START -2864 440 12300 -6634 7755 2472 END
START -2684 256 11188 -6179 6388 2526 END
START -2804 484 10740 -6396 5750 2619 END
START -3884 520 11032 -6215 4107 2483 END
START -3564 1132 10300 -6268 3806 2213 END
START -3636 1016 9820 -5491 3261 1568 END
START -3320 780 9744 -4525 3219 1321 END