START -5460 -1324 15840 746 1614 1250 END
START -5848 -8 7868 -678 511 1404 END
START -7188 -4652 14520 -520 1303 1171 END
START -5656 -728 15720 584 419 644 END
START -5220 -816 15116 595 422 281 END
START -4716 -700 15184 467 359 58 END
START -4900 -932 15148 -32 549 121 END
START -4672 -984 14648 -561 477 -5 END
START -4392 -1332 14232 -528 400 -114 END
START -4048 -1584 13856 -269 245 67 END
START -3616 -1476 13780 -88 251 323 END
START -3612 -1328 13824 -126 7 400 END
START -3312 -1108 13784 -374 -425 328 END
START -2972 -1264 13292 -542 -784 386 END
START -3188 -1408 13656 710 -1961 411 END
START -2516 -3016 12700 1087 -5183 484 END
START -3160 -1896 11944 4116 -6766 -182 END
START -2156 -1328 12512 5144 -6516 -158 END
START -1616 -2764 11776 7770 -5996 426 END
START -740 -2056 10832 9319 -5204 1590 END
START -2804 -1340 11072 -1988 -2415 4395 END
START -3356 -3928 12740 709 -3960 3925 END
START -2556 -44 10364 -1213 -5934 4260 END
START -3032 -1160 13148 1164 -6914 3790 END
START -3104 1160 14244 178 -8233 3521 END
START -2696 720 15444 1008 -8514 2448 END
START -2260 1452 15752 999 -8722 1876 END
START -2108 972 16300 1361 -8698 1552 END
START -2368 832 15996 957 -8846 1261 END
START -2204 520 15672 1240 -8973 1065 END
START -1940 1068 15140 1974 -9307 966 END
START -1892 1764 15308 3356 -10002 527 END
START -1940 2752 17168 3570 -11198 -59 END
START -1692 2572 18104 3406 -12022 -988 END
START -1564 2492 19152 2780 -12256 -1367 END
START -1416 2504 19956 2253 -12303 -1733 END
START -1492 2824 20468 1600 -12029 -2215 END
START -1324 2836 20708 1572 -11662 -2893 END
START -372 2996 20968 1946 -11558 -3507 END
START 840 1992 21508 5129 -11374 -4254 END
START -188 2252 18820 5140 -9459 -3768 END
START -112 336 23920 5661 -9201 -3421 END
START -392 3788 23428 4150 -7738 -3448 END
START -1092 1644 24404 4102 -7900 -3918 END
START -648 2608 24236 -3734 -9734 -3117 END
START -8 3832 25988 2880 -7985 -5201 END
START 796 2228 24284 -1206 -8079 -4526 END
START 784 4320 23544 2052 -7005 -5513 END
START 636 2508 23504 2516 -5891 -5366 END
START 420 4252 23104 2793 -4203 -5472 END
START -652 2452 22844 2677 -3243 -5747 END
START -828 3504 21628 1683 -3253 -5811 END
START -812 2940 20668 1607 -3503 -6164 END
START -716 3664 20808 998 -4139 -6671 END
START 44 3456 21008 608 -4379 -7114 END
START 3364 3200 26628 1266 -4924 -6746 END
START 392 5144 23004 2039 -3465 -7796 END
START 888 1100 20644 2311 -2517 -7392 END
START 300 2764 20780 2518 -1836 -6904 END
START -128 1816 21972 3537 -1542 -7077 END
START -460 3356 21732 1526 -1934 -7331 END
START 148 2912 22704 1076 -2508 -8227 END
START 808 2808 21712 -193 -2064 -8441 END
START 1220 1888 22652 34 -1303 -8683 END
START 1416 988 22836 -459 70 -8554 END
START 1184 920 22616 439 1070 -8343 END
START 1444 24 22852 1008 1861 -7936 END
START 908 252 22344 1377 2002 -7755 END
START 1568 712 23388 1215 1693 -7527 END
START 1396 248 23752 534 1752 -7282 END
START 1728 752 24020 -890 2580 -7015 END
START 1768 -500 24460 -628 3038 -6753 END
START 1616 -456 23780 -1123 4212 -6279 END
START 1700 -260 23792 -1963 6421 -5887 END
START 1180 -1144 22296 -4396 8554 -5239 END
START 2416 -1820 24604 -5845 9386 -4493 END
START 2452 -1648 23240 -5789 9090 -3617 END
START 1880 -3192 21920 -2100 8776 -3311 END
START 2084 -1780 22464 -431 9048 -2710 END
START 1744 -2052 21936 -485 9435 -2259 END
START 1408 -1472 21056 -963 9545 -1760 END
START 1220 -1844 20624 -966 9561 -1464 END
START 996 -1588 20176 -1231 9947 -980 END
START 664 -1360 20024 -1201 10253 -615 END
START 644 -800 19824 -1814 10663 -250 END
START 96 -764 19628 -1849 10656 -19 END
START -32 -720 18912 -2979 10468 319 END
START -48 -920 18324 -3222 10137 580 END
START -552 -856 18024 -3396 9940 1109 END
START -976 -920 17944 -3787 9824 1298 END
START -1204 -848 17224 -4310 10084 1370 END
START -1316 -908 16384 -4551 10544 1531 END
START -1728 -2644 14776 -3539 10982 1492 END
START -2504 -412 15896 -3745 8604 1537 END
START -1568 -232 18024 -5064 9193 1834 END
START -1328 656 17648 -5949 8796 1962 END
START -2876 -3228 14212 -4211 7255 2058 END
START -1724 -1004 15940 -4972 9946 2944 END
START -1924 -2020 13348 -3831 8958 3300 END
START -1928 -1260 13852 -4608 9302 3918 END
START -2384 -880 12912 -3953 8469 4097 END
START -3452 -840 12856 -3374 6032 3940 END
START -2780 -184 12112 -3771 5329 3938 END
START -3320 148 11976 -4438 4871 3850 END
START -3520 448 11364 -4988 4700 3587 END
START -3780 888 10896 -5413 4528 3141 END