START -4292 -2544 15252 708 1874 1464 END
START -4120 -2000 10084 -794 648 1931 END
START -2540 -1056 12864 724 1014 1628 END
START -4032 -3024 14000 1132 1023 1728 END
START -3700 -2868 13780 1022 1455 2247 END
START -4396 -2596 13688 800 1802 2391 END
START -4576 -2280 13520 572 1469 2122 END
START -4200 -2132 13172 376 884 1731 END
START -4368 -2012 12992 419 697 1539 END
START -4228 -2168 12852 653 74 1168 END
START -3464 -2032 13052 856 -446 895 END
START -3032 -1908 13124 830 -710 1057 END
START -3224 -2196 12980 -152 -2593 1173 END
START -2660 -1648 13092 81 -1504 1482 END
START -2928 -1688 12560 1338 -4671 1429 END
START -2860 -2072 13004 3577 -6179 1456 END
START -3088 -1996 11980 5363 -7539 1422 END
START -3148 -1372 12640 7944 -7327 1102 END
START -3316 -1572 11592 10615 -9315 587 END
START 2296 1168 13324 3146 -3414 2452 END
START -1824 1980 13368 1874 -4422 1442 END
START -3136 -916 15592 3437 -5014 707 END
START -2444 564 15004 1652 -5543 735 END
START -2664 -404 14808 1056 -5778 600 END
START -2736 -688 14964 251 -6669 740 END
START -2128 -564 15068 429 -7474 821 END
START -2184 124 18044 202 -8684 1397 END
START -1756 164 16596 -1595 -9644 2204 END
START -2296 1604 17340 -1417 -10889 2593 END
START -4464 3568 20416 -3864 -13966 2683 END
START -4212 7160 21300 -6171 -15950 1328 END
START -2012 6680 25788 -9137 -17586 -895 END
START -4844 7944 31192 -14866 -20744 -4541 END
START -796 4980 15232 -8365 -9585 -4194 END
START -1912 -4048 15668 12515 -1878 -6692 END
START -244 -2108 15276 13263 5767 -4076 END
START 1312 516 21472 23719 5613 -3514 END
START 1284 -1152 24236 12896 4196 -170 END
START 2224 1464 19000 9920 1102 720 END
START 1248 168 20176 4282 -4529 3239 END
START -1764 3180 16940 -1059 -7948 4836 END
START -2260 2176 22736 1152 -8565 2422 END
START -3112 6276 21288 -2138 -8705 1480 END
START -2452 3080 17768 5975 -8549 -2670 END
START -1456 5000 17852 4102 -7319 -3436 END
START -236 2868 17772 7523 -5047 -5100 END
START 912 3168 19940 6013 -5821 -5317 END
START 1764 3372 20628 4089 -6768 -4694 END
START 600 1972 19772 1711 -7389 -3666 END
START -152 1928 19496 1602 -7569 -3216 END
START -252 2872 20148 618 -7305 -3100 END
START -560 3148 21088 703 -6654 -3467 END
START -928 4288 16560 16 -5291 -4088 END
START -588 3316 20048 3393 -6812 -5910 END
START -316 4088 20676 2927 -6930 -7139 END
START -44 4028 21612 4036 -6361 -8016 END
START 52 3124 24316 2796 -6423 -8028 END
START 152 3520 23872 2226 -6485 -7984 END
START 168 3080 23904 1751 -6095 -7882 END
START 800 3640 25960 737 -6068 -7997 END
START 716 3300 26436 1103 -5343 -8153 END
START 1096 2824 26076 772 -4353 -7877 END
START 5056 304 32767 -2268 -109 -6453 END
START 736 2412 26112 -386 -2534 -7870 END
START -200 3328 28116 -2450 -706 -7862 END
START 512 1648 28144 -5555 -972 -6847 END
START 2476 2880 24192 -2804 2070 -8174 END
START 1760 40 27560 -6015 3856 -7198 END
START 2528 -1932 27780 -3375 2191 -7995 END
START 3120 2604 23804 -9337 5882 -6136 END
START 820 -5492 25848 -8031 6903 -5905 END
START 1180 -2836 24768 -5048 7250 -5285 END
START 316 -2888 24876 -4017 7127 -4635 END
START 1496 -2720 23392 -4031 7918 -3613 END
START 1000 -2608 22776 -3669 6998 -3199 END
START 1216 -2692 22460 -3701 7725 -2485 END
START 1248 -2424 21292 -4160 10408 -2258 END
START 464 -2808 19216 -501 8951 -2804 END
START -376 -1200 24184 -692 5460 -2708 END
START 192 -2232 18716 5520 5084 -3394 END
START -328 -5672 17964 17264 5466 -5970 END
START 1704 452 20776 6031 6165 -2620 END
START 1500 -2228 22288 2506 8724 -2401 END
START 852 -2616 19184 -3086 7889 -1057 END
START 1356 -1884 18404 -6715 9606 29 END
START 804 -2916 18320 -11280 10780 1374 END
START 480 -2180 17164 -12277 11741 2228 END
START -760 -6012 13988 -8120 11856 1850 END
START -304 -964 17064 -2554 10814 1408 END
START -824 -2400 15992 -1831 10483 1157 END
START -236 -2144 15872 -1220 10353 552 END
START -96 -1624 15772 -2896 9642 1070 END
START -48 -2576 14992 -2921 9437 1454 END
START -344 -2572 13832 -4181 9229 2290 END
START -784 -2856 12940 -4571 8894 2906 END
START -1096 -2796 12328 -4778 8091 3225 END
START -1516 -2028 11460 -4694 6722 3402 END
START -1824 -2044 11984 -3989 4622 3100 END
START -1868 -1104 12196 -4761 3125 2939 END
START -2036 -744 11988 -5104 2039 2724 END
START -2208 -488 12136 -5503 1909 2487 END
START -2224 -312 12560 -5577 1414 2172 END
START -2532 -896 12656 -5048 1720 1839 END
START -2204 -920 12436 -4658 3303 1902 END