START -5040 -1752 17588 1615 911 -731 END
START -6916 588 12032 380 365 -509 END
START -5108 -2824 15888 1380 1082 -690 END
START -4824 -1148 17524 1535 838 -935 END
START -4492 -1720 17024 850 850 -712 END
START -4704 -1960 16972 210 407 -433 END
START -4708 -2172 17072 -606 -170 4 END
START -4520 -2024 16796 -1231 -568 274 END
START -4572 -2144 16636 -1665 -1071 229 END
START -4592 -2400 16416 -1749 -1038 91 END
START -4300 -2992 15852 -1440 -687 58 END
START -3904 -3164 15456 -923 -72 196 END
START -3304 -3284 15220 -411 273 524 END
START -3140 -3600 14872 -132 338 1021 END
START -3136 -3200 14896 6 84 1447 END
START -3436 -3312 14520 -421 -39 1570 END
START -3136 -3120 14432 -785 -412 1510 END
START -2732 -3228 13776 -1122 -886 1582 END
START -2424 -2564 13728 -1188 -1122 1728 END
START -2912 -2284 13824 -1345 -1259 1538 END
START -2868 -2540 13832 -1338 -1399 1174 END
START -2612 -2616 13564 -1144 -1395 1255 END
START -2880 -2620 13292 -1033 -1329 1488 END
START -3156 -2592 13292 -948 -1704 1635 END
START -3208 -2288 12792 30 -7379 1322 END
START -2620 1212 13764 2719 -7272 941 END
START -3144 -3576 13932 2900 -10080 1147 END
START -2792 -900 12788 4911 -9085 1153 END
START -3200 -1168 13424 5671 -9444 1316 END
START -3356 -1544 14636 7571 -7836 1523 END
START -4452 644 13800 10834 -10404 296 END
START -3716 1728 15684 -1462 -6052 1137 END
START -4096 -1084 16852 -148 -5579 -356 END
START -2484 876 16456 -1163 -5614 -638 END
START -1816 -80 16476 284 -4774 -779 END
START -1180 -184 16412 804 -4266 -417 END
START -1784 -208 15812 1816 -4199 -25 END
START -2448 -308 15060 1987 -5428 211 END
START -2772 692 14516 1337 -6248 133 END
START -3324 -28 15936 1201 -7196 -396 END
START -3152 1300 16572 691 -7907 -1284 END
START -2208 1552 16760 667 -8207 -2630 END
START -988 1336 16668 566 -8537 -3255 END
START -172 424 16268 1164 -8836 -3333 END
START 144 -452 15948 2163 -8680 -2904 END
START 636 -932 16712 3006 -8713 -2011 END
START 344 -628 17112 3551 -8620 -1005 END
START -16 652 18100 3920 -8848 -599 END
START -92 2172 18320 4043 -8790 -1046 END
START -360 2272 18624 4188 -8659 -1819 END
START -644 2132 18420 4022 -8617 -2310 END
START -532 1532 23252 7110 -9672 -3469 END
START -804 4224 18200 7107 -6383 -3623 END
START -1044 -628 21456 5777 -8027 -3297 END
START -804 5708 20716 7809 -6822 -4359 END
START -456 2384 22772 6550 -7790 -4898 END
START 228 5476 23460 5237 -8942 -5429 END
START 756 2736 25560 3047 -9338 -5830 END
START 796 3360 24876 1446 -8367 -5791 END
START 580 1476 26532 490 -6912 -5697 END
START 260 2436 23460 1069 -4280 -5721 END
START -380 -448 22004 991 -3508 -5709 END
START 244 3320 23128 3109 -2494 -6513 END
START 712 2812 24532 1992 -2989 -6784 END
START 796 3620 23616 1055 -3892 -6936 END
START 1508 2732 22728 651 -4242 -7187 END
START 1960 1132 26100 116 -2198 -7436 END
START 736 4380 25840 674 -1545 -7788 END
START 1592 924 24312 470 -544 -7781 END
START 1632 2448 23620 89 238 -7667 END
START 1776 1892 24040 1119 300 -8046 END
START 2168 2064 24064 -108 514 -7870 END
START 2024 1100 23656 243 1080 -7807 END
START 1908 -72 23324 -187 1920 -7062 END
START 1648 464 23480 317 2692 -6665 END
START 1872 -132 23436 198 3457 -6381 END
START 2068 -36 23632 231 4277 -6255 END
START 2148 -336 23360 461 5112 -6268 END
START 2236 -456 23172 368 5692 -6285 END
START 2224 -636 23544 135 6181 -6193 END
START 2432 -696 23088 -510 7069 -5693 END
START 2624 -944 23280 -499 7730 -5193 END
START 1704 -1696 20528 -730 7695 -3835 END
START 1940 -2048 22124 688 8422 -3715 END
START 1688 -1144 22148 661 8608 -3063 END
START 1460 -984 21848 193 8883 -2787 END
START 1544 -1008 21588 -7 9456 -2563 END
START 1520 -1036 21028 50 10315 -2181 END
START 900 -1060 20812 23 10648 -1836 END
START 904 -256 20304 -367 10590 -1739 END
START 852 -696 19932 -987 10869 -1666 END
START 480 -876 19064 -1726 11184 -1214 END
START 220 -1000 18776 -2164 11246 -886 END
START 260 -1672 18232 -2709 11436 -309 END
START 116 -1552 17500 -3571 11422 372 END
START -192 -2092 16956 -3602 11002 929 END
START -304 -2032 16728 -4157 11114 1636 END
START -436 -1780 14132 -3006 10872 1870 END
START -784 -2200 16440 -3937 10711 2214 END
START -836 -1220 16332 -4042 10783 2332 END
START -476 -896 19500 -4620 11486 2707 END
START -1480 -272 16084 -4313 11201 2662 END
START -1968 -1712 16300 -4478 10833 2932 END
START -1808 -812 14260 -3000 9742 2894 END
START -2128 -1460 13440 -3553 8819 3093 END
START -2240 -1372 11840 -4251 8860 3298 END
START -2532 -792 11792 -4961 8925 3351 END
START -1992 -100 11516 -5818 11572 3435 END
START -1908 -580 8672 -6034 7616 3273 END
START -3332 -436 10100 -4945 4713 3640 END
START -3260 56 9284 -4124 3576 3729 END
START -4260 608 9456 -3822 3138 3820 END
START -4956 1384 9504 -3746 2764 3424 END
START -5272 1648 8896 -3543 2084 2650 END
START -5488 1744 8980 -2968 1185 1707 END
START -5220 1660 9248 -2062 742 999 END
START -4944 1720 10008 -1321 434 617 END
START -4948 1688 11088 -1209 -163 209 END