START -4040 -2096 17272 1611 1643 651 END
START -4916 -564 12620 6 231 1176 END
START -3584 -2284 14300 47 973 839 END
START -4364 -1924 15720 23 282 672 END
START -4040 -2032 15428 -442 -262 660 END
START -3532 -1848 15380 -661 0 629 END
START -3488 -2060 15096 -839 504 584 END
START -3604 -2232 14376 -906 886 572 END
START -3640 -2396 13708 -786 944 373 END
START -3496 -2496 12864 -246 574 -43 END
START -2956 -2432 12944 -121 -15 -280 END
START -2672 -2320 12808 -264 -96 -387 END
START -2572 -2172 12764 -381 -422 -391 END
START -3044 -1248 17112 -1494 -3173 -597 END
START -2020 -1068 12812 782 -3717 -554 END
START -2348 -2188 13736 1450 -6180 -337 END
START -2636 -1984 12564 4099 -6715 -987 END
START -2972 -1692 10960 5857 -7670 -1511 END
START -2440 -1012 10296 9338 -8335 -1980 END
START -4636 1744 15980 -4050 -3103 221 END
START -3716 -60 13476 -337 -2538 -663 END
START -3104 860 14568 -1536 -3881 -1223 END
START -4296 -436 13392 -1102 -3613 -1937 END
START -3792 -276 13716 -322 -4675 -2914 END
START -3136 -744 14124 419 -5065 -3420 END
START -2248 -1736 15668 1341 -5483 -3081 END
START -1308 -1968 16060 2317 -4612 -1893 END
START -1180 -1608 16100 3482 -3852 -384 END
START -1716 -1428 16896 3917 -4789 767 END
START -1928 -60 16116 2862 -6446 1237 END
START -2260 4 17172 2253 -8519 1163 END
START -2700 1036 18028 1797 -10084 715 END
START -2732 1344 19172 1374 -10800 147 END
START -2808 2244 19740 1612 -10398 -649 END
START -2768 1924 19704 1979 -9325 -1475 END
START -2584 1816 19268 2791 -8775 -2162 END
START -2044 1812 19408 3283 -8821 -2331 END
START -1908 1888 19944 4004 -8909 -1963 END
START -1596 2728 20776 4168 -9223 -1742 END
START -1892 2972 20952 4843 -8374 -1636 END
START -1880 4040 22380 5145 -7193 -1794 END
START -3308 5388 21924 5571 -6881 -2873 END
START -3560 5480 21844 4585 -6615 -4632 END
START -2776 4612 22000 3432 -8008 -6025 END
START -2224 4644 21112 3881 -7678 -7077 END
START -1036 3340 21792 3965 -7611 -7487 END
START 80 3316 22764 4256 -7040 -7423 END
START 140 2976 23148 3638 -6168 -6648 END
START -252 2688 23272 3636 -5518 -6452 END
START -448 3176 22884 3364 -4687 -6508 END
START -1228 3252 22284 3591 -4058 -7002 END
START -756 3300 21828 4344 -3682 -7811 END
START -812 2664 22248 4609 -3468 -8076 END
START -288 3080 22116 4881 -3289 -8184 END
START -32 2744 21468 4759 -2762 -7885 END
START 340 3228 25592 4530 -2272 -7379 END
START -784 4224 23476 4449 -2276 -7621 END
START -408 3300 23672 2032 -2911 -7553 END
START -660 3520 24076 1693 -3198 -8361 END
START -364 2788 24320 352 -2680 -9043 END
START 220 2728 24880 278 -2221 -9787 END
START 980 980 25388 299 -1410 -10077 END
START 1792 -352 24716 913 319 -9667 END
START 2020 -2096 25276 1663 1697 -8632 END
START 2340 -1340 25084 2008 3218 -6961 END
START 1792 -1508 25976 998 4226 -6034 END
START 1876 -736 25976 113 4518 -5202 END
START 1716 -852 25624 -736 4828 -4701 END
START 1380 -884 25204 -1536 5783 -4500 END
START 1520 -1268 24968 -2069 6925 -4628 END
START 1856 -1984 24480 -2120 8019 -4537 END
START 2252 -2780 24072 -1936 8860 -3965 END
START 2072 -2976 23252 -1482 9638 -3178 END
START 2072 -3044 22284 -1410 10403 -2196 END
START 1992 -2720 21696 -1805 10618 -1296 END
START 1708 -2784 20672 -2870 10832 -290 END
START 1296 -2616 19500 -2824 11253 704 END
START 816 -2088 19036 -2743 11556 1225 END
START 520 -1500 18784 -4351 11890 1587 END
START 280 -1300 18152 -5872 12527 1772 END
START -4 -1368 16952 -6637 13172 1851 END
START 612 -852 17392 -5001 14584 1531 END
START -636 -3092 12580 -5124 12999 1703 END
START -1072 -2612 13288 -6552 11345 2048 END
START -248 -808 15852 -6852 11625 2156 END
START -64 -1220 13952 -5394 12217 2242 END
START -692 -2248 12364 -5092 12232 2510 END
START -1264 -996 14672 -6894 11946 2881 END
START -1312 -624 12436 -5438 9284 2846 END
START -1236 -864 11652 -4442 9085 2952 END
START -1256 -696 11716 -4202 9571 3215 END
START -1648 -816 10560 -4227 9607 3552 END
START -2044 -468 10428 -4478 8994 3749 END
START -2488 -172 9344 -4381 7289 3881 END
START -2792 104 8832 -4549 7140 4078 END
START -3700 464 8916 -4705 6054 3952 END
START -5404 220 11800 -5144 2111 3286 END
START -4584 560 8976 -4737 928 2946 END
START -4708 644 8880 -4228 48 2480 END
START -4760 884 9624 -3403 -242 2097 END
START -5008 1056 10224 -3072 -659 1539 END
START -4992 1188 10360 -2325 -851 772 END
START -4816 952 10696 -983 -1083 331 END
START -4616 868 11504 -38 -1043 414 END
START -4988 1072 13156 38 -1166 683 END
START -5668 1004 14564 -472 -1767 598 END