START -5208 -1224 17568 1754 2039 1234 END
START -5500 -8 11136 -220 1035 1641 END
START -4076 504 14008 1113 1162 1354 END
START -5104 -416 16516 928 816 645 END
START -4704 -900 16028 554 452 453 END
START -4588 -972 16352 131 275 452 END
START -5136 -1668 16460 -741 402 656 END
START -4836 -1704 16408 -1396 315 914 END
START -4832 -1560 15900 -1522 413 1122 END
START -4772 -1536 15588 -1032 437 1298 END
START -4948 -1184 15460 -578 36 1275 END
START -5168 -940 15748 -709 -491 915 END
START -4804 -1056 15456 -754 -765 329 END
START -4580 -1216 15224 -802 -529 -56 END
START -4200 -1380 15276 -825 -579 -374 END
START -4528 -3056 12960 537 -3329 -811 END
START -2484 -3028 14708 415 -3703 -659 END
START -1828 -1708 14228 1609 -4993 80 END
START -2696 -2080 14404 3319 -3989 793 END
START -3060 -1796 13456 4016 -4533 1259 END
START -4048 -192 14500 5751 -4981 1014 END
START -5060 -8 13448 6773 -6659 -173 END
START -3856 652 14660 -2120 -2118 -98 END
START -4692 -1152 13008 -1371 -2501 -994 END
START -2704 -684 14188 -1335 -2958 -1373 END
START -2436 -996 14660 -1315 -2610 -852 END
START -2148 -1428 14540 -613 -3040 83 END
START -2300 -1456 14572 -339 -3397 1146 END
START -2924 -136 14568 129 -3749 1735 END
START -4240 316 14700 243 -4502 1531 END
START -4332 1608 15156 574 -5357 413 END
START -4392 1408 15472 611 -5910 -861 END
START -4008 1436 16528 641 -6099 -2050 END
START -3392 556 16892 515 -5743 -2704 END
START -2588 -44 17324 396 -6158 -2416 END
START -1888 -56 17080 15 -6865 -1685 END
START -1724 -36 17116 48 -7173 -1108 END
START -1472 356 16868 -23 -7303 -404 END
START -2176 420 16932 869 -7158 -161 END
START -2588 1024 17000 1725 -6635 -163 END
START -3324 1740 17768 2883 -5973 -465 END
START -3596 2100 17540 3181 -5778 -1098 END
START -3300 2544 17832 3814 -6199 -1865 END
START -2468 2872 18360 3442 -7323 -2417 END
START -1772 3020 18348 3027 -8006 -2753 END
START -1600 2320 18952 2671 -8464 -2651 END
START -1812 1800 19052 2639 -8365 -2368 END
START -2092 1936 18860 3061 -7715 -1915 END
START -2640 2732 19004 4371 -7090 -2012 END
START -2792 3972 19832 5871 -6327 -2959 END
START -2384 4408 20796 6904 -5273 -4424 END
START -1940 4392 21584 6863 -4450 -5576 END
START -1516 4216 22160 5840 -4937 -6110 END
START -1644 3400 22204 4361 -6097 -6289 END
START -1640 3216 22016 3047 -6941 -6085 END
START -1612 3056 22448 2840 -7361 -6048 END
START -1444 3148 23116 3002 -6675 -6265 END
START -1208 3124 24756 2692 -6146 -6716 END
START -556 3716 25432 2542 -4639 -7388 END
START -404 3200 25048 2262 -3219 -7687 END
START -492 3256 24856 2389 -2147 -8034 END
START -740 1816 24448 2181 -884 -8044 END
START -804 1752 23652 2536 211 -7825 END
START -788 1308 23588 2887 731 -7793 END
START -296 1620 23792 2797 1114 -7686 END
START -324 1388 24248 2133 893 -7899 END
START 424 1092 24396 1391 491 -8222 END
START 728 24 24488 829 436 -8310 END
START 1240 -840 24164 542 942 -7840 END
START 1468 -1788 24956 548 1585 -6915 END
START 1272 -1412 24992 548 2737 -5891 END
START 964 -2104 24980 5 4016 -5104 END
START 836 -1912 24480 -24 4827 -4590 END
START 916 -2500 23632 121 5457 -4159 END
START 996 -2084 23308 169 6056 -3621 END
START 824 -2348 23192 207 6673 -3106 END
START 820 -2156 23552 -209 7271 -2501 END
START 276 -2072 22952 -561 8153 -1987 END
START 32 -1996 22696 -760 9084 -1652 END
START 20 -2008 22100 -816 9632 -1474 END
START 64 -1856 21396 -1093 10014 -1022 END
START 256 -1248 20972 -1525 10778 -503 END
START 204 -1496 20504 -2498 11275 158 END
START 20 -1384 19300 -3267 11559 836 END
START -328 -1372 18248 -4066 12014 1396 END
START -556 -1268 17356 -4892 12521 1890 END
START -1224 -1672 14580 -3039 11518 1239 END
START -1268 -2408 12456 -4830 12182 1933 END
START -2012 -1856 12904 -5953 10107 2002 END
START -1808 -2412 9376 -5689 10110 1810 END
START -1576 -1068 10844 -6109 10534 1994 END
START -1756 232 13388 -5854 9834 1969 END
START -2332 384 12636 -5371 7508 2039 END
START -1936 -576 10440 -4398 6059 2335 END
START -2356 -476 10404 -4552 6205 2806 END
START -2556 -208 10048 -4491 5806 3065 END
START -3248 600 10056 -4950 5717 2963 END
START -3336 908 8912 -4580 4676 2529 END
START -3624 888 8196 -4198 4426 2010 END
START -3796 916 7892 -3053 3028 1426 END
START -3956 804 8732 -2259 1262 872 END
START -4084 408 9872 -1737 -144 491 END
START -3736 164 11004 -1103 -470 553 END
START -3716 132 12060 -818 -577 1035 END
START -3740 220 12608 -832 -473 1268 END
START -4008 952 13312 -753 -640 1151 END
START -4268 1496 14152 -885 -1482 718 END
START -4300 1592 15324 -1462 -1925 -6 END
START -4504 928 15712 -1753 -1688 -800 END
START -4604 516 16404 -1673 -1558 -1285 END