START -4676 -1080 17576 630 41 -238 END
START -6972 676 12556 -852 -734 -6 END
START -7952 -4512 15240 -342 1199 -521 END
START -4072 -1604 15856 1350 452 -177 END
START -3928 -1476 15732 1887 1129 325 END
START -3728 -1388 15776 1956 1372 807 END
START -3712 -1076 15864 1421 1462 1286 END
START -3824 -544 15376 809 1287 1444 END
START -3680 -188 15012 292 1227 1360 END
START -4096 416 15052 -279 1250 955 END
START -5056 1036 15128 -1151 758 -145 END
START -4944 1008 13616 -1163 514 -1723 END
START -3748 760 12164 119 768 -2506 END
START -3556 244 11496 1834 902 -2560 END
START -3052 36 11536 3331 531 -2429 END
START -3140 -144 11908 4025 -305 -1994 END
START -3088 -144 13096 4238 -1478 -1378 END
START -2564 260 13524 4093 -5803 -957 END
START -2172 644 13156 5918 -9351 -1332 END
START -2448 604 12892 7195 -11813 -1748 END
START -2716 2720 12492 9974 -12659 -3085 END
START -3052 2332 12904 12276 -12183 -4435 END
START 64 4260 15528 -2461 -3439 -2980 END
START -3780 -1580 14804 894 -4494 -4204 END
START -1328 4668 12740 567 -4713 -4656 END
START -740 596 15288 437 -4350 -4960 END
START -176 1972 13544 141 -5156 -5127 END
START 68 1072 13000 2368 -4276 -5578 END
START 908 1928 18164 2312 -5333 -5592 END
START -44 256 15508 1417 -5673 -5831 END
START -4 -1004 15204 654 -6387 -5937 END
START -220 -400 15492 334 -7428 -5939 END
START 100 -400 16720 24 -8168 -5880 END
START 312 332 16828 -591 -8632 -5590 END
START -76 108 16172 419 -8241 -5283 END
START -620 -432 15936 1445 -8088 -4729 END
START -560 240 15976 2193 -8338 -4268 END
START -568 608 15776 2243 -8701 -4382 END
START -416 904 15808 1857 -9769 -4923 END
START 348 748 16108 2030 -11008 -5417 END
START -224 -136 16892 2556 -11677 -5703 END
START 20 -1456 18756 3319 -12146 -5558 END
START 84 -2052 19852 3903 -11858 -4959 END
START -468 -3528 19604 2741 -12514 -3987 END
START 876 -1076 22044 3429 -11554 -3724 END
START 1036 -1336 23036 4116 -10393 -3809 END
START 1364 -348 24024 4573 -9604 -3818 END
START 1008 -952 25452 4064 -8889 -3659 END
START 68 -1412 26040 2814 -8666 -3495 END
START -424 -2012 25828 1436 -8809 -3339 END
START -600 428 25584 -3509 -8147 -2160 END
START -788 -11496 20632 3626 -9241 -3155 END
START 1636 5744 32767 5681 -9063 -3154 END
START 1132 -4448 27960 897 -5925 -2009 END
START 124 2084 25220 2012 -4549 -1655 END
START -1892 -4188 26912 -766 -3655 -768 END
START -1252 1424 26512 -545 -3460 -1226 END
START -1816 -508 26852 -927 -2903 -1995 END
START -684 1452 26392 -762 -1964 -2810 END
START -264 -196 27600 337 -772 -3233 END
START 44 660 28144 -29 -220 -2996 END
START -68 444 28108 -296 629 -2583 END
START -444 764 28140 -1233 1350 -2155 END
START -572 1908 28508 -1204 2315 -2009 END
START -860 2552 28572 -1067 3452 -2265 END
START -92 3376 28436 -1180 4944 -2874 END
START -4 2464 26980 -1750 5365 -3323 END
START 16 2340 26588 -1880 7613 -3396 END
START -416 1708 25328 -962 8854 -3683 END
START -536 1992 26028 -1684 9570 -3691 END
START 172 2232 24732 -2128 10251 -3996 END
START 164 2008 24020 -2852 10284 -4214 END
START 628 1588 22456 -1936 9763 -4661 END
START 1356 1184 21744 -117 10550 -4949 END
START 1416 860 21820 548 11201 -4924 END
START 1424 680 21752 1690 11736 -5022 END
START 1644 1060 20928 -208 13209 -4621 END
START 1052 436 20360 -725 13321 -4381 END
START 1464 480 19116 -2477 12994 -3914 END
START 1348 560 17628 -3881 12383 -3456 END
START 1488 980 16420 -4773 12107 -3237 END
START 1472 720 14892 -6164 12111 -2718 END
START -188 -1756 10196 -5203 11804 -2786 END
START 688 592 15368 -5052 11461 -2513 END
START 1244 604 16168 -4825 10154 -2598 END
START 588 560 15264 -5470 9761 -2630 END
START -208 -1048 12944 -6595 10499 -2221 END
START -720 -1420 11732 -4568 11116 -2235 END
START -832 -800 11368 -2887 10156 -2408 END
START -780 -612 11612 -1706 9330 -2666 END
START -740 -724 11984 -1044 7860 -3402 END
START -668 -1400 12708 -1327 7522 -3886 END
START 652 -2728 11964 -2585 5695 -3935 END
START 660 -3228 11540 -3898 5715 -3335 END
START 576 -3016 11736 -5107 5842 -2441 END
START 84 -4652 9544 -3472 4424 -1194 END
START -276 -4580 10336 -2804 3672 -143 END
START -900 -4040 10236 -2237 2966 1024 END
START -1440 -3044 9748 -1979 2318 1553 END
START -2596 -2284 10272 -2144 909 1328 END
START -3376 -1912 10516 -2560 -594 822 END
START -3580 -1680 10760 -2570 -1494 124 END
START -3652 -1720 11400 -2384 -1790 -458 END
START -3440 -1952 11884 -1848 -1770 -870 END