START 660 988 16752 4300 -8139 -7910 END
START 1088 500 16832 4576 -8041 -7867 END
START 1832 848 17688 5076 -7717 -7756 END
START 1788 408 19316 5628 -7625 -7206 END
START 1788 -1068 20248 4061 -8569 -6439 END
START 1032 -1684 20328 2517 -9730 -5635 END
START 1372 -2400 20184 1551 -10452 -4986 END
START 2028 -2460 20952 2794 -10050 -4789 END
START 2940 -1688 22184 3329 -9122 -4685 END
START 3760 -2252 22964 4071 -7863 -4738 END
START 3484 -3352 22912 3513 -6824 -3665 END
START 2800 -3740 22400 2834 -6767 -2303 END
START 1740 -3300 21252 2488 -6964 -1448 END
START 1220 -2756 21472 2669 -7262 -1154 END
START 1180 -1996 21984 2754 -7465 -1239 END
START 1472 -792 22808 2201 -7529 -1556 END
START 1604 -708 23632 1354 -7126 -2044 END
START 1004 -1164 23088 458 -6175 -2146 END
START 12 -1812 22332 8 -5166 -1807 END
START -444 -1744 21480 -119 -4548 -1656 END
START -656 -1236 24952 5540 -4973 -2575 END
START 172 2448 23404 -1398 -2734 -1731 END
START 388 -260 22472 2863 -4134 -2811 END
START 996 -364 23976 -196 -4467 -2459 END
START 888 -952 24536 1009 -4309 -2797 END
START 796 -1256 24576 -2071 -3909 -1809 END
START 1044 -768 24844 -1492 -3232 -1744 END
START 1544 -1180 25144 -1905 -1847 -1481 END
START 1128 -1040 24996 -86 -448 -1824 END
START 1456 -384 26696 762 763 -1727 END
START 1848 -40 26904 647 1908 -1837 END
START 1888 396 28680 2249 2889 -2320 END
START 1764 2176 32767 -3058 1431 -1279 END
START 1848 852 29400 -2074 3482 -1366 END
START 1720 -116 27428 -2730 3420 -1225 END
START 1784 292 27192 -3601 5109 -636 END
START 1624 452 27172 -3515 6599 -407 END
START 1468 664 25648 -2960 8187 -628 END
START 1300 980 25352 -3318 9114 -632 END
START 1100 1168 24456 -2771 9763 -884 END
START 1136 1140 23244 -2298 10330 -1206 END
START 456 940 22288 -1603 10827 -1641 END
START 984 1108 21996 -876 11035 -2253 END
START 1236 1060 21952 -1942 11321 -2469 END
START 1256 968 21112 -2559 11327 -2532 END
START 1364 1040 20232 -3419 10969 -2472 END
START 1188 440 19528 -4039 10549 -2451 END
START 1048 136 18592 -4745 10625 -2211 END
START 1328 636 18064 -4684 11584 -2155 END
START 604 796 18152 -4184 11830 -2376 END
START 160 220 16692 -4433 11840 -2663 END
START 68 240 16224 -3993 12121 -3039 END
START -92 356 17160 -3320 12780 -3685 END
START 172 -740 14420 -5933 11771 -3221 END
START 212 -616 13772 -6882 11292 -3075 END
START 1140 1132 17572 -7550 11546 -2594 END
START 788 -2636 13540 -5374 13574 -2809 END
START 792 -2272 12856 -5218 11624 -2152 END
START 252 -2020 12676 -4004 10713 -1516 END
START -184 -2204 11872 -3454 8791 -1277 END
START -604 -1992 11284 -3092 6796 -1380 END
START -404 -2112 10772 -2820 6115 -1687 END
START -612 -2088 10344 -2889 6007 -1631 END
START -556 -2016 9892 -3074 5378 -1814 END
START -828 -2316 9760 -3454 4840 -1767 END
START -652 -2752 8984 -3233 3619 -1631 END
START -748 -3020 8556 -2045 3389 -1273 END
START -1040 -2956 9080 -520 3074 -832 END
START -1612 -2656 10628 -91 1345 -801 END
START -1980 -2176 11516 -582 -23 -905 END
START -2480 -2120 12260 -1422 -747 -1136 END
START -2352 -2272 12936 -2159 -1323 -1390 END