START -4540 -1468 18012 1561 1078 82 END
START -5648 -956 9856 -211 221 316 END
START -4760 -2812 15540 212 831 108 END
START -4448 -1192 16032 944 602 202 END
START -4104 -548 16076 127 602 432 END
START -4472 -448 15604 -406 353 298 END
START -4940 -592 15288 -372 95 18 END
START -4464 -476 15184 -191 -240 -275 END
START -4572 -824 14832 242 -8 -533 END
START -4344 -928 14756 368 -128 -435 END
START -3984 -920 14520 393 -359 -300 END
START -3760 -712 14236 473 -640 -229 END
START -3336 -440 14184 769 -825 -108 END
START -3148 -264 14180 1284 -800 21 END
START -3400 -428 14392 1451 -521 242 END
START -3388 40 14440 1393 -696 413 END
START -4696 -776 9988 2520 -4002 -52 END
START -3912 1144 15544 2368 -4081 -361 END
START -4248 664 13280 3841 -7342 -1527 END
START -3604 -316 13700 5935 -7748 -2568 END
START -2524 136 13388 7549 -8404 -3155 END
START -1468 232 15104 9445 -7314 -3268 END
START -2376 1964 14828 -1346 -2047 -518 END
START -2576 -856 15440 3155 -1952 -885 END
START -2936 1144 14712 667 -2677 69 END
START -3316 1276 14552 1855 -2792 -222 END
START -3704 1948 15756 1167 -3237 -936 END
START -3544 3004 15088 1704 -3320 -2386 END
START -3196 3256 17384 1453 -4009 -4101 END
START -2128 2228 17136 -208 -4821 -4891 END
START -2616 152 14012 3717 -5495 -5646 END
START -1768 276 14592 -172 -4787 -3680 END
START -2328 -1156 15428 2000 -3867 -3658 END
START -2540 -232 14716 1561 -4993 -3099 END
START -2200 -1324 14660 2748 -5310 -3212 END
START -1004 -372 15712 3226 -6505 -3194 END
START -348 -576 16768 2666 -8062 -3058 END
START -228 -136 18428 1889 -9009 -2886 END
START -912 -1172 19012 849 -8734 -2422 END
START -1700 -1224 18928 883 -7692 -1987 END
START -1768 -844 18820 1025 -7363 -1980 END
START -1844 -520 17584 1582 -7408 -2654 END
START -956 -412 17612 2906 -6969 -3659 END
START -200 -500 17740 4552 -6374 -4126 END
START -260 -1040 18640 5618 -5897 -4091 END
START -844 -1776 20000 4542 -6073 -3237 END
START -1392 -1228 20628 2395 -7301 -2615 END
START -1328 -1248 19872 674 -8362 -2604 END
START -984 -716 19492 425 -8809 -2760 END
START -940 -264 20200 679 -8784 -3211 END
START -140 -588 20808 1492 -8004 -3936 END
START 108 -644 21204 1793 -6934 -3851 END
START -648 -1180 21276 1792 -6443 -3496 END
START -688 -1144 21352 1476 -6343 -3209 END
START -588 -1268 21508 1773 -5929 -2960 END
START -516 -1080 21980 1712 -5353 -2717 END
START 36 -508 22292 1842 -4701 -2784 END
START 148 -688 22596 2097 -3928 -2727 END
START 284 -728 22904 1745 -3467 -2320 END
START 212 -616 23128 1321 -3601 -2140 END
START 256 -852 23860 392 -3948 -1980 END
START 320 -352 24152 -618 -3924 -1898 END
START 720 -272 24876 -1010 -3694 -2023 END
START 1116 -140 25368 -862 -2726 -2166 END
START 1296 -88 26476 -621 -1580 -2192 END
START 1364 172 27256 -599 -434 -2140 END
START 1440 -124 27916 -862 514 -1890 END
START 1616 268 27364 -1216 1332 -1398 END
START 1240 1232 27844 -569 2565 -1156 END
START 916 1712 27960 -1137 3507 -1044 END
START 536 2344 28960 -2189 3687 -964 END
START -120 2304 27444 -3391 4815 -1146 END
START -564 2612 25796 -3438 5949 -1582 END
START -576 1972 24452 -2898 6849 -1898 END
START -700 2524 23556 -2135 7614 -2084 END
START -844 2360 23120 -1877 8124 -2277 END
START -1136 2676 22428 -1974 8396 -2615 END
START -1424 2576 21748 -1944 8510 -3016 END
START -1528 2840 21168 -2182 8422 -3461 END
START -1868 2648 21080 -3121 7912 -4008 END
START -1492 2480 20188 -4062 7447 -4592 END
START -1204 2144 19448 -4129 7286 -5022 END
START -988 1988 19244 -4024 7284 -5254 END
START -1012 1536 19072 -4159 7928 -5499 END
START -960 1364 18388 -4600 9482 -5559 END
START 276 -504 16396 -4514 9309 -5155 END
START -1152 -440 16900 -4196 9453 -5150 END
START -752 56 17512 -2043 9726 -5628 END
START -860 -60 16932 -3727 10629 -5238 END
START -920 200 16820 -5096 9799 -5262 END
START -576 -392 16276 -6040 9913 -5166 END
START -600 -1544 15036 -5883 9303 -5102 END
START -308 -1808 14356 -5143 8695 -5238 END
START 332 -2580 14076 -4291 8578 -4984 END
START 180 -2532 13676 -4737 9485 -4390 END
START 400 -2312 16128 -3760 9918 -3957 END
START 288 -1472 14436 -3706 8302 -3410 END
START -660 -4112 10652 -3025 6407 -3026 END
START -464 -3108 10012 -3744 5371 -2487 END
START -696 -3592 10036 -4099 4032 -2398 END
START -564 -2860 10000 -3857 2415 -2541 END
START -660 -4172 10328 -3490 1477 -2479 END
START -452 -4364 10084 -2679 1404 -1848 END
START -868 -4480 11024 -1801 949 -1011 END
START -924 -3904 11364 -2096 494 -435 END
START -1280 -3492 11756 -2348 623 142 END
START -2272 -2336 11168 -3559 395 -244 END
START -1836 -3172 12044 -2426 844 -256 END
START -2228 -2836 12484 -2198 226 -446 END
START -2392 -2784 12548 -1190 -208 -749 END
START -2836 -2492 13380 -467 -5 -1250 END
START -2808 -2148 14540 -419 -39 -1736 END