START -4648 -644 18324 1888 2277 131 END
START -6316 388 14872 605 1075 420 END
START -3168 580 14132 923 2512 -11 END
START -3868 -508 15896 1301 2156 -663 END
START -3788 -628 15808 889 2581 -617 END
START -3596 -448 15376 186 2523 -590 END
START -3204 -408 14752 -233 2244 -758 END
START -2692 -92 14124 -360 2029 -616 END
START -2872 -16 13564 -221 1884 -266 END
START -3004 428 13076 46 1829 -83 END
START -3532 572 12948 278 1708 -185 END
START -3708 1052 12512 477 1240 -533 END
START -3536 1560 12240 852 761 -1089 END
START -2904 1932 12332 2103 -3776 -1969 END
START -3108 2364 12320 1722 -4706 -2834 END
START -2572 2364 11744 4383 -7022 -4097 END
START -2668 1388 12132 6031 -8243 -4327 END
START -2688 2180 12632 8072 -8698 -4508 END
START -2696 1648 11200 9531 -8175 -4430 END
START -3808 2168 12000 11780 -8195 -5071 END
START -3024 2360 13868 5844 -2839 -5359 END
START -2620 2832 15020 5616 -4323 -5620 END
START -1112 1500 16216 5206 -5068 -6798 END
START 80 2316 16664 2857 -6162 -7283 END
START 684 1164 15552 780 -6752 -6726 END
START 792 1720 15672 -640 -7114 -6015 END
START -252 -1032 14996 -2389 -7669 -4962 END
START -1116 928 14116 -3069 -8218 -4696 END
START -1612 -260 13220 -2877 -8482 -5321 END
START -632 -112 11588 -723 -8620 -6166 END
START -452 -344 11552 2412 -8928 -6704 END
START 540 -60 14280 3844 -10520 -6710 END
START 104 -824 15376 2889 -12373 -6183 END
START -128 -1568 16184 1548 -14445 -5645 END
START 444 -1416 17252 961 -15272 -5249 END
START 592 -1524 18232 906 -15237 -5362 END
START 1012 -1840 18664 1978 -14682 -5984 END
START 1112 -2336 19836 3852 -13598 -6280 END
START 1788 -3280 21348 3888 -14487 -5846 END
START 1908 -2520 22396 4938 -13303 -5177 END
START 1660 -3008 23608 4354 -12466 -3910 END
START 660 -1404 24680 3883 -11635 -3282 END
START 456 -1092 24652 2313 -11258 -2989 END
START 388 432 24040 1901 -10895 -3366 END
START 140 596 23964 1869 -10514 -3945 END
START 376 596 23940 1432 -10119 -4268 END
START -256 156 23768 991 -9416 -4213 END
START -292 -900 20084 5368 -11794 -4725 END
START 324 1012 25164 -1863 -7049 -3678 END
START -36 -1116 25264 3280 -7415 -4420 END
START 288 644 26176 1798 -7005 -4491 END
START 1060 240 27548 2044 -6761 -4963 END
START 1300 -112 28376 551 -6796 -5066 END
START 1976 -888 29496 -171 -6475 -5031 END
START 2004 -1616 31136 -709 -5087 -4477 END
START 2180 -1864 31212 -482 -3013 -3493 END
START 2940 -1360 31788 -250 185 -2723 END
START 3076 -904 32072 125 2664 -2216 END
START 3396 -248 31260 -322 3794 -1965 END
START 3064 368 32204 -2078 5884 -1697 END
START 3444 392 30476 -1593 7470 -1348 END
START 2880 216 29540 -3211 8431 -914 END
START 2640 292 28452 -3391 10266 -487 END
START 2000 200 26800 -4099 11096 -156 END
START 2004 892 25460 -4245 12338 -211 END
START 2144 1060 23564 -3704 12885 -449 END
START 1772 996 22348 -2218 13778 -951 END
START 1560 1028 22320 -597 13831 -1387 END
START 1516 1320 22136 -192 14257 -1758 END
START 1192 1704 22120 -1016 13757 -1941 END
START 1332 1548 21004 -985 12918 -2431 END
START 1508 1416 20456 -4218 13636 -2292 END
START 1384 1948 19568 -4976 12610 -2416 END
START 1428 844 18072 -5987 12415 -2320 END
START 1372 804 17476 -7407 12785 -2235 END
START 1460 1072 16560 -9686 13772 -1921 END
START 1012 -744 12964 -8796 16004 -2290 END
START 1752 -372 16044 -8658 17119 -1838 END
START 56 -1788 14132 -5147 17835 -2274 END
START 604 -752 15240 -5702 15836 -1891 END
START 272 -568 14624 -5298 12887 -1549 END
START 120 -392 13980 -6188 11095 -1328 END
START -224 -1004 11960 -7069 10532 -1351 END
START -600 -1180 11276 -7186 10791 -1660 END
START -952 -1800 10328 -6003 8928 -2180 END
START -608 -2380 9932 -5446 9306 -2177 END
START -816 -2460 10028 -4553 8481 -2006 END
START -504 -2396 10060 -4903 7035 -1659 END
START -396 -2704 9568 -6064 4958 -1138 END
START -564 -2648 8432 -7342 4579 -513 END
START -1256 -2840 7204 -7553 3156 -71 END
START -1648 -2568 7132 -6583 1820 -69 END
START -2028 -2288 6960 -5117 1493 -386 END
START -2388 -2012 7888 -4020 -317 -1050 END
START -2552 -2532 9216 -3781 -2621 -1802 END
START -2240 -3372 10308 -3552 -3717 -2331 END