START -4156 -740 19016 1181 1135 108 END
START -6460 1144 14368 -349 54 421 END
START -7684 -4528 15888 63 1597 -85 END
START -4148 -116 16456 535 642 -70 END
START -4284 -400 15668 643 1272 -104 END
START -4020 -260 15612 784 1592 -165 END
START -4072 -208 15352 1095 1660 -133 END
START -3816 56 15008 1234 1511 -54 END
START -3628 276 14696 1436 1473 7 END
START -3532 588 14384 1511 1232 49 END
START -3104 992 14540 1285 720 26 END
START -2996 1132 14576 782 466 -102 END
START -2812 1228 14096 269 548 -200 END
START -2980 1096 13192 40 361 -396 END
START -3140 1080 11868 106 95 -751 END
START -3020 1168 12180 733 -162 -962 END
START -3420 1344 12296 1030 -1803 -1264 END
START -3068 1468 11940 2771 -4461 -1845 END
START -2580 900 11800 5419 -6651 -2477 END
START -2304 -96 12276 6364 -8393 -2559 END
START -960 -456 13044 7611 -8999 -2243 END
START -208 472 13304 9599 -10087 -1655 END
START -176 920 12112 12280 -10103 -1413 END
START 5008 7464 15652 -936 -1103 1917 END
START -2616 -620 19572 2571 -3960 109 END
START -3976 4776 6552 144 -5852 -740 END
START -2872 -1652 14404 -1381 -7476 -1492 END
START -1232 5196 13556 1801 -8168 -3795 END
START -436 3560 14520 914 -8613 -4852 END
START 1680 1232 16504 1749 -8046 -5465 END
START 1228 -356 14348 1662 -7647 -4436 END
START 628 188 13960 2086 -8018 -3170 END
START -776 292 14688 2101 -8709 -2412 END
START -1560 1532 15476 1568 -10003 -2743 END
START -1344 3028 16760 825 -11225 -4287 END
START 100 2420 17480 873 -11450 -6455 END
START 1648 1428 17868 1807 -10847 -7413 END
START 1756 -56 18400 2848 -10204 -6969 END
START 1468 -688 19376 2472 -10261 -5720 END
START 836 -244 19920 1339 -10623 -4647 END
START 552 44 19800 402 -11545 -4402 END
START 1128 -48 19844 368 -11798 -4596 END
START 1440 616 19916 1041 -11591 -5100 END
START 1892 36 20800 2879 -10296 -5566 END
START 612 -444 21220 4388 -7755 -5223 END
START -260 156 25696 5061 -7352 -5122 END
START -148 -2288 21772 -1409 -12683 -3666 END
START 76 1268 24796 -205 -9527 -4793 END
START 448 -860 24508 1068 -8074 -5475 END
START 1476 -24 25092 694 -7283 -5302 END
START 1224 -700 25708 1219 -6621 -4945 END
START 1264 -1880 32767 717 -10913 -3957 END
START 104 3724 15816 -4580 -3 -2980 END
START -1136 -3268 24904 1713 -7074 -3810 END
START 184 -8 25076 -6778 -5488 -2137 END
START -172 3224 24668 1566 -4302 -4248 END
START -348 -1992 26472 -3870 -3005 -3314 END
START 596 2172 25772 5 -2256 -4397 END
START 672 -1200 26604 -1676 -1592 -3812 END
START 860 1324 25936 -1032 -1264 -3529 END
START 1324 -776 27456 -1165 -381 -2736 END
START 1128 1252 26900 -1252 1399 -1871 END
START 264 1652 28464 -1423 2245 -1832 END
START 724 1740 26436 -430 3429 -2036 END
START -252 2464 27528 -1745 4092 -2367 END
START -96 3024 28456 -2031 4716 -3015 END
START -448 2356 26684 -1969 5548 -3503 END
START 308 3052 26840 -2181 6340 -3744 END
START 456 2788 25672 -969 7484 -4119 END
START 716 2532 25440 -81 8611 -4331 END
START 644 2220 25352 -10 9830 -4268 END
START 420 2164 24560 78 10841 -4238 END
START 248 2300 23888 -5 11556 -4624 END
START 224 2004 23232 -103 11099 -5339 END
START 760 1776 22108 -1492 10097 -5793 END
START 1492 1352 22004 -2102 10226 -6035 END
START 2052 76 20564 -2622 10651 -5440 END
START 1968 508 19460 -1586 11783 -4881 END
START 1420 200 19316 -1525 12383 -4318 END
START 712 992 18540 -2703 12529 -4083 END
START 588 1128 17384 -4074 12063 -4189 END
START 132 1364 16432 -6423 11623 -4192 END
START 292 728 14972 -8020 11856 -4168 END
START 252 456 16240 -6426 11966 -4783 END
START 356 -544 14704 -6669 13452 -4409 END
START 592 -1388 12156 -5638 14411 -3991 END
START 576 -1932 11976 -3352 15143 -4228 END
START 324 -468 13940 -3662 15168 -4010 END
START 604 -932 12436 -2891 12999 -4108 END
START 784 -2416 11484 -2640 10974 -3727 END
START 452 -2564 10448 -3807 9399 -3434 END
START 796 -3020 9696 -4374 8805 -2885 END
START 372 -3008 8536 -4569 9096 -1718 END
START 28 -2880 7952 -3157 7507 -1247 END
START -744 -3060 8260 -2224 5373 -762 END
START -1368 -2712 8844 -1998 3674 -565 END
START -1420 -2392 9132 -2164 2454 -769 END
START -1500 -2352 9448 -2387 1953 -908 END
START -1768 -2528 9852 -2668 1052 -766 END
START -2016 -2820 10132 -2851 414 -547 END
START -2268 -2896 10264 -2617 280 -182 END