START -5416 84 17360 270 137 591 END
START -7004 1600 11952 -1316 -921 691 END
START -5036 -556 16236 -631 377 152 END
START -4880 472 16320 191 63 -92 END
START -4132 228 15884 440 314 -261 END
START -3704 388 15960 470 847 -187 END
START -3312 608 15544 395 1151 -29 END
START -3392 472 15072 245 1503 217 END
START -3676 612 14476 -356 1168 528 END
START -3908 988 14244 -1094 564 576 END
START -4736 944 13420 -1528 121 165 END
START -4732 1152 12312 -1052 -269 -546 END
START -4128 1180 11852 301 -293 -1279 END
START -3444 1084 11912 1333 -506 -1738 END
START -2260 1556 11892 1774 -471 -1893 END
START -2760 876 11868 3203 -55 -1566 END
START -3492 1500 12264 3692 -2402 -1084 END
START -3528 1284 13088 7004 -6397 -1486 END
START -3664 264 10744 7839 -9886 -1912 END
START -2424 1728 9212 11216 -11673 -2547 END
START 1128 1616 5936 3665 -5315 -1373 END
START -908 1360 11504 -751 -5703 230 END
START -1484 2016 9652 2302 -3958 -126 END
START -1336 1064 13724 1162 -6938 156 END
START -2824 2900 9636 1923 -5830 -354 END
START -2788 1940 12532 2249 -7182 -1439 END
START -2776 2360 14488 418 -8160 -1887 END
START -2288 3276 13508 1661 -8321 -3561 END
START 160 2924 14140 1101 -8583 -2724 END
START -1604 3284 14944 4495 -8368 -4409 END
START -1696 2036 17552 2023 -9227 -4126 END
START -1540 2096 16460 2940 -9098 -4792 END
START -900 2876 18028 796 -10159 -4639 END
START -772 2252 18324 612 -10932 -5386 END
START -76 2068 19084 -177 -11238 -5779 END
START 192 1064 18768 376 -10679 -5878 END
START -524 0 19052 1108 -10045 -5370 END
START -676 48 19364 2262 -9878 -5229 END
START -660 0 19844 3256 -9698 -5504 END
START -372 156 21284 3244 -10198 -5836 END
START 628 -196 22460 2509 -10669 -6142 END
START 1848 -444 23580 1222 -10762 -5783 END
START 1484 -1712 23448 694 -9919 -4898 END
START 1344 -1976 24420 51 -9232 -3615 END
START 124 -1544 23372 162 -7719 -2914 END
START -976 -1324 22928 756 -6440 -2974 END
START -1132 -728 23192 1338 -6374 -3874 END
START -136 -972 28260 1603 -7803 -4783 END
START 816 -1288 25096 301 -7655 -4364 END
START 1824 -1752 26176 486 -6952 -3558 END
START 1396 -2064 26520 -225 -5342 -2066 END
START 512 -1908 26216 -396 -3870 -876 END
START -528 -356 25272 -1316 -3273 -60 END
START -560 -1444 23528 -693 -2715 -428 END
START -1916 3336 26168 -115 -3091 -1414 END
START -1260 -48 26200 -97 -2341 -2032 END
START -796 2928 26524 -695 -1281 -2156 END
START -788 1272 27380 94 223 -2042 END
START -772 2172 27632 -1018 884 -1529 END
START -1232 3408 26692 -714 1924 -1605 END
START -1424 2900 29176 -1618 1586 -1922 END
START -1492 4020 26956 -3261 2233 -2460 END
START -1532 4376 25572 -1787 3239 -3403 END
START -544 3708 25732 -2223 5038 -3648 END
START -780 4324 25248 -940 6117 -4116 END
START -908 3484 26032 -182 7094 -4168 END
START -1716 3940 26020 -1154 7352 -4360 END
START -1232 3888 25512 -1784 8326 -4860 END
START -1396 3148 24632 -2002 8839 -5346 END
START -876 3124 23512 -1913 9301 -5778 END
START -228 2544 22724 -1894 9801 -6078 END
START 8 2428 22152 -1757 10192 -6298 END
START 216 1776 21452 -1681 10607 -6387 END
START 524 1504 20204 -1336 11113 -6325 END
START 432 1224 20084 -1209 11105 -6248 END
START 28 1272 19760 -1803 10985 -6405 END
START 164 884 18900 -2641 10673 -6642 END
START 748 444 17780 -3241 10611 -6702 END
START 1292 -44 16468 -2837 11288 -6556 END
START 1268 -712 16244 -2542 11742 -6009 END
START 1280 -1220 15752 -3340 12796 -5104 END
START 1064 -1196 15024 -4803 13332 -4120 END
START 916 -1800 13644 -6727 12140 -3144 END
START 216 -1036 12572 -5900 11449 -3097 END
START -892 -3620 10908 -4406 9397 -3599 END
START -400 0 11572 -4673 7616 -4008 END
START -748 -4652 7732 -4252 7777 -4415 END
START 32 -3612 7924 -5042 7290 -4113 END
START 956 -4300 11080 -3268 5465 -3298 END
START 1012 -4824 10936 -2517 4758 -1989 END
START -1808 -5228 10400 -3383 3259 -991 END
START -916 -3768 10232 -3031 4848 -222 END
START -1212 -2948 10016 -3365 2707 230 END
START -1988 -2276 10740 -3220 1054 13 END
START -2308 -2092 11376 -3364 -153 -763 END
START -1916 -2196 11540 -3178 -288 -1339 END