START -800 140 15896 2228 -5546 -1661 END
START -1012 268 15504 1971 -5669 -1415 END
START -1536 448 14876 1274 -6047 -1021 END
START -1432 1696 14468 700 -7334 -1013 END
START -1220 3004 14372 1777 -8663 -2035 END
START 428 2872 15400 3461 -9563 -3442 END
START 1136 2576 17420 3722 -10374 -4084 END
START 256 1268 19628 4148 -9242 -4389 END
START -56 256 21108 2417 -8792 -3787 END
START -136 -96 20620 1007 -9223 -2926 END
START -544 228 19112 1154 -9173 -2589 END
START 548 520 19792 1935 -9684 -2658 END
START 1732 1856 20532 2577 -9981 -2841 END
START 3028 1236 22156 3813 -9506 -3639 END
START 1796 -600 22480 4893 -7243 -3533 END
START 1088 -692 26208 3000 -7504 -2197 END
START -288 -424 23240 2234 -6557 -1573 END
START -1012 -364 22700 1264 -7239 -1232 END
START -816 448 22292 237 -8401 -1499 END
START -16 944 22888 781 -8445 -2151 END
START 844 20 22428 429 -7973 -2249 END
START 888 -284 22376 675 -7224 -1863 END
START -196 -752 22004 461 -6159 -907 END
START -600 472 21440 -55 -6181 -303 END
START -2564 -9844 13264 -2725 -10118 1050 END
START -936 2712 23296 9505 -168 -3233 END
START -3632 -4804 18832 -333 -5835 -1741 END
START -348 5672 21876 1192 -5122 -2541 END
START -1176 -1372 24808 -1245 -5873 -2547 END
START -360 4040 23772 -2480 -5039 -2750 END
START -620 -1440 25828 -2144 -4466 -2643 END
START 144 1736 24516 -2123 -2282 -2328 END
START 256 384 25804 824 -576 -2777 END
START 356 784 27792 516 78 -2555 END
START 652 1852 27564 294 105 -2574 END
START 556 1528 28496 -534 621 -2567 END
START 636 1460 29000 -1398 1353 -2450 END
START 564 2240 28396 -2059 2504 -2450 END
START 456 2660 31760 -1667 2461 -2758 END
START 936 2880 28500 -2759 4109 -2797 END
START 1028 3036 28048 -4806 5076 -2425 END
START 1052 2852 27300 -4218 6087 -2696 END
START 284 2464 25900 -2606 7094 -3390 END
START 724 3400 25960 -4092 7466 -3326 END
START 872 2880 24336 -3821 7746 -3842 END
START 892 2600 23448 -4007 8242 -4265 END
START 928 2124 23060 -4428 8318 -4404 END
START 1292 1944 22076 -3655 8864 -4631 END
START 1408 2024 21548 -3589 9752 -4801 END
START 1488 1204 20424 -3036 10848 -5004 END
START 1512 852 19072 -1815 11397 -5015 END
START 1152 140 18800 -1268 11694 -4707 END
START 1132 548 18708 -1842 11074 -4617 END
START 1244 304 18144 -3673 10482 -4501 END
START 1572 20 17360 -5767 10388 -4182 END
START 1756 172 15812 -7114 10464 -3744 END
START 2060 -168 14692 -7694 12235 -3478 END
START 1460 -1552 13860 -6738 13009 -3115 END
START 1960 984 19068 -4964 13310 -2880 END
START 1376 -1212 14304 -3821 14491 -2534 END
START -504 -3380 13200 -1680 13908 -2469 END
START 200 -384 14696 -1719 11589 -1922 END
START 20 -672 13264 -1466 9923 -2283 END
START -416 -940 12368 -1921 8085 -2729 END
START -404 -1120 11868 -3061 7527 -3088 END
START 12 -2316 10604 -2917 7347 -3198 END
START -804 -1860 11888 -3316 6451 -2837 END
START -772 -2312 10672 -3125 6874 -2582 END
START -520 -2784 10220 -2497 6963 -1964 END
START -872 -2948 10968 -1949 6257 -1120 END
START -1108 -1956 11276 -2035 4896 -632 END
START -1600 -1988 10612 -1981 3127 -340 END
START -2560 -2012 10916 -2509 2102 -502 END
START -2976 -1868 11380 -3098 843 -880 END
START -2708 -2144 11404 -3312 343 -1136 END
START -2564 -2560 11364 -2456 521 -1144 END
START -2480 -2420 12144 -1583 648 -826 END
START -2612 -2404 12128 -1408 395 -423 END