START -4244 -380 15936 1087 1915 -240 END
START -5788 916 14128 -211 500 82 END
START -6104 -3716 14008 80 1966 -341 END
START -4052 -388 14968 645 727 -799 END
START -3532 -460 14588 266 566 -643 END
START -3340 -508 14368 -304 392 -390 END
START -3408 -452 14032 -535 393 -147 END
START -3216 -360 13396 -562 271 72 END
START -3316 -416 13316 -570 72 121 END
START -3688 -236 13188 -573 -2 22 END
START -3836 464 12652 890 -3666 -678 END
START -3816 1040 14148 176 -4563 -1606 END
START -3220 736 12676 2187 -6862 -2745 END
START -2300 416 12816 4303 -8253 -3712 END
START -1580 28 11880 5949 -8148 -4112 END
START -1320 156 11820 7421 -8025 -4012 END
START -1588 200 12072 8683 -8771 -3538 END
START -2344 1488 12104 9992 -9312 -3526 END
START 376 4276 14664 -1162 -4880 -2437 END
START -3208 -1800 12136 -1535 -5042 -2806 END
START -1608 5964 10008 1847 -6678 -4835 END
START -448 -664 12808 -1049 -8205 -4742 END
START -724 2644 11576 3421 -7617 -5963 END
START -756 -468 13444 1560 -7852 -5340 END
START -772 628 12988 2648 -8273 -5366 END
START -952 -80 13480 2358 -8656 -5254 END
START -328 660 13788 3113 -9552 -5734 END
START 604 600 14444 3470 -10608 -6383 END
START 2288 244 15340 4259 -11106 -6934 END
START 1992 -876 15184 5632 -10515 -6836 END
START 1944 -2392 17896 5642 -10894 -5992 END
START 1960 -1780 17368 4525 -11203 -5005 END
START 2192 -1892 18080 4442 -11456 -4308 END
START 2244 -1436 17572 4753 -12193 -3845 END
START 2648 -492 18736 6881 -12271 -4271 END
START 2372 -524 20896 7494 -12060 -4568 END
START 2264 -340 22496 7211 -11466 -4777 END
START 1128 -3252 21704 4323 -13258 -4308 END
START 1784 -2096 22592 3188 -12579 -4201 END
START 1544 -3664 23264 3984 -12311 -4358 END
START 2420 -2416 25108 4366 -11834 -3767 END
START 2440 -3444 27468 5495 -10709 -3004 END
START 2716 -428 29196 -3412 -9335 677 END
START 680 -6212 26296 12380 -7742 -2187 END
START -260 3460 31092 3653 -6778 -118 END
START -2448 -1760 28760 2121 -4690 443 END
START -2728 3424 28976 1357 -4178 -364 END
START -3400 3584 29580 678 -3460 -1826 END
START -2724 3380 29644 468 -3096 -3358 END
START -1928 3280 29652 -360 -2388 -4102 END
START -1552 2596 30332 -1001 -1378 -4018 END
START -1204 2240 29980 -1802 -53 -3548 END
START -904 2276 29868 -1867 1858 -3099 END
START -728 2580 29388 -1831 3972 -2758 END
START -464 3480 29904 -2419 5482 -2844 END
START -324 3616 28472 -2074 7225 -3477 END
START -56 2876 26904 -2817 8468 -3848 END
START 420 2848 26244 -1996 9744 -4479 END
START 220 2652 25556 -3101 10100 -4120 END
START -228 2684 24996 -2636 10409 -4200 END
START -84 2968 24696 -3335 10822 -4383 END
START -108 2740 23796 -3819 10134 -4769 END
START 32 2768 23028 -2304 10402 -5471 END
START 448 2656 22852 -1743 11042 -5763 END
START 476 2284 22532 -1999 11782 -5822 END
START 488 1916 21464 -2087 12013 -5896 END
START 516 1452 20144 -2842 12523 -5720 END
START 532 1504 19736 -2697 12243 -5720 END
START 744 800 19340 -3306 11977 -5551 END
START 804 700 18452 -3222 11752 -5450 END
START 1140 524 18112 -3956 12066 -5226 END
START 1280 840 17472 -4603 12043 -4998 END
START 1408 664 17000 -6023 12365 -4498 END
START 612 -144 17124 -7695 12460 -4269 END
START 1424 -380 15628 -7700 10611 -4616 END
START 692 -1968 13616 -7963 11848 -4288 END
START 308 -2068 12636 -9344 11102 -3407 END
START 844 -1544 13500 -7004 12999 -3074 END
START 8 -2248 12212 -6172 11760 -2794 END
START -76 -1352 12812 -5958 9722 -2572 END
START -316 -1700 11132 -6552 8757 -2277 END
START -364 -1604 9944 -6630 7610 -2400 END
START -640 -1476 9040 -6858 6107 -2443 END
START -420 -2148 8000 -6505 3851 -2846 END
START -548 -2596 8544 -6168 2666 -3050 END
START -680 -3268 8656 -5771 1164 -3083 END
START -440 -3828 8632 -5466 598 -2421 END
START -216 -3864 8008 -5114 861 -1368 END
START -368 -3220 8228 -4763 343 -330 END