START -4356 32 18008 1775 199 -21 END
START -7100 1564 12264 -783 -705 210 END
START -6336 -1820 14904 52 487 -140 END
START -4280 112 14972 743 -435 -147 END
START -3412 460 15092 -51 -664 180 END
START -3216 692 14808 -435 -684 388 END
START -2904 1512 15532 -1114 -1143 569 END
START -2400 1660 14380 -1477 -978 484 END
START -2640 1204 12720 -615 -3311 72 END
START -3184 1528 11640 2141 -4164 -377 END
START -3608 -960 12744 1938 -5006 58 END
START -4652 -532 10572 4343 -5962 -496 END
START -4496 -396 11988 4784 -7526 -790 END
START -3748 2296 13636 7480 -8350 -1905 END
START -2460 1372 11632 10587 -10130 -3078 END
START -4228 600 14288 -3152 -4075 -1612 END
START -2528 -204 12876 2669 -3638 -2467 END
START -2148 596 14032 1790 -3497 -2163 END
START -2388 -280 14536 1229 -4162 -1713 END
START -2296 152 14232 191 -5539 -1708 END
START -1996 328 13100 515 -5960 -1983 END
START -756 800 15244 1643 -6805 -2348 END
START -816 -356 11960 1748 -7333 -2175 END
START -1768 -168 13468 3504 -6721 -1954 END
START -2380 360 15616 3052 -7129 -1424 END
START -2508 1572 15692 2691 -7254 -1796 END
START -2696 1888 15952 1840 -7284 -2419 END
START -2244 2664 15708 1969 -7376 -3617 END
START -1248 2028 14748 2567 -8025 -4341 END
START -2240 28 11992 4590 -6937 -5172 END
START -2520 612 15724 4321 -9176 -5060 END
START -2924 380 17200 3445 -10524 -5084 END
START -2680 192 18576 2356 -11985 -5195 END
START -1396 1404 20332 1882 -12337 -5845 END
START -364 776 21364 2069 -11420 -6877 END
START 664 -36 21752 2800 -10024 -7309 END
START 584 -1996 22516 3399 -8836 -6922 END
START 640 -3108 22860 2722 -8418 -5921 END
START 380 -2840 23464 3210 -7823 -4854 END
START 240 -2908 23952 2970 -7605 -4065 END
START 440 -1900 24264 3123 -7180 -3398 END
START 376 -2000 25020 2743 -6876 -2841 END
START -508 -1160 25040 2078 -6559 -2584 END
START -1172 -1432 25588 678 -6591 -2474 END
START -1232 -1020 25548 -221 -6358 -2725 END
START -732 -1156 25864 -160 -5523 -2972 END
START -352 -1116 25688 -1 -4370 -2994 END
START 348 -964 26676 912 -2986 -2826 END
START 108 -1292 27116 434 -1625 -2025 END
START -100 -924 26608 -269 -899 -1269 END
START -632 -228 26052 -481 -465 -969 END
START -1200 352 25984 -531 149 -879 END
START -1380 844 26128 -746 527 -1113 END
START -1140 1684 26612 -1028 891 -1575 END
START -968 2196 26556 -1005 1719 -1951 END
START -876 2176 26120 -877 2773 -2036 END
START -988 2668 26548 -1000 3737 -1971 END
START -1632 2868 26240 -1175 4725 -2020 END
START -1672 2972 25764 -1873 5579 -2177 END
START -1848 3692 24852 -1855 6274 -2597 END
START -1972 2976 23856 -1435 6891 -3286 END
START -1716 3304 23168 -1152 7692 -3674 END
START -1972 3000 22964 -687 8033 -4221 END
START -1776 3488 22304 -1180 7905 -4734 END
START -2048 3520 21388 -1236 7766 -5284 END
START -1988 2880 20956 -1647 7315 -5851 END
START -1892 2600 20788 -2202 6937 -6125 END
START -1404 2288 20800 -2754 7152 -6387 END
START -772 1192 19840 -2330 8219 -6481 END
START -680 920 18960 -1556 9393 -6114 END
START -688 776 18752 -765 9990 -6130 END
START -980 560 18192 -185 10138 -6207 END
START -928 540 18208 -380 9598 -6360 END
START -572 604 18436 -1137 8762 -6453 END
START -432 564 18168 -2266 8195 -6476 END
START 24 332 17340 -4280 8788 -6410 END
START 768 3032 20620 -8591 10106 -5617 END
START 1236 -3592 15456 -7729 13720 -5078 END
START -220 -2984 12780 -6996 10672 -3911 END
START 356 -1564 13444 -3567 10555 -3634 END
START -272 -2380 13740 -3430 10101 -3119 END
START -560 -336 13044 -1984 8929 -3397 END
START -1088 -1548 12752 -2613 7117 -3618 END
START -1024 -1984 11228 -2955 6249 -3920 END
START -524 -3148 9884 -3334 5429 -3631 END
START -800 -2916 9196 -2981 4733 -3571 END
START -612 -3928 9092 -1933 4522 -3136 END
START -520 -3564 9792 -1710 2441 -2468 END
START -728 -4004 10104 -1286 963 -1736 END
START -1320 -3612 10476 -1543 725 -1204 END
START -1412 -3620 10972 -1972 604 -490 END
START -1552 -3288 10572 -2250 687 112 END