START -4460 -868 17360 23 1403 1710 END
START -6236 1720 13036 -1588 587 1986 END
START -3536 -332 14192 -203 1400 1622 END
START -4460 -888 14652 434 859 513 END
START -3712 -1216 14340 899 1342 275 END
START -3352 -1732 14572 1074 1387 467 END
START -3136 -1932 14032 920 1468 1077 END
START -2904 -2036 13452 757 1284 1849 END
START -3504 -1720 12928 1015 949 2564 END
START -3692 -1236 12948 1309 472 2941 END
START -4028 -920 12956 1349 23 2926 END
START -3704 -416 12952 1255 -157 2697 END
START -3440 -164 13196 859 -574 2349 END
START -2932 -96 13012 539 -1095 2019 END
START -2540 -308 11332 530 -3678 1905 END
START -2348 4 12084 1122 -5113 1959 END
START -2244 -140 10700 4231 -6672 1887 END
START -2404 -444 11092 6461 -7125 1991 END
START -2976 -908 11172 7846 -7913 1933 END
START -3136 84 11592 10425 -9476 1167 END
START -2160 -36 11528 13295 -10531 841 END
START 4860 4840 14784 5795 -3674 3736 END
START -1276 1084 14244 2217 -6492 2537 END
START -1708 1296 14772 1761 -7516 2774 END
START -1056 1900 12232 1663 -8183 2357 END
START -1916 696 13228 -49 -9457 2293 END
START -1944 2044 13236 1484 -9040 1222 END
START -2452 -100 12976 1370 -10239 757 END
START -1232 1820 15556 3473 -10436 49 END
START -1124 848 15844 3240 -10383 1 END
START -124 1380 16496 4276 -10437 -114 END
START 388 1564 17364 3904 -10396 322 END
START -180 2712 17636 3850 -10610 336 END
START -488 3184 18184 2971 -11271 373 END
START -1304 3564 17872 2364 -11912 62 END
START -1088 4112 17672 2675 -12215 -653 END
START -1068 4488 17772 3798 -12265 -1608 END
START -516 5000 18908 4974 -12261 -2782 END
START 48 5172 20428 5105 -12121 -3635 END
START -296 4568 21512 4456 -11821 -3858 END
START -196 4692 22312 3634 -11870 -3966 END
START -672 5180 22876 3216 -11544 -4112 END
START -540 5852 23568 3489 -10706 -4431 END
START -420 6912 24000 4286 -9452 -4570 END
START -288 7820 24968 5043 -8400 -5455 END
START 432 7972 25852 4549 -8112 -6418 END
START 412 7240 26884 3886 -7796 -7173 END
START 644 7108 27912 2691 -7233 -7892 END
START 1204 6212 28512 1155 -6511 -8510 END
START 1468 5616 28352 143 -5178 -8792 END
START 2416 5056 28368 293 -3835 -8871 END
START 3128 5452 28596 488 -2260 -8587 END
START 3392 3856 29396 641 -649 -8194 END
START 2908 4356 30008 77 451 -8052 END
START 3228 3840 30116 -574 1078 -8312 END
START 3336 3168 29196 -1727 1783 -8215 END
START 3764 2344 28384 -1855 2732 -7923 END
START 3904 1888 27556 -1500 4062 -7544 END
START 4160 1408 28052 -1579 5073 -6827 END
START 3664 1008 27636 -1801 6134 -6113 END
START 3400 440 26544 -1975 7248 -5309 END
START 3336 1192 26008 -2705 8435 -4640 END
START 3056 1048 24776 -2736 9661 -4098 END
START 2604 1164 23724 -2406 10495 -3757 END
START 2092 1180 22656 -1901 11282 -3612 END
START 1916 1220 21984 -1738 11754 -3547 END
START 2028 980 21100 -1524 12225 -3317 END
START 1640 556 20656 -1617 12833 -2923 END
START 1240 552 20160 -2097 13436 -2421 END
START 672 804 19672 -2431 13753 -2248 END
START 608 832 18696 -3169 14324 -2121 END
START 532 1268 17292 -4174 15395 -1779 END
START 116 1064 16020 -5208 16210 -1513 END
START -424 1236 15980 -5946 16769 -1284 END
START -1124 668 15124 -5421 15915 -1412 END
START -1088 812 14876 -5381 16116 -1510 END
START -2316 -3336 10932 -4825 14484 -1223 END
START -1484 -720 12032 -3406 13813 -1306 END
START -1260 -168 13248 -4125 12268 -1061 END
START -1804 -64 13376 -4110 11730 -787 END
START -1792 -36 12144 -4439 10243 -520 END
START -2048 8 11352 -4135 10211 -339 END
START -2020 -92 10552 -3574 10354 -14 END
START -2540 232 10400 -3236 9410 160 END
START -3152 396 10548 -3407 8183 62 END
START -3476 172 10464 -3301 6683 -372 END
START -2944 -228 9932 -3899 6101 -250 END
START -3048 -772 9144 -4012 5130 123 END
START -3672 228 9448 -4987 5023 623 END
START -3712 -160 7344 -4028 3427 713 END
START -3696 112 7528 -2974 2078 1029 END
START -3896 320 7480 -2159 912 987 END
START -4176 576 7792 -1756 -259 814 END
START -4164 636 7804 -1246 -666 464 END
START -4256 356 7960 -617 -848 82 END
START -3828 0 7512 276 -909 -17 END
START -3592 -288 7464 1362 -910 -29 END
START -3816 -316 7916 2414 -1359 -12 END
START -3372 -440 8504 2868 -2126 205 END
START -3204 -524 8944 2901 -2957 579 END
START -3072 -608 9220 2765 -4259 1072 END
START -2708 -400 9800 2526 -5377 1625 END
START -2936 -392 10384 2414 -6367 2028 END
START -3096 124 10928 2485 -7353 2079 END
START -3224 724 11796 2312 -8279 1858 END
START -3336 1024 12864 1948 -9036 1352 END
START -2840 1392 13372 2152 -10852 807 END
START -2240 1556 13332 4024 -11527 585 END
START -2216 1616 14196 5164 -11881 817 END
START -1924 624 14344 7240 -13572 680 END
START -2284 2120 13420 8101 -14546 553 END
START -2428 -628 12416 12215 -14525 -180 END
START -1792 5272 15596 12214 -15586 210 END
START -2744 3260 17104 1309 -9167 2062 END
START -2516 3544 16324 963 -12536 1006 END
START -1624 5400 18008 -241 -12715 512 END
START -1556 5248 16968 502 -12224 -699 END
START -1272 4948 16564 279 -11980 -1122 END
START -1208 4488 16972 1628 -12046 -1909 END
START -1064 4532 18036 2345 -11799 -2383 END
START -380 4376 18528 4067 -10823 -2511 END
START -48 5352 19080 4605 -9925 -2022 END
START -244 6040 19780 4713 -10038 -2077 END
START -428 6696 20292 3537 -10446 -2228 END
START -632 7456 20796 2659 -11290 -2876 END
START -380 7488 21808 2275 -12132 -4169 END
START 120 6356 23076 1970 -12335 -4795 END
START -144 6548 23896 3034 -11571 -5476 END
START 712 6320 25112 3934 -10405 -5835 END
START 1160 6204 26712 3542 -9181 -5716 END
START 1432 6404 26864 2195 -8788 -5886 END
START 1612 5496 26272 787 -8246 -5573 END
START 1384 5736 26452 276 -7287 -5172 END
START 2200 4600 30260 -333 -5147 -5166 END
START 916 6364 28140 215 -4868 -5297 END
START 1112 6052 27296 1258 -2913 -5621 END
START 1252 5832 27820 1750 -1090 -6105 END
START 1576 5660 28284 1156 384 -6322 END
START 2056 5244 28248 29 1052 -6383 END
START 2368 4904 28276 -1240 1388 -6375 END
START 1876 4224 27812 -2348 1740 -6317 END
START 2028 3460 27672 -3225 2280 -6281 END
START 2292 2844 27028 -2961 3122 -6300 END
START 2512 1784 26860 -2434 4808 -5988 END
START 2668 1372 26652 -1803 6550 -5667 END
START 2720 1080 26008 -1039 7990 -5304 END
START 2716 636 25724 -1714 9202 -4706 END
START 2392 488 24332 -2112 10057 -4226 END
START 1960 -260 23004 -1634 10932 -3576 END
START 1444 -308 22124 -780 12100 -2799 END
START 812 -208 21096 -640 13161 -2064 END
START 508 1224 20196 28 13412 -1753 END
START 84 1108 19280 143 13524 -1598 END
START -268 1644 18760 -847 13250 -1425 END
START -440 2152 17848 -1787 12311 -1585 END
START -940 2044 17548 -3514 11396 -1846 END
START -780 1800 16684 -5764 11154 -2006 END
START -580 1424 16300 -6488 11673 -2027 END
START -488 100 15644 -7083 11573 -1367 END
START -692 304 14640 -5915 11138 -848 END
START -1100 -80 14008 -5355 10681 -424 END
START -1112 436 13900 -5362 10297 -54 END
START -1308 412 13516 -5889 9744 204 END
START -1584 384 12676 -6276 8540 -4 END
START -1672 -760 11004 -6442 7703 -255 END
START -1896 992 10380 -6815 6756 -191 END
START -2192 -1648 11324 -6249 5906 -100 END
START -1404 1548 13260 -6222 4434 555 END
START -1856 140 11664 -6097 3767 992 END
START -2412 232 11284 -6936 2897 1556 END
START -2596 -408 10052 -6166 2474 1677 END
START -2804 -248 10224 -6360 1499 2172 END
START -3056 276 10748 -5393 1123 2545 END
START -3196 492 11480 -4081 1398 2805 END
START -3896 884 11648 -3187 1410 2727 END
START -4212 1256 12444 -2357 990 1996 END
START -4160 1240 12608 -2268 759 1285 END
START -3860 880 12332 -2031 357 796 END
START -3604 372 12364 -1490 336 665 END
START -3120 196 12640 -419 507 912 END
START -3152 172 12936 30 575 1451 END
START -3448 792 13220 240 -13 1807 END
START -3884 1456 13884 219 -674 1915 END
START -4332 1780 14544 41 -701 1631 END
START -4340 1988 14748 -39 -396 1215 END
START -4212 2088 14688 151 -86 772 END
START -3980 1960 15044 133 -237 353 END
START -3488 1920 15576 -231 -460 281 END