START -4156 -1412 16536 1532 1647 1922 END
START -6568 -864 13472 -109 1261 2196 END
START -6092 -2880 14732 1722 2354 1902 END
START -4096 -1352 14740 1457 1916 1567 END
START -2664 -1204 13768 1560 2225 1923 END
START -2484 -1392 12612 1987 2235 2482 END
START -2444 -988 12176 2497 1545 2965 END
START -2504 -156 12044 2001 582 3163 END
START -3204 404 11820 1087 -621 2969 END
START -3836 876 11788 511 -1530 2596 END
START -4504 1264 11624 154 -2427 1931 END
START -4596 2376 12064 -505 -7659 683 END
START -3532 3804 11372 2062 -7382 -347 END
START -3672 -528 11588 5005 -9601 -1360 END
START -2440 1232 10708 8145 -8731 -1703 END
START -2416 -224 11552 10508 -9332 -1537 END
START -1284 1384 10352 15508 -9486 -1233 END
START 1724 5160 14712 -274 -1968 3016 END
START -2672 1616 12976 5153 -5387 541 END
START -1988 3696 13568 1275 -7831 951 END
START 4160 148 10220 7846 -13662 -717 END
START -1524 2816 14444 -2685 -11919 1134 END
START -1136 660 14868 1943 -10254 -530 END
START 64 2256 15392 774 -10477 -62 END
START 180 -564 14912 2198 -10349 373 END
START 520 2312 16912 3068 -9196 1153 END
START -220 1608 17896 2960 -8891 1515 END
START -1328 3176 16540 2402 -9751 1210 END
START -1500 2480 17176 2188 -10532 422 END
START -1432 2976 17380 1626 -11357 -62 END
START -1088 2364 17660 1741 -12211 -395 END
START -704 3120 18460 2213 -12846 -205 END
START -152 3828 19416 2453 -13611 -77 END
START 84 4584 20532 3025 -13771 -198 END
START 228 5408 22264 2737 -13301 -248 END
START -272 5628 23248 2078 -12655 -538 END
START -752 6200 22924 1534 -11518 -909 END
START -1352 6648 22760 2527 -10117 -1861 END
START -1348 7544 22908 4038 -8573 -2990 END
START -1016 7656 23816 5482 -7449 -3957 END
START -376 8052 25196 5726 -6763 -4414 END
START -464 8280 25588 5203 -6466 -4674 END
START -40 8464 26468 3541 -6677 -4978 END
START -132 8600 26648 1959 -7183 -5466 END
START 144 8296 26940 758 -7005 -6049 END
START 708 8444 28788 564 -5767 -7042 END
START 1256 7860 29500 -122 -4091 -7709 END
START 2268 6220 29316 298 -1923 -8251 END
START 2916 6248 28752 396 -331 -8315 END
START 3696 5280 27908 365 510 -8084 END
START 3516 4556 28480 -676 506 -7839 END
START 3636 3264 28504 -1218 1451 -7539 END
START 3888 3348 28908 -2019 1869 -7117 END
START 3660 3524 27980 -2891 3227 -6552 END
START 2908 2416 27360 -3030 4199 -6229 END
START 2288 2172 26472 -2806 5731 -6053 END
START 1880 1964 25436 -2050 7279 -6092 END
START 1852 1676 24712 -1255 8841 -6147 END
START 1976 1496 24432 -900 9633 -6075 END
START 2016 1052 24088 -1008 9862 -5903 END
START 1984 592 23600 -1114 10242 -5382 END
START 2168 604 23548 -1121 11316 -4572 END
START 2740 836 22320 -3070 12867 -3348 END
START 1476 984 22096 -1302 13647 -3401 END
START 1144 2012 19732 -1334 14744 -3181 END
START 480 2008 18088 -132 15250 -3510 END
START 284 2512 17292 -640 15100 -3727 END
START -164 2760 16920 -1412 14525 -4196 END
START -28 2216 15856 -3739 14432 -4252 END
START 64 2004 15420 -4849 14519 -4044 END
START -80 804 14432 -6013 14120 -3526 END
START -1468 412 11444 -5196 12679 -3500 END
START -404 -464 14112 -6001 15429 -2548 END
START 176 -444 13732 -5690 15154 -1537 END
START -620 -1000 12716 -4227 14074 -711 END
START -1644 -1096 11376 -976 12850 -294 END
START -2324 540 12620 -1578 9695 381 END
START -2324 1056 10896 -1096 8812 144 END
START -3004 516 10812 -1731 8905 -73 END
START -2584 960 10588 -2132 7554 -415 END
START -2468 296 10248 -1691 6811 -577 END
START -2396 72 9596 -1459 6378 -331 END
START -2692 204 9840 -1325 5660 69 END
START -2756 140 9552 -1127 4167 368 END
START -2680 220 9040 -1005 3094 715 END
START -2716 272 9320 -849 2429 1096 END
START -2840 296 9480 -710 1431 1425 END
START -2816 516 9592 -757 1193 1721 END
START -3008 600 9916 -908 984 1623 END
START -3004 508 9224 -1067 841 1386 END
START -2792 144 8512 -527 496 1280 END
START -2400 -92 8028 642 127 1356 END
START -2144 -292 8288 1595 -301 1777 END
START -2100 88 8672 1884 -1086 2327 END
START -2232 524 8844 1807 -2443 2592 END
START -2304 792 9400 1733 -3659 2718 END
START -2532 1212 9788 882 -4951 2838 END
START -2600 1200 10100 395 -5555 2737 END
START -2608 1496 9532 228 -5601 2805 END
START -2888 2008 9636 908 -6416 2430 END
START -2704 2364 9948 1360 -7274 2032 END
START -2644 2560 10308 2427 -9393 1499 END
START -2224 1868 10296 3736 -11351 1122 END
START -3576 1216 6536 3451 -15988 759 END
START -2124 608 14356 8056 -15333 132 END
START -2492 3128 11120 6247 -16485 381 END
START -2452 5548 12616 9712 -19131 -580 END
START 2796 10552 19364 -4449 -10717 773 END
START -2680 2560 15608 -58 -14513 -978 END
START -492 6020 15732 -1168 -13628 -851 END
START -1564 3328 16400 1517 -12976 -1066 END
START -1436 6672 17324 583 -13535 -907 END
START -2096 5072 18412 1650 -13946 -1601 END
START -1756 6244 19212 1456 -14119 -2179 END
START -1332 5496 19764 2198 -13777 -2532 END
START -812 6708 20620 2200 -13267 -3037 END
START 8 6020 21008 2526 -13025 -3711 END
START 416 5852 21268 2324 -12783 -3680 END
START 320 5680 22076 2184 -12866 -3682 END
START 344 5392 23076 1809 -12517 -3689 END
START 404 4972 23700 2338 -11629 -3620 END
START 152 4920 23728 2386 -10625 -3285 END
START -16 6144 23504 2952 -9482 -3296 END
START 84 6568 24312 3569 -8451 -3951 END
START -348 6272 25256 3407 -7711 -4722 END
START -284 7136 26216 2609 -6743 -5295 END
START 112 6944 26784 2365 -6576 -5971 END
START 604 6036 27048 1958 -5386 -6112 END
START 768 6976 27600 1220 -4703 -6329 END
START 1288 6456 28836 501 -3736 -6902 END
START 1908 5704 29024 -351 -2710 -7392 END
START 2516 4720 29564 -440 -1262 -7597 END
START 2640 3824 30008 -639 475 -7502 END
START 3056 3052 29972 -1263 1834 -7262 END
START 3480 2136 29736 -2180 2764 -6733 END
START 3760 1532 29444 -3050 3481 -6044 END
START 3824 1372 29264 -3594 4447 -5230 END
START 3664 904 28412 -3595 5633 -4579 END
START 3348 1328 27440 -3413 7189 -4034 END
START 2372 832 25764 -2541 9289 -3521 END
START 2784 1740 25492 -3249 10665 -3212 END
START 2644 1648 24076 -3626 11053 -3112 END
START 2228 1544 22660 -3341 11969 -2808 END
START 2060 704 21184 -3853 12935 -1961 END
START 1392 1668 20288 -3206 13523 -1253 END
START 992 1892 19368 -3595 13533 -1046 END
START 576 2704 18080 -4080 13617 -1300 END
START 172 2240 17244 -5337 13544 -1459 END
START -176 2088 16408 -6247 13369 -1686 END
START -260 1756 15920 -6806 12416 -1715 END
START -128 1208 14352 -7811 11923 -1521 END
START -252 580 14192 -8196 12243 -1068 END
START -80 -176 13636 -6992 11669 -426 END
START -288 1008 15176 -5181 11095 -64 END
START -964 -736 12528 -4051 10596 305 END
START -1340 -500 11960 -3267 10288 509 END
START -1656 280 11668 -3735 9301 592 END
START -2128 1188 12340 -4756 7677 454 END
START -1880 800 12892 -5625 7083 249 END
START -1812 972 12304 -6660 6224 145 END
START -2304 -384 10328 -6756 4984 114 END
START -3276 24 13028 -5990 3105 244 END
START -2600 -640 11680 -4025 2247 966 END
START -2748 -280 11496 -3348 2208 1542 END
START -3040 176 11832 -2733 2570 2001 END
START -3272 640 11728 -2217 3212 2349 END
START -3888 1272 12216 -2368 2615 2132 END
START -4008 1100 12108 -2446 2351 1601 END
START -3912 1168 12212 -2821 1803 1253 END
START -3784 864 12176 -3074 1356 1074 END
START -4096 824 12240 -3007 871 900 END
START -3800 792 12684 -2678 238 638 END
START -3848 408 12576 -1959 404 652 END
START -3780 308 12604 -1051 711 909 END
START -3908 384 12768 -307 856 1147 END
START -4192 596 13024 70 500 1157 END
START -4512 852 13160 154 76 990 END
START -4780 796 13580 56 -328 579 END
START -4464 624 13812 59 -381 214 END
START -4336 480 14224 28 -208 110 END
START -4524 292 14140 200 -313 179 END
START -4092 216 14540 548 -206 200 END
START -3728 156 14444 1055 155 235 END