START -4828 -1416 17276 616 750 905 END
START -6460 -132 14324 -619 -150 1071 END
START -4024 -796 14336 353 376 879 END
START -4828 -1528 15616 146 22 297 END
START -4368 -2152 15064 126 227 374 END
START -3940 -2268 14788 72 315 706 END
START -3912 -2436 14484 328 579 1174 END
START -3464 -2296 14184 619 833 1669 END
START -3804 -2156 14052 848 953 2008 END
START -3948 -1444 14072 804 180 2011 END
START -3900 -944 14168 320 -620 1619 END
START -3828 -736 14108 -376 -1048 1234 END
START -3520 -788 13912 -582 -1081 968 END
START -3464 -972 13504 -383 -764 935 END
START -3384 -1168 12980 62 -471 887 END
START -2700 -780 13340 -292 -2264 812 END
START -3012 -1424 11864 2123 -3397 718 END
START -2868 -2408 12876 4249 -4004 835 END
START -2572 -3336 11880 6052 -3896 1496 END
START -2168 -3188 12192 7379 -4501 2800 END
START -2944 -1860 13424 8782 -7375 3796 END
START -2880 -796 13348 10494 -10580 4025 END
START -5360 -3308 6224 4623 -8066 3192 END
START -3032 1960 15656 443 -5124 4589 END
START -4220 276 14464 825 -5344 3395 END
START -2860 2600 15904 1041 -5513 2199 END
START -3496 608 14520 1509 -5496 1634 END
START -2996 1008 16348 2706 -5710 1100 END
START -2400 340 17088 908 -6453 1541 END
START -1612 1628 16492 616 -6846 1940 END
START -1704 1648 15964 627 -6980 2280 END
START -1868 2176 15976 1688 -7199 1997 END
START -2124 2628 16572 2463 -7112 1327 END
START -2220 2868 16912 1889 -7973 662 END
START -2860 2696 16636 1317 -9155 52 END
START -2440 2624 17152 1273 -9758 -469 END
START -1884 2344 17536 1053 -10153 -813 END
START -1292 2448 17152 1219 -10057 -1103 END
START -688 2584 17736 2438 -10040 -1371 END
START -88 2504 18252 3220 -10219 -1133 END
START -1124 2820 19540 3654 -10160 -798 END
START -2048 3144 20680 3354 -10031 -1091 END
START -2176 3508 20908 3181 -9578 -1662 END
START -2468 3720 21108 3523 -8964 -2544 END
START -1396 3352 20744 3985 -7986 -3273 END
START -496 3380 20764 4351 -7459 -3375 END
START 60 3404 20532 4175 -7681 -3154 END
START -564 3540 20460 3817 -8016 -2704 END
START -1628 3872 21128 3305 -8742 -2670 END
START -2092 4272 21788 3160 -8905 -3462 END
START -2216 4044 22896 3558 -8474 -4512 END
START -1576 5032 24552 3508 -8093 -5157 END
START -684 4424 26884 3837 -6842 -5971 END
START 4 4552 27476 2986 -5571 -6465 END
START 376 3876 28132 2506 -4810 -6678 END
START 420 3188 28416 1816 -3719 -6440 END
START 676 2636 29460 868 -2936 -6134 END
START 1164 2576 30260 -239 -2197 -5942 END
START 1464 2188 30584 -1198 -1813 -6052 END
START 1948 1764 31208 -2438 -1138 -6253 END
START 2732 940 29572 -2983 -3 -6330 END
START 2876 184 29784 -2935 2134 -5911 END
START 2752 -356 28932 -2898 4341 -4974 END
START 2624 -368 27792 -2466 6658 -3982 END
START 2220 172 26548 -2056 8367 -3321 END
START 1872 712 25036 -1625 9549 -3031 END
START 1300 1508 23488 -854 10274 -2966 END
START 964 716 22960 -737 10605 -2988 END
START 916 1404 22492 -1172 10289 -2985 END
START 892 1504 21564 -1751 10301 -3088 END
START 896 1128 20624 -2379 10234 -3034 END
START 380 916 19096 -2237 10511 -2795 END
START -100 688 18792 -1832 10908 -2594 END
START -336 864 18512 -1660 11038 -2655 END
START -548 748 17288 -1864 11666 -2714 END
START -132 132 17508 -2903 12305 -2432 END
START -252 308 16864 -3762 12437 -2001 END
START -228 236 16808 -3863 12400 -1863 END
START -264 72 16052 -4868 12567 -1517 END
START -460 1256 14844 -3295 11989 -1646 END
START -1272 -1792 12436 -3726 13158 -947 END
START -1444 -1776 13100 -3525 13053 -606 END
START -1460 -1820 14424 -4648 12961 -18 END
START -1648 -1100 11368 -2470 11613 -233 END
START -1556 -384 12220 -2761 11248 54 END
START -1764 -372 11620 -1971 8442 -139 END
START -1996 -156 11756 -1876 7879 43 END
START -2184 -308 11404 -1373 7685 118 END
START -2600 -348 10992 -1458 8139 54 END
START -3080 -276 10084 -1460 7735 -61 END
START -3016 -476 9800 -1553 6751 -186 END
START -2440 -328 9312 -2008 5330 -57 END
START -2828 -876 8336 -2409 5394 96 END
START -2764 -872 7820 -2688 3806 -16 END
START -2304 -1196 7284 -2169 3197 169 END
START -2660 -172 7752 -3310 2195 391 END
START -2744 -1284 7840 -1689 124 426 END
START -2572 -1496 7712 -889 -603 978 END
START -2924 -1504 8180 550 -44 1445 END
START -3012 -1368 8364 1915 -23 1755 END
START -3008 -1248 8956 2562 -343 1967 END
START -3144 -1220 9256 2844 -976 2267 END
START -3288 -984 9892 2955 -1533 2615 END
START -3484 -440 10500 2400 -2376 3069 END
START -4060 388 10964 1221 -3741 3129 END
START -4212 1076 10964 335 -5465 2854 END
START -4152 1448 10828 373 -6355 2496 END
START -4460 1912 11648 844 -7434 1878 END
START -4288 2128 12840 1402 -8472 936 END
START -3996 2508 13520 2841 -11091 -87 END
START -3556 720 13456 5244 -12351 -1262 END
START -3012 -180 13120 5328 -13063 -1020 END
START -2716 1512 11512 6377 -12664 -1118 END
START -2856 1720 13556 6899 -13332 -965 END
START -2776 2160 13720 9974 -14224 -1159 END
START -120 4088 15208 3516 -10344 -581 END
START -2056 4128 15544 16 -10327 -884 END
START -1872 1496 14612 2796 -13939 -1039 END
START -1524 4044 14728 756 -10768 -975 END
START -1916 2264 16208 1821 -10520 -845 END
START -1772 5108 16932 2279 -11045 -1176 END
START -1732 3960 17140 1817 -11185 -1487 END
START -1936 4748 18880 3575 -11977 -2192 END
START -1456 4624 19856 4164 -11438 -3013 END
START -672 5332 21028 4195 -10898 -3209 END
START -416 5348 21868 3058 -11295 -3494 END
START -488 5580 22532 1879 -11809 -3789 END
START -16 5700 23320 746 -12296 -4305 END
START 60 5440 24900 396 -12107 -5212 END
START 932 4112 24540 668 -10494 -5773 END
START 1388 3284 24676 2646 -7912 -5689 END
START 1780 3400 25156 3847 -6246 -5317 END
START 2080 3464 25572 3899 -5309 -4719 END
START 2108 4708 26440 2761 -5436 -4053 END
START 2012 4500 26248 1215 -6034 -4168 END
START 2248 3768 25460 17 -5963 -3867 END
START 2040 4200 25588 -545 -5326 -3555 END
START 1704 4388 25024 -1106 -4514 -3599 END
START 1340 4692 23888 -798 -3460 -3624 END
START 936 5500 23232 -237 -2648 -3944 END
START 664 5396 22932 598 -1747 -4644 END
START 412 5716 23000 952 -593 -5058 END
START -72 6012 23228 1105 40 -5718 END
START 296 5608 23244 441 542 -6428 END
START 620 5360 22876 313 1099 -6766 END
START 1000 5152 23344 -121 1147 -7069 END
START 1476 4312 23448 -591 1206 -7405 END
START 1544 3036 23624 -559 1826 -7182 END
START 1996 1912 24368 21 2736 -6720 END
START 1836 2144 24592 183 3741 -6135 END
START 1660 2036 25600 -249 4364 -5863 END
START 2036 1632 25724 -995 5000 -5635 END
START 2220 1088 25720 -1473 5399 -5236 END
START 2240 728 25560 -1429 6273 -4922 END
START 2460 508 26176 -2038 6871 -4438 END
START 2736 372 26020 -3098 7653 -3782 END
START 2556 268 24824 -3971 9137 -2947 END
START 2304 -288 24040 -2824 10559 -2185 END
START 1808 476 23444 -2084 11569 -1503 END
START 1492 1040 22536 -2060 12838 -1307 END
START 1044 624 21716 -2357 13663 -1278 END
START 912 144 20536 -3643 13956 -1142 END
START 388 1100 19720 -3929 14432 -1134 END
START 152 80 19528 -5704 14580 -1347 END
START 160 316 18312 -7959 14280 -1219 END
START 396 -232 16692 -8768 14504 -876 END
START 360 -1564 15324 -9159 14690 -142 END
START -164 -1488 14332 -8017 14721 645 END
START -668 -1612 13848 -7183 14020 1135 END
START -1232 -1928 11416 -5621 13002 1166 END
START -1716 -508 11688 -5253 11216 850 END
START -1956 64 12700 -6828 10108 489 END
START -1500 -144 11756 -7534 9621 -5 END
START -1924 -1872 10196 -7990 8182 229 END
START -1744 -1696 9392 -7096 7544 791 END
START -1660 -2128 8752 -6388 7022 1590 END
START -2468 -1552 8604 -5899 6105 2400 END
START -3260 -1040 8504 -5848 4498 2723 END
START -3680 -344 8356 -5830 3464 2664 END
START -3888 -504 8164 -6039 1965 2616 END
START -4504 236 8632 -5779 569 2188 END
START -4792 168 8856 -5535 -509 1684 END
START -4540 -252 9372 -4813 -548 1443 END
START -4560 96 9272 -3051 -88 1303 END
START -4776 -596 9844 -1609 281 1241 END
START -4792 -80 10336 -154 277 1289 END
START -5116 164 11316 338 3 1193 END
START -5212 328 11852 -33 -760 1056 END
START -5216 1136 11580 210 -1300 742 END
START -5300 664 12776 945 -1541 372 END
START -5268 860 13916 848 -1701 183 END