START -3564 -780 14200 1874 1081 1920 END
START -5296 1284 12100 843 -213 2217 END
START -1772 272 12276 1718 696 2206 END
START -3052 -780 13868 1596 1004 2181 END
START -3308 -956 13580 1309 1385 2488 END
START -3468 -1232 13384 707 1407 2536 END
START -3240 -1144 12836 486 885 2622 END
START -3144 -1008 13028 495 408 2956 END
START -3948 -1988 11136 335 -3587 2926 END
START -2964 56 12740 997 -3613 3187 END
START -2964 492 11544 2559 -5455 3054 END
START -2812 -80 11408 3425 -6518 2990 END
START -2980 428 12028 5028 -7265 2440 END
START -3404 872 12116 7089 -8632 1437 END
START -2900 916 12612 10428 -10585 109 END
START -3524 -268 988 -3423 -3820 2272 END
START -976 -220 13256 -2137 -4499 2085 END
START -1164 -784 12300 -2688 -3388 3307 END
START -636 1896 12908 -320 -4110 3438 END
START -2668 -1580 12064 -2224 -5683 4401 END
START -3104 2612 9696 96 -7519 3748 END
START -3628 1172 13072 2076 -8011 2699 END
START -3248 3796 14648 2587 -7973 1372 END
START -3300 1760 14136 2301 -9438 8 END
START -1100 4600 23632 3873 -12476 -628 END
START -1160 3000 16192 2520 -10414 -1973 END
START -76 1576 17152 2043 -10040 -1353 END
START -496 1736 16012 1169 -10985 -394 END
START -1032 2884 15832 1872 -11477 -184 END
START -2428 2872 16856 2911 -12672 -624 END
START -2668 4324 18000 3969 -13367 -1810 END
START -2224 4752 19660 5734 -12960 -3566 END
START -1056 4708 21300 5506 -12740 -4496 END
START -168 4560 22032 4963 -12542 -4807 END
START -48 4368 22644 4022 -12987 -4550 END
START -196 4248 23140 3988 -13005 -4273 END
START -348 4852 23952 4059 -12208 -3790 END
START -928 5708 24700 5785 -10290 -4240 END
START -1136 6516 25140 7320 -8074 -4772 END
START -908 7536 26612 8848 -6758 -5475 END
START -1292 7836 27288 7828 -6112 -5783 END
START -1768 8124 29360 5141 -7205 -6593 END
START -1120 7808 30056 3296 -6908 -7690 END
START -752 7312 30208 655 -6933 -8451 END
START -12 6476 30340 240 -5704 -8985 END
START 656 5648 30360 -77 -4451 -9197 END
START 1592 5388 30468 -222 -3193 -9399 END
START 2136 4128 30464 834 -1279 -9457 END
START 2576 3688 30904 788 914 -8894 END
START 2648 3516 30848 418 2933 -8351 END
START 2652 3364 29872 -221 4935 -7912 END
START 2312 2556 28484 -687 6225 -7353 END
START 2412 2496 27260 -779 6716 -6983 END
START 2260 2264 26336 -842 7077 -6714 END
START 2008 2224 25924 -1111 7533 -6520 END
START 1940 2336 25184 -1076 8517 -6571 END
START 1864 1808 24152 -848 9570 -6544 END
START 1588 1380 23276 -634 10525 -6169 END
START 1644 900 22036 -348 11416 -5761 END
START 1376 804 21476 -345 12138 -5175 END
START 1088 1452 20784 -799 12402 -4739 END
START 1200 1196 20000 -1280 12399 -4640 END
START 1072 1436 19236 -1887 11816 -4625 END
START 904 1184 18828 -3735 11489 -4666 END
START 1376 936 17296 -4756 11503 -4647 END
START 1256 328 17904 -5171 11009 -4465 END
START 796 16 17156 -5845 11069 -4288 END
START 1524 -664 15912 -7265 12357 -3145 END
START 1316 -1676 14804 -6823 13615 -1493 END
START 484 -1028 13584 -5997 14744 15 END
START -924 -612 14024 -4518 15298 475 END
START -1080 -504 12096 -4179 15049 564 END
START -1748 172 10936 -2707 12896 -26 END
START -1848 1700 12880 -4397 12762 143 END
START -2380 2096 12080 -3886 10727 -578 END
START -2672 804 10360 -4120 9085 -1144 END
START -2220 132 9904 -4787 7833 -958 END
START -2120 164 9264 -4494 7015 -394 END
START -1968 -856 8920 -3387 6497 475 END
START -2436 -264 8556 -2778 5917 1425 END
START -2984 512 8420 -2694 4311 1871 END
START -2976 1236 8000 -2071 3894 1906 END
START -3556 1916 7680 -1605 3442 1477 END
START -3552 2252 6964 -894 2392 539 END
START -3716 880 7068 217 2151 -400 END
START -3020 324 7340 944 1581 -781 END
START -2520 -508 7928 1579 1273 -571 END
START -2580 -1084 8612 1168 377 346 END
START -2648 -820 8916 843 -934 1180 END
START -2564 -952 9088 311 -2226 2031 END
START -2824 -464 9004 48 -3071 2824 END
START -3040 48 9072 494 -4020 3149 END
START -3724 524 9748 851 -4823 2904 END
START -3596 872 10788 1063 -5696 2291 END
START -3280 596 11532 1263 -6105 1889 END
START -3224 540 12192 955 -6436 1941 END
START -2616 684 12936 1478 -7429 2080 END
START -2648 -640 9396 2738 -9131 2335 END
START -2760 332 12792 4175 -10085 2674 END
START -2304 2524 13820 5835 -11461 2843 END
START -2644 676 12700 8863 -12110 2533 END
START -3040 3188 13108 12688 -13616 1264 END
START -4032 2304 14636 11490 -13223 1022 END
START -2596 4812 15260 -953 -8594 2382 END
START -3268 672 15736 -570 -10010 2316 END
START -1756 7192 15092 -216 -10251 1984 END
START -1908 3024 16012 -166 -10735 1630 END
START -1468 5908 15860 -170 -11508 1207 END
START -1500 3688 17400 666 -11715 681 END
START -1524 5196 17996 -164 -11259 316 END
START -1500 4536 18548 95 -10867 -350 END
START -1664 4892 17896 -25 -10474 -778 END
START -1064 4720 17556 1137 -10498 -1101 END
START -1100 5132 17496 1724 -11064 -1206 END
START -872 5552 18616 1914 -12016 -1435 END
START -1140 5952 19356 1706 -12437 -1962 END
START -916 6276 20416 1946 -12227 -2735 END
START -616 6280 21364 1876 -11778 -3408 END
START -468 6424 22156 1653 -11355 -4157 END
START 92 5716 22968 1509 -10905 -4824 END
START 724 5596 22972 1907 -9852 -4723 END
START 296 5304 23176 2546 -8751 -4304 END
START -104 6160 23240 3300 -7692 -4392 END
START -200 6312 24332 3615 -6699 -4986 END
START 196 5928 26640 1632 -6165 -5130 END
START 312 6788 26312 1723 -7153 -5945 END
START 216 6636 27064 828 -7501 -6385 END
START 336 6028 27500 147 -6350 -6708 END
START 612 5500 27784 -371 -5222 -7138 END
START 1116 5212 28280 -240 -3849 -7286 END
START 1500 4640 28512 10 -2406 -7307 END
START 2072 4276 28532 137 -855 -7214 END
START 2212 4004 29024 -36 427 -7036 END
START 2184 3604 29104 -630 1548 -6915 END
START 2432 3320 28796 -1444 2882 -6766 END
START 2256 2788 27776 -1659 4137 -6703 END
START 2244 2340 26720 -1825 5201 -6474 END
START 2152 2172 25940 -2043 5862 -6299 END
START 2268 1800 24796 -2283 6421 -6020 END
START 1912 -640 23588 -2853 7719 -5540 END
START 2212 1200 23248 -2579 8118 -5321 END
START 1768 760 22828 -1747 8577 -5153 END
START 2136 1824 22388 -2774 9392 -4713 END
START 2056 788 22096 -2531 9620 -4644 END
START 2016 724 21536 -4251 10005 -4089 END
START 2088 1180 20444 -5264 10565 -3467 END
START 1576 172 19296 -6659 11335 -2817 END
START 1360 196 18852 -7192 11507 -1920 END
START 712 664 16636 -5996 12324 -1765 END
START 244 -604 16932 -5379 12233 -1291 END
START -248 344 16000 -5838 11965 -804 END
START -716 -172 15888 -5307 11114 -920 END
START -1164 -240 15544 -5475 10075 -884 END
START -1564 1480 14684 -5193 8755 -1203 END
START -1560 -792 14184 -6409 8200 -1126 END
START -1400 376 15300 -6046 7628 -1053 END
START -1072 -1048 13168 -5283 7682 -717 END
START -1108 -912 12212 -4469 7206 60 END
START -1444 -1016 12512 -4146 6988 661 END
START -1600 -452 11688 -3861 6740 1075 END
START -2064 -576 11532 -3752 5725 1330 END
START -2404 500 12456 -4114 4689 1217 END
START -2636 988 13636 -4627 3729 780 END
START -2824 800 12560 -4928 2897 501 END
START -2916 736 11936 -5033 2684 34 END
START -2228 -116 10852 -3398 4944 -120 END
START -3076 -160 12176 -1701 4265 -107 END
START -3160 -88 13448 -657 3744 43 END
START -2856 -492 13292 -93 3934 502 END
START -3260 -192 13100 -330 4872 1008 END
START -3600 564 13412 -982 3118 903 END
START -3760 792 13212 -1207 2439 767 END
START -4052 540 13580 -1209 1061 549 END
START -3872 564 13608 -1175 576 514 END
START -4120 624 13788 -1285 202 262 END
START -4072 480 13988 -1134 116 -135 END
START -3792 160 13544 -672 -84 -120 END
START -3564 -60 13952 -43 166 150 END
START -3900 -88 14436 -53 393 675 END
START -4068 24 14232 -265 445 1030 END
START -4332 348 14208 -223 288 1248 END
START -4404 528 14384 -239 1 1252 END
START -4760 956 14432 -41 -239 1032 END
START -5096 1244 15240 219 -939 389 END
START -4908 1168 15792 267 -1161 -353 END
START -4536 928 16588 163 -717 -823 END
START -4192 700 16632 -95 -244 -769 END
START -3820 956 17264 -841 66 -405 END