START -4936 -1624 16792 1247 781 377 END
START -7044 -1228 14384 -356 -404 620 END
START -3600 -232 14196 1332 213 369 END
START -4764 -1508 16544 1352 151 -33 END
START -4328 -1584 16488 1412 574 104 END
START -4268 -1864 16588 940 801 367 END
START -4236 -2012 16096 441 874 718 END
START -3968 -1940 15852 -211 690 1091 END
START -3580 -1568 15540 -760 616 1367 END
START -3540 -1240 15140 -1296 464 1426 END
START -3336 -944 14640 -1737 367 1282 END
START -3532 -984 13584 -1739 494 1044 END
START -3660 -1012 12672 -699 779 635 END
START -3564 -1028 12520 338 922 305 END
START -3228 -1196 12204 908 1146 -159 END
START -2400 -1368 11668 1027 525 -508 END
START -2100 -2256 10928 2677 -1214 -595 END
START -1280 -1272 10828 3997 -2321 -288 END
START -1080 -1324 11140 5694 -4682 -15 END
START -1260 -1872 11652 5914 -7068 354 END
START -2456 -1540 11064 6908 -10516 107 END
START -2748 -1116 12872 8068 -14011 -479 END
START -3032 -116 12532 10051 -15945 -1148 END
START -1424 1140 16552 -5262 -7697 599 END
START -3824 -2016 13684 1042 -7156 -561 END
START -1608 212 14104 948 -6793 -74 END
START -1548 -216 14120 877 -6107 973 END
START -2280 784 14876 2428 -6368 1679 END
START -2368 1408 15272 2716 -6479 1966 END
START -3028 2640 15212 2120 -7421 2216 END
START -3296 2388 16476 3692 -7366 1490 END
START -3824 4052 15464 1554 -8339 883 END
START -3620 3204 15160 1762 -9369 -595 END
START -3228 3172 15540 2552 -10436 -2110 END
START -2108 2436 16780 3280 -11426 -3233 END
START -1080 2704 18452 3125 -11415 -3232 END
START -860 2156 19096 3986 -11207 -3410 END
START -848 2336 20516 2725 -11051 -2706 END
START -1064 2228 20532 2579 -11055 -2597 END
START -1412 2668 20384 2368 -10728 -2458 END
START -1720 2572 20680 3324 -10066 -2769 END
START -1932 3448 21004 3927 -9017 -3305 END
START -1544 4020 21352 5163 -7954 -4209 END
START -1616 3512 22140 9583 -7330 -5598 END
START -932 3368 22456 4246 -8306 -4372 END
START -1436 3928 23344 5204 -8248 -5149 END
START -1036 3952 24372 2793 -9040 -5349 END
START -984 4584 25480 2797 -8672 -6317 END
START -272 3472 27860 1686 -7578 -6659 END
START -44 4432 27304 2097 -5719 -7188 END
START 84 3320 27624 2577 -3849 -7417 END
START 448 3324 28372 2954 -2709 -7239 END
START 548 3480 28980 2234 -1782 -7007 END
START 692 3332 29316 1105 -1253 -6974 END
START 1204 3144 29424 247 -803 -6966 END
START 1500 2740 29496 -747 -310 -7050 END
START 2008 2256 29212 -1404 814 -7000 END
START 1916 1812 29092 -1922 1696 -6924 END
START 1844 980 28156 -2128 3232 -6662 END
START 2184 336 27660 -1492 4691 -6430 END
START 2480 -104 27260 -1047 6203 -5774 END
START 2364 -380 26800 -780 7593 -5007 END
START 2184 -144 25848 -595 8587 -4396 END
START 1780 -336 24900 -253 9465 -3916 END
START 1856 88 24160 -168 10185 -3463 END
START 1308 -76 23452 -360 10805 -3067 END
START 880 -40 22504 -717 11079 -2883 END
START 1052 -264 21768 -605 11720 -2676 END
START 892 -128 21292 -668 12548 -2255 END
START 668 252 20472 -743 13356 -2047 END
START 228 -420 19744 -1505 14445 -1662 END
START 72 376 17040 -2243 15330 -936 END
START -220 -68 17836 -2090 15378 -1076 END
START -812 -16 17220 -3171 14627 -965 END
START -856 720 15884 -3379 14560 -1107 END
START -1492 -512 15636 -3780 13950 -1184 END
START -1252 -100 14608 -4441 13218 -1087 END
START -1716 -1496 12912 -4904 12376 -845 END
START -1332 -624 14132 -4898 12995 -487 END
START -1000 -232 14428 -4973 12960 -194 END
START -1576 -460 13396 -4394 11721 182 END
START -2640 -1600 11536 -3822 11699 674 END
START -2700 -20 11792 -3387 9878 834 END
START -3140 -260 11056 -2940 8767 585 END
START -3016 -568 9848 -2297 9521 384 END
START -3200 -460 9456 -1270 8655 239 END
START -2928 12 10140 561 7516 53 END
START -3244 -512 9556 358 6401 293 END
START -3192 -256 9664 1410 5626 242 END
START -3072 -492 9992 485 4790 402 END
START -3032 -500 9268 -348 3904 649 END
START -3020 -412 9096 -1102 2737 1027 END
START -3408 -60 8728 -1478 1477 1190 END
START -3460 -168 8536 -1404 601 1128 END
START -3488 -236 8440 -843 416 1032 END
START -3224 -468 8048 -14 303 951 END
START -3188 -768 8016 1158 -145 1088 END
START -3236 -908 8300 2123 -765 1419 END
START -3268 -1004 8872 2678 -1389 1832 END
START -3492 -860 9728 2543 -2419 2228 END
START -3740 -68 10532 1970 -3609 2323 END
START -3836 24 11420 1461 -4580 2447 END
START -3932 128 11856 731 -5147 2616 END
START -3708 488 11540 818 -5483 2704 END
START -3632 776 12028 1440 -5729 2823 END
START -3804 1328 12620 1649 -6204 2865 END
START -4012 1612 12784 1806 -6486 2641 END
START -4212 1124 12728 3048 -7626 1964 END
START -4256 3044 12316 3589 -11372 1087 END
START -3264 900 15248 9592 -10642 47 END
START -3752 2004 13208 6922 -13379 437 END
START -2812 3668 10924 8896 -14151 262 END
START -3044 3568 14644 4957 -12510 172 END
START -3116 4916 14964 -1141 -10470 260 END
START -3336 1664 15472 -1764 -10900 188 END
START -2296 5712 15328 92 -10460 -450 END
START -3516 2304 16464 -1087 -10299 -393 END
START -3660 5424 15528 -973 -10901 -1118 END
START -3976 3520 15932 -880 -11214 -2075 END
START -3748 4468 15972 163 -11871 -3070 END
START -2884 3628 16936 1370 -12192 -3557 END
START -1956 3988 18348 2348 -12430 -3434 END
START -1844 4104 20392 1798 -12581 -3068 END
START -1572 5080 20700 1111 -12728 -3190 END
START -1540 5096 21132 1116 -12961 -4019 END
START -1216 4696 21660 1343 -12679 -4622 END
START -1308 4924 22704 2100 -12079 -5086 END
START -992 4784 23684 2479 -11034 -5614 END
START -12 4976 24240 2342 -10188 -5898 END
START 12 4632 24360 2112 -9763 -5926 END
START 444 5024 24812 1848 -9550 -6235 END
START 744 4396 25332 1773 -9038 -6484 END
START 1000 4792 25792 1607 -8005 -6543 END
START 1152 4384 26640 1179 -7232 -6707 END
START 1032 3664 27204 1014 -5841 -6253 END
START 832 4916 26980 244 -4484 -5858 END
START 760 4644 25900 -86 -3455 -6020 END
START 560 4860 25604 -164 -2429 -6127 END
START 680 5196 25132 126 -1714 -6636 END
START 536 4980 24672 -644 -1562 -6979 END
START 592 4344 24376 -660 -1573 -7343 END
START 636 3276 24376 -376 -922 -7537 END
START 1036 2740 24660 263 204 -7554 END
START 1432 2540 25196 651 1395 -7458 END
START 2000 2080 25692 852 2415 -7620 END
START 2424 1732 25400 820 2964 -7659 END
START 3000 1240 25996 281 4151 -7205 END
START 3004 788 25228 -95 5059 -6512 END
START 3176 88 24604 -83 6164 -5716 END
START 2836 -32 24496 -476 6779 -4911 END
START 2584 -56 24064 -1148 7171 -4275 END
START 2244 104 23128 -1169 7950 -3866 END
START 1700 -228 22748 -1387 8376 -3541 END
START 1584 168 21860 -1236 8937 -3522 END
START 1476 -180 21576 -1684 9286 -3244 END
START 1240 -264 20880 -2458 9577 -2998 END
START 1532 -508 20384 -2546 10037 -2583 END
START 1268 -516 20252 -3766 11030 -1850 END
START 888 -800 19796 -4879 11181 -1327 END
START 508 -700 18372 -5866 11041 -791 END
START 276 -848 17648 -6214 10982 -541 END
START -188 -892 16496 -6435 11360 -130 END
START -304 -1612 15864 -6425 10707 180 END
START -112 -1376 16716 -7260 10362 555 END
START 488 -2368 14884 -6811 10943 719 END
START -284 -3028 14556 -6465 10016 1509 END
START -444 -2568 14276 -5604 9324 2551 END
START -668 -2248 14884 -5424 8378 3518 END
START -1208 -1592 14096 -6731 8266 4419 END
START -1456 -300 15664 -7511 8057 4935 END
START -2368 -948 12068 -7190 8342 5048 END
START -2808 656 13716 -6756 6675 4889 END
START -3640 -296 11860 -7758 6400 4332 END
START -3680 340 10928 -7117 5042 3458 END
START -3684 -832 10740 -7329 4590 3543 END
START -3476 -96 11120 -6537 3910 3369 END
START -3656 -1164 11536 -6706 3555 3439 END
START -3632 148 10640 -6090 3332 3469 END
START -4004 -964 10816 -5313 2770 3358 END
START -4116 -132 10996 -5129 1997 3292 END
START -4352 -596 10936 -4642 1684 2915 END
START -3972 0 10924 -4260 1819 2838 END
START -4144 -344 10592 -3227 1712 2841 END
START -4400 -264 10856 -2469 921 2680 END
START -4324 84 10944 -1788 126 2554 END
START -4628 616 11408 -680 -397 2251 END
START -5288 812 12512 315 -842 1585 END
START -5448 668 13544 545 -780 862 END
START -4876 1064 13768 766 -222 405 END
START -4828 948 14448 1377 36 94 END
START -4464 1100 15248 673 -278 46 END