START -5220 -1212 17020 512 919 890 END
START -4512 -352 9652 -897 12 1084 END
START -7768 -4976 15652 -380 1513 471 END
START -4160 -388 16480 396 557 384 END
START -4252 -1268 16156 229 646 264 END
START -3804 -1612 16132 -352 700 528 END
START -3760 -2024 15936 -789 732 1148 END
START -3416 -2024 15356 -1058 895 1771 END
START -3904 -2100 14692 -895 1261 2371 END
START -3728 -1724 14236 -425 1278 2806 END
START -3968 -1172 13892 -303 1041 2933 END
START -3860 -788 13576 -412 663 2628 END
START -3820 -660 12772 -760 783 2305 END
START -3952 -608 12508 -913 1155 1843 END
START -4032 -856 11816 -1089 1368 1005 END
START -3252 -1164 9976 -573 1610 540 END
START -3096 -1400 8748 893 1506 664 END
START -3020 -1236 9180 2464 410 1029 END
START -2956 -696 10384 2920 -1018 1193 END
START -3708 -676 11828 3465 -6867 578 END
START -3260 -1036 12496 5394 -10627 -232 END
START -2900 -2364 11744 5782 -13256 -371 END
START -2352 -1684 12556 7154 -13455 -465 END
START -3228 -1112 12096 10388 -13871 -329 END
START 1924 300 10104 1299 -2897 3472 END
START -3444 -1032 10560 798 -4031 1915 END
START -3788 560 14284 3321 -6259 1826 END
START -2800 3192 13232 2762 -7121 1911 END
START -3428 1100 14680 3077 -7353 1343 END
START -3572 3060 12808 654 -8826 1033 END
START -3840 2348 14016 2389 -10410 -36 END
START -3136 2388 14972 2177 -10878 -500 END
START 1620 1052 11188 9432 -13652 -1336 END
START -2440 2548 17352 1901 -11709 -1136 END
START -2388 3344 18388 3228 -10840 -1576 END
START -1964 3924 18288 2461 -10999 -1766 END
START -2036 4268 18136 2912 -10847 -2178 END
START -2356 4004 19244 2887 -11184 -2841 END
START -1812 3780 19724 3724 -10792 -3632 END
START -1284 3860 20608 4342 -10316 -3705 END
START -936 3524 21464 4970 -10106 -3633 END
START -284 4336 21536 4972 -10490 -3544 END
START -172 4944 22176 4646 -11008 -3331 END
START -624 5564 22632 4457 -10924 -3813 END
START -992 5044 23300 5076 -10012 -4317 END
START -684 5532 23956 5679 -8769 -4759 END
START -964 5980 24844 6096 -7605 -4948 END
START -948 7036 26336 5668 -7161 -5569 END
START -420 6928 26808 4943 -6580 -6436 END
START 68 6524 26644 4225 -5487 -6750 END
START 96 6068 26452 3216 -4884 -6892 END
START 388 6104 26904 2740 -4348 -7222 END
START 760 5716 27216 1985 -4260 -7529 END
START 932 5456 27632 1275 -4748 -7955 END
START 1540 5056 29116 699 -4055 -8342 END
START 1932 4436 29772 85 -2984 -8788 END
START 2252 3580 30260 -706 -975 -8915 END
START 2528 2480 29428 -1215 1362 -8674 END
START 2952 2092 28560 -749 3255 -8184 END
START 3096 1272 27804 -753 4221 -7579 END
START 2996 1112 27304 -898 4821 -6957 END
START 3180 348 26872 -963 5409 -6141 END
START 2932 276 26404 -964 6295 -5225 END
START 2584 -88 26212 -766 7416 -4607 END
START 2236 340 26184 -1149 8430 -4132 END
START 1880 604 25040 -1393 9465 -4040 END
START 1680 520 23748 -1037 10318 -3973 END
START 1776 604 22868 -905 11217 -3551 END
START 1424 -248 22628 -1423 12435 -2871 END
START 1180 -504 23020 -367 12386 -2570 END
START 876 192 21168 -1805 12662 -1926 END
START 1048 116 20312 -2252 12979 -1588 END
START 572 588 18832 -3056 13689 -1256 END
START 48 516 18212 -3796 14122 -1186 END
START -512 484 17508 -5019 14383 -1032 END
START -724 564 15788 -5298 14533 -1120 END
START -332 524 15108 -5290 14839 -1196 END
START -436 -316 12644 -5664 14529 -888 END
START -804 -1208 10920 -4821 15628 -575 END
START -1632 -616 14464 -5925 13732 -277 END
START -1444 -1200 12212 -5859 12541 151 END
START -1368 4 11248 -5940 10862 288 END
START -1568 -656 11168 -5318 11033 469 END
START -2264 -192 10764 -6472 9661 803 END
START -2548 -1016 10104 -4296 9656 805 END
START -2592 -232 9276 -4335 7540 1248 END
START -3060 -4 8472 -3018 7320 1324 END
START -3400 556 9032 -2866 5881 1122 END
START -3780 352 9572 -2750 4356 671 END
START -3480 52 9624 -2919 3346 383 END
START -3212 -272 9520 -3097 3164 535 END
START -2976 -408 9724 -3386 2439 955 END
START -2900 -136 9328 -3616 1849 1424 END
START -3408 -80 9116 -3418 1038 1730 END
START -3244 276 8844 -2721 522 1904 END
START -3404 96 8444 -1201 543 1789 END
START -3512 200 8780 248 684 1684 END
START -3548 0 9672 963 536 1449 END
START -3576 -436 10052 841 199 1247 END
START -3008 -708 9800 521 -595 1536 END
START -2868 -804 9732 432 -1479 2011 END
START -2940 -644 9748 428 -2387 2406 END
START -3340 -308 10172 748 -3236 2560 END
START -3464 -160 10068 654 -3935 2636 END
START -3520 -200 10168 1364 -4338 2435 END
START -3060 -268 10600 1691 -4748 2477 END
START -2776 -492 10568 2400 -4957 2884 END
START -2904 -164 11212 3016 -5627 3372 END
START -3216 684 12644 3824 -7613 3416 END
START -3824 1992 15016 3435 -10317 3205 END
START -3192 1404 12796 7147 -10360 2594 END
START -3544 168 11728 6039 -14115 2752 END
START -3476 3100 13704 8779 -13559 2201 END
START -3492 1900 13228 10696 -14513 1614 END
START -3268 6148 15068 17 -9098 3223 END
START -3292 2628 15524 1865 -11159 1202 END
START -2576 4392 15416 -2039 -11916 1363 END
START -1820 3576 15960 1177 -11808 -106 END
START -1432 2808 16208 -1829 -11894 512 END
START -1448 3452 16380 984 -12168 331 END
START -1656 3556 17792 144 -12044 809 END
START -2056 5256 18440 1740 -11563 498 END
START -2592 5548 18284 1200 -11432 58 END
START -2248 6584 17800 2238 -11601 -994 END
START -1988 6116 18100 2674 -11903 -1788 END
START -1108 6828 18808 3463 -12047 -2408 END
START -868 6528 19884 3476 -12224 -2800 END
START -684 7456 20720 2981 -12638 -2984 END
START -1032 7812 22212 2973 -13180 -3920 END
START -788 7092 23076 2524 -13045 -4760 END
START -344 7952 23764 2916 -12132 -5557 END
START 396 7452 25772 3897 -11254 -6818 END
START 1336 6716 26052 3084 -9613 -6966 END
START 1736 5952 26532 4153 -7635 -6684 END
START 1844 5956 25968 3792 -6562 -6187 END
START 1744 7008 25260 3387 -6230 -5826 END
START 1288 7124 24708 2957 -6272 -6030 END
START 960 6528 23784 2182 -6453 -6217 END
START 940 7496 23596 1694 -6384 -6592 END
START 740 6184 24792 1223 -6027 -7183 END
START 1568 6188 24588 922 -4770 -7603 END
START 1760 5512 24280 1190 -3293 -7763 END
START 2036 5320 24344 1515 -2183 -8079 END
START 2424 4512 24552 1734 -1354 -8241 END
START 2888 4496 25032 1511 -765 -8094 END
START 2592 4452 25776 829 -609 -8333 END
START 2960 4024 26036 -117 -135 -8396 END
START 3520 3808 26416 -1199 41 -8089 END
START 3304 1976 26668 -1468 933 -7487 END
START 3436 2372 25888 -927 2783 -6730 END
START 3240 2500 26072 -473 4446 -6109 END
START 2900 2728 26144 -397 5875 -5999 END
START 2996 2620 26132 -994 7084 -5833 END
START 2468 2444 26160 -1677 7649 -5807 END
START 2648 2188 25280 -2486 8256 -5792 END
START 2580 1828 24268 -3234 9150 -5613 END
START 2584 1580 23300 -4002 9708 -5109 END
START 2312 680 22704 -4251 10262 -4599 END
START 2368 588 21504 -4685 11708 -3726 END
START 2216 292 21000 -4119 12872 -2964 END
START 1704 556 20564 -4203 13230 -2387 END
START 1376 916 19696 -4744 13291 -2109 END
START 1160 396 18960 -6436 13600 -1576 END
START 572 -492 17436 -8498 13040 -1094 END
START 268 412 17204 -7014 12675 -1228 END
START 360 -448 16548 -8010 12878 -811 END
START -128 552 15824 -8116 12765 -261 END
START -740 -324 15504 -8457 11869 -113 END
START -536 44 14644 -8648 10958 128 END
START -1196 -1708 14004 -8886 10466 495 END
START -1164 604 12328 -9309 9762 724 END
START -1760 -2068 14256 -10199 8513 1089 END
START -1396 -180 12648 -10151 7531 1428 END
START -1484 -1220 13156 -9661 6667 1871 END
START -1720 -424 11700 -9536 5687 2357 END
START -2008 -1516 10956 -9381 5363 2615 END
START -2252 -1012 9588 -9559 5366 3255 END
START -2316 -1668 9696 -8818 5096 3622 END
START -3244 -964 9344 -9380 3533 3868 END
START -3360 -96 9920 -10052 2403 3409 END
START -3364 -436 8460 -9937 2427 2963 END
START -3132 732 10280 -8476 2628 2444 END
START -3844 44 9204 -6703 2793 2190 END
START -3784 -92 10400 -4824 876 1960 END
START -3908 -160 10864 -3577 747 1764 END
START -3940 -616 11268 -2624 1390 1745 END
START -3680 -156 11588 -1869 854 1713 END
START -3944 208 11996 -1265 572 1410 END
START -3956 256 12148 -662 461 921 END
START -4164 8 12628 248 218 526 END
START -4128 -132 13108 1004 211 335 END
START -4268 -380 13712 1764 524 388 END
START -4480 -172 14328 2500 1168 484 END
START -4736 280 15044 2411 1196 328 END
START -4948 860 15516 1498 353 -77 END
START -4764 984 15532 639 -474 -603 END
START -4388 924 15580 391 -568 -864 END