START -5100 -1540 18664 420 599 991 END
START -6912 -1236 15024 -820 -333 1178 END
START -4484 -900 16360 -223 -28 1017 END
START -5708 -2032 16432 -228 346 738 END
START -5012 -1516 16144 -82 249 681 END
START -4940 -1296 16084 -70 233 621 END
START -5112 -1464 15776 163 447 436 END
START -4860 -1336 16072 525 456 269 END
START -4748 -1496 15844 593 785 202 END
START -4748 -1572 16188 447 953 209 END
START -4496 -1560 15772 126 854 390 END
START -4452 -1456 15688 -185 681 478 END
START -4256 -1440 15376 -470 697 616 END
START -4132 -1288 15208 -637 876 793 END
START -4136 -1344 14460 -457 1257 966 END
START -4220 -1588 13712 31 1532 1063 END
START -4284 -1544 12864 946 1586 842 END
START -3644 -1580 12676 2139 1297 653 END
START -3032 -1616 12704 2737 946 863 END
START -2984 -1360 13468 2404 182 1058 END
START -3096 -1636 13844 1492 -591 987 END
START -2832 -1812 13936 668 -999 1177 END
START -2808 -1840 13528 410 -830 1451 END
START -4184 -956 20036 -1304 -3971 1808 END
START -3128 -2536 11292 1398 -3473 1756 END
START -3228 -1192 13068 2925 -5487 1525 END
START -3212 -1140 13332 4211 -6193 1302 END
START -3420 -2532 13568 5192 -7844 1178 END
START -2976 -1596 13512 6065 -8403 1473 END
START -2840 -1684 14312 6832 -10486 1712 END
START -2664 -1132 14332 8492 -12003 1850 END
START -816 804 14844 169 -4645 4180 END
START -2184 -372 13096 30 -6063 3733 END
START -2804 -280 14512 975 -5157 3870 END
START -2720 2196 14436 2077 -6201 3303 END
START -3820 1188 15828 1685 -6467 2918 END
START -3800 2296 15984 1349 -7479 2227 END
START -3348 2800 15652 781 -8394 1414 END
START -2764 2996 16388 1351 -8761 377 END
START -1540 3292 16156 515 -9041 -109 END
START -1484 3132 15860 1154 -9555 -445 END
START -1996 2288 16368 1836 -9633 -310 END
START -2412 2324 16900 2297 -9966 -285 END
START -2408 2400 17652 2595 -10282 -729 END
START -1960 2544 18616 2121 -10739 -775 END
START -1028 3168 19240 2417 -10793 -1038 END
START -56 3976 19824 2523 -10184 -1265 END
START -140 3904 19776 2938 -9315 -1672 END
START -824 3488 19264 2941 -8697 -1650 END
START -1952 4108 19136 3737 -8754 -2046 END
START -2332 3804 19612 4410 -9363 -3009 END
START -1844 3892 20296 4690 -9329 -3811 END
START -1036 4256 21672 4978 -9173 -4543 END
START -316 4268 22780 4291 -8910 -5162 END
START 104 3840 23432 3565 -8508 -5449 END
START -76 3228 23876 2712 -7921 -5262 END
START -504 3116 23992 2289 -7239 -5118 END
START -256 3152 24340 2111 -6083 -5120 END
START -432 3104 24788 2658 -5136 -5277 END
START -264 3348 25696 2831 -4329 -5457 END
START -76 4376 26332 3088 -3882 -6234 END
START 664 3964 28724 2802 -3547 -7125 END
START 668 3252 28592 547 -3301 -7289 END
START 880 2544 28768 -592 -2533 -7417 END
START 1600 1756 28704 -1567 -1523 -7379 END
START 1900 764 28524 -2022 -358 -7109 END
START 2668 548 28456 -2711 636 -6479 END
START 2916 -100 27976 -2295 2391 -5875 END
START 2736 -588 27472 -2067 3841 -5106 END
START 2620 -764 26936 -2133 5125 -4341 END
START 2300 -696 26264 -2107 6272 -3764 END
START 1968 -572 25452 -2262 6544 -3486 END
START 2024 -636 25396 -2618 6686 -3226 END
START 1744 -892 24676 -2894 7322 -2758 END
START 1992 -984 23944 -2812 8277 -2314 END
START 1684 -1012 23128 -2222 9420 -1774 END
START 1588 -780 22244 -1774 10426 -1143 END
START 1080 -604 21564 -1805 11348 -563 END
START 456 0 21100 -1657 11949 -397 END
START 172 36 20436 -2223 12674 -431 END
START -152 -340 20280 -3630 12849 -408 END
START -144 632 18176 -4571 13481 -482 END
START -548 -952 18312 -5311 13020 -534 END
START -480 0 17028 -6913 12918 -189 END
START -476 -1224 14192 -6065 13228 -126 END
START -1468 -1244 13420 -6100 12811 -31 END
START -592 -860 17436 -5254 14358 80 END
START -2008 -1604 13864 -3329 14767 -151 END
START -1924 -184 15020 -3553 12352 9 END
START -1976 -228 13972 -3580 12335 -79 END
START -2264 -384 13092 -3919 12127 -361 END
START -2440 -1160 11880 -3960 11344 -570 END
START -2624 -1388 11280 -3455 11535 -146 END
START -2832 -1108 10884 -3135 10052 9 END
START -2692 -1040 9944 -2881 8463 302 END
START -2644 -1264 9516 -2357 6432 668 END
START -2780 -1168 9388 -2254 5067 879 END
START -2904 -1172 9796 -2584 3092 951 END
START -3052 -1420 9772 -2869 2344 953 END
START -3064 -1884 10064 -2850 2316 1102 END
START -2816 -2024 9552 -2512 2791 1672 END
START -2688 -1808 8992 -1559 3265 2191 END
START -2652 -1432 8728 -446 2969 2446 END
START -2580 -1088 8792 499 1762 2472 END
START -2684 -1144 8648 961 852 2371 END
START -2892 -872 8968 1218 66 2147 END
START -2880 -732 9220 1182 -893 1827 END
START -2776 -716 9556 1111 -1713 1645 END
START -2744 -616 9652 1147 -2260 1818 END
START -3104 -124 9744 1401 -2842 1816 END
START -3196 504 10200 1346 -3765 1620 END
START -3464 720 10416 1362 -4597 1428 END
START -3696 724 10960 1435 -5049 1229 END
START -3684 888 11468 1580 -5326 1119 END
START -3432 812 11824 1756 -5267 1136 END
START -3764 1284 12328 1971 -5598 1170 END
START -3564 1912 12464 2078 -6800 751 END
START -3520 2156 12996 2326 -9182 237 END
START -3264 3128 12428 4971 -11012 -443 END
START -3436 1228 14796 6019 -12394 -635 END
START -3624 3192 12988 8653 -14476 -1576 END
START -3468 1936 14712 9815 -15193 -1865 END
START -3592 2924 15392 10234 -15945 -2038 END
START -3640 5092 16620 6451 -13843 -2456 END
START -3192 3424 16364 2354 -9955 -2752 END
START -2556 1904 14720 492 -10125 -2319 END
START -1976 4292 16152 1298 -9548 -2893 END
START -2644 3348 16884 812 -9439 -3056 END
START -2400 4896 16928 2612 -9699 -3991 END
START -2052 3488 18220 3121 -9544 -4354 END
START -1900 4336 18512 3808 -9165 -4651 END
START -1512 3740 19072 3833 -9099 -4526 END
START -1340 4848 19520 3726 -9478 -4433 END
START -1356 4852 20376 3025 -9861 -4753 END
START -868 5260 20316 2338 -9967 -5244 END
START -828 4708 20668 2279 -10231 -5879 END
START -104 4368 21256 2292 -10317 -6519 END
START 420 3896 22084 2490 -9753 -6563 END
START 400 3912 22556 2608 -9203 -6558 END
START 796 3012 23028 3189 -7784 -6158 END
START 512 3920 23648 3826 -6680 -6077 END
START 644 3788 23836 3888 -6098 -6237 END
START 532 3924 24200 3437 -5926 -6048 END
START 632 3956 24832 3116 -5630 -5910 END
START 612 4288 25656 2703 -4863 -5956 END
START 808 4352 26524 2078 -3920 -6078 END
START 420 4772 27360 1172 -3156 -6467 END
START 560 4452 27564 419 -2844 -7187 END
START 1004 3904 27792 -191 -2475 -7596 END
START 1712 3412 28448 -445 -1989 -7981 END
START 2220 2972 29120 -417 -830 -7971 END
START 2696 1884 29808 -444 567 -7690 END
START 3108 1220 30520 -778 1819 -7097 END
START 3396 740 30580 -1661 3122 -6377 END
START 3592 -184 29652 -2396 4295 -5564 END
START 3672 -836 28480 -2774 5845 -4399 END
START 3168 -676 27436 -2298 7216 -3281 END
START 2564 -156 27288 -1902 7509 -2692 END
START 2492 196 26180 -2583 8267 -2153 END
START 1932 256 25232 -3150 8640 -2035 END
START 1900 360 23836 -3310 9279 -1911 END
START 1920 -180 22752 -3182 9904 -1820 END
START 1784 328 22008 -3227 10402 -1545 END
START 1644 -444 21504 -3915 10999 -930 END
START 1300 -504 20696 -4904 11650 -339 END
START 968 -236 19540 -6148 12425 347 END
START 1024 -172 18196 -6918 13089 890 END
START 292 -848 17476 -6449 12521 1254 END
START -132 -896 15980 -6705 12000 1452 END
START -540 -72 15580 -6360 11702 1445 END
START -1120 -872 15520 -7114 10924 1343 END
START -1420 -676 14976 -7788 9914 1110 END
START -1452 -868 14052 -8783 9499 1201 END
START -1244 -1516 12216 -9893 9279 1485 END
START -1444 -2184 12112 -9545 8443 1932 END
START -1948 -1628 10552 -8821 7276 2500 END
START -2616 -1244 11472 -9893 6735 3037 END
START -3104 -1748 8460 -9727 6507 2817 END
START -3536 -1924 8656 -9800 4453 2435 END
START -3636 -1412 9060 -9430 3958 2018 END
START -3284 -1460 8832 -9022 3543 1638 END
START -3016 -1776 8132 -7902 3623 1456 END
START -2896 -2348 8524 -6689 2301 1559 END
START -2996 -2704 8512 -5319 1371 1834 END
START -2512 -2744 9348 -4751 1656 2488 END
START -2660 -2096 10156 -3490 1753 3039 END
START -3372 -1868 10868 -2915 1142 3268 END
START -3812 -1236 11492 -2359 460 2694 END
START -3816 -1152 11560 -2525 446 2116 END
START -3768 -1156 10800 -1740 593 1571 END
START -3888 -912 10824 161 785 942 END
START -4000 -700 12020 1433 926 278 END
START -4308 -756 12752 1918 565 -335 END
START -4160 -964 13300 2574 483 -792 END
START -3300 -1000 13600 2824 685 -871 END