START -1356 -1288 15432 890 622 2286 END
START -3316 508 9744 -1271 -399 2761 END
START -1976 -1620 11552 -627 367 3004 END
START -3900 -1468 12248 -210 -2755 2799 END
START -3360 64 11436 1355 -5940 1710 END
START -3084 -896 12448 1378 -7786 1335 END
START -3044 -848 11236 4354 -10076 492 END
START -3000 -1172 12992 7389 -12199 115 END
START -1900 -348 14072 11529 -12886 -31 END
START 4460 3248 13308 -3571 -3570 3961 END
START -916 588 14524 276 -3256 2031 END
START -1056 1372 17296 -579 -2963 2086 END
START -640 -12 16272 -1728 -3670 2348 END
START -392 2400 14388 -2757 -2970 2840 END
START -932 732 10588 -1094 -2122 2646 END
START -756 2332 13432 666 -4065 2220 END
START -1464 2552 12140 1866 -5134 1527 END
START -1476 1704 13272 2579 -7252 817 END
START -1068 3304 16468 1646 -8808 227 END
START -1300 1976 15960 -373 -9445 -307 END
START -1880 1804 16220 1833 -10502 -1737 END
START -444 1240 15164 -3083 -10396 -813 END
START -548 1676 14104 161 -9520 -1701 END
START -12 1428 15400 899 -10265 -1477 END
START 484 1696 16584 2913 -10797 -1418 END
START 456 1240 17752 2318 -10833 -535 END
START -264 2692 18868 2216 -10917 -39 END
START -1476 2824 19756 1746 -11241 -821 END
START -1312 3844 19904 1827 -10974 -2231 END
START -1176 3788 20160 2718 -10671 -3539 END
START -312 3556 21136 3858 -10504 -4443 END
START 348 3796 21400 3815 -9832 -4132 END
START 480 3624 22156 4117 -8901 -3570 END
START -152 5072 22012 4508 -8240 -3387 END
START -856 6148 23148 5214 -7648 -4058 END
START -1228 6728 23732 4925 -7440 -5246 END
START -1208 6580 24692 4912 -7406 -6682 END
START -388 6200 25780 4776 -7193 -7864 END
START 872 5056 28020 3428 -6461 -8128 END
START 1584 5296 28520 3872 -6027 -8207 END
START 2536 4556 29956 3015 -4783 -7837 END
START 2576 4352 30244 1367 -4073 -7189 END
START 2392 4112 30644 698 -3085 -6981 END
START 2368 3964 30832 131 -1771 -7058 END
START 2492 3664 30828 149 -273 -7363 END
START 2776 3076 30504 736 1563 -7558 END
START 2772 2728 30320 1081 3124 -7442 END
START 3036 2572 29904 901 4352 -7145 END
START 2896 2304 29316 333 5311 -6677 END
START 2588 2184 28520 -404 5876 -6264 END
START 2524 1908 26820 -570 6620 -5964 END
START 2588 1624 25824 -278 7602 -5507 END
START 2168 940 25260 297 8620 -5105 END
START 2068 1532 24892 562 9577 -4810 END
START 1484 1648 24500 392 10324 -4892 END
START 1488 1768 23328 91 10964 -5054 END
START 1756 1756 23272 -1186 12324 -4966 END
START 2828 1160 24572 -607 11650 -4234 END
START 1308 692 19976 -1169 12448 -3985 END
START 972 1132 18688 -647 12907 -3658 END
START 476 888 18820 -1583 13233 -3432 END
START 264 1284 17936 -1936 13642 -3576 END
START 460 432 17068 -3804 14332 -3375 END
START 640 156 16332 -4818 14781 -2993 END
START 400 -860 15564 -5852 14730 -2231 END
START 672 -892 12780 -4632 15435 -1968 END
START -220 -1896 13540 -5525 14651 -1073 END
START -400 -680 13056 -4132 14026 -547 END
START -1448 -2996 10084 -3573 13515 6 END
START -1156 -1172 11632 -4339 12293 620 END
START -1772 -940 11672 -1163 12127 504 END
START -2036 -36 11752 -1246 9885 438 END
START -2096 -148 11340 -1181 8833 144 END
START -2184 -336 11060 -1694 8577 25 END
START -1996 -340 10336 -2146 9146 116 END
START -1956 -420 9664 -1815 8604 370 END
START -2052 176 10796 -1934 8340 843 END
START -2088 40 10544 -2009 7141 1191 END
START -2264 -80 10256 -2347 5167 1469 END
START -2404 -400 9960 -2830 4343 1727 END
START -2248 -588 8648 -2494 4281 2102 END
START -3592 -584 9072 -1872 1780 2300 END
START -3116 12 8848 -1589 1361 2260 END
START -3196 72 8772 -1566 475 1906 END
START -2956 284 8896 -1649 -490 1727 END
START -2916 -24 8476 -1689 -850 1603 END
START -2740 4 7796 -914 -1078 1634 END
START -2732 -132 8104 631 -1305 1783 END
START -2660 -60 8860 1276 -1481 2056 END
START -2776 -8 8664 1372 -2127 2340 END
START -2628 284 8596 1636 -3183 2598 END
START -2712 656 9072 1720 -4275 2614 END
START -2652 876 9756 1290 -5354 2325 END
START -2364 1140 10164 416 -6337 1953 END
START -2088 896 10240 -174 -7552 1656 END
START -2136 1084 10352 -127 -8623 1711 END
START -2340 1116 10928 621 -10606 1919 END
START -3084 1156 11828 3435 -12864 1525 END
START -3008 2116 12820 4759 -15383 847 END
START -2632 1908 12824 7041 -16306 320 END
START -780 -104 12280 9507 -16349 224 END
START -1276 4580 14544 10717 -19511 -62 END
START -1444 6820 11008 -1362 -9649 2226 END
START -3060 856 15584 329 -13832 -131 END
START -1040 4892 18240 -3022 -13713 -87 END
START -1100 4308 16768 -548 -13498 -1068 END
START -684 4252 17304 -2425 -13504 -792 END
START -312 5180 17440 479 -13131 -1260 END
START -1172 4168 17960 -43 -12451 -1016 END
START -1460 6104 18392 1911 -11668 -1535 END
START -1812 5964 18964 2183 -10899 -2227 END
START -1476 7452 19168 3171 -10836 -3442 END
START -676 6872 20552 4051 -11343 -4766 END
START -104 7004 22056 3316 -11632 -5425 END
START 700 6108 23040 2258 -11817 -6094 END
START 1528 5140 22936 694 -11601 -5987 END
START 2104 4728 22404 1239 -11359 -5824 END
START 2332 3676 22424 2127 -10526 -4980 END
START 1828 4696 22992 2841 -9976 -4032 END
START 1252 5020 24240 2888 -9755 -3733 END
START 648 6536 25392 1717 -8833 -3806 END
START 756 6044 24844 1836 -8417 -4395 END
START 144 7120 25168 1264 -7621 -4896 END
START 1480 5772 25816 2500 -6055 -5834 END
START 2136 6744 26888 2545 -4869 -6724 END
START 2564 6052 27540 2449 -3624 -6833 END
START 2944 5740 28228 1685 -3158 -6788 END
START 2772 5276 29044 962 -2475 -6954 END
START 2932 4764 29260 557 -1527 -7061 END
START 2808 4328 29612 326 -387 -7354 END
START 3520 3400 29940 118 888 -7526 END
START 3984 2704 29936 -28 2662 -7395 END
START 4372 1924 29576 -14 4361 -6944 END
START 4184 1744 29356 -496 5679 -6352 END
START 4176 1464 28524 -1399 6871 -5660 END
START 3864 1300 27496 -2290 7975 -4880 END
START 3596 2064 26084 -3055 9085 -4385 END
START 2744 356 25216 -3421 9390 -3880 END
START 2700 2060 23504 -3234 10767 -3688 END
START 1884 680 22932 -3874 11667 -3520 END
START 1476 1728 21960 -4997 11646 -3433 END
START 1456 1744 21200 -5064 11652 -3577 END
START 1560 1312 20136 -6065 12073 -3393 END
START 1552 580 19452 -6618 12791 -2808 END
START 1516 304 19544 -6705 12777 -2073 END
START 1488 536 18788 -7179 12778 -1348 END
START 1456 424 17508 -8046 13542 -499 END
START 1048 52 17376 -8386 14505 50 END
START 724 496 16772 -8009 14233 235 END
START -248 -168 14592 -6526 13780 25 END
START -512 -440 13764 -5866 13134 -344 END
START -192 -740 13640 -7314 12619 -68 END
START 8 -124 12932 -9103 12583 680 END
START 816 -124 12428 -6241 9515 849 END
START -780 -772 11888 -7000 7992 1304 END
START -1112 -616 11112 -6684 7593 1954 END
START -1600 -276 11072 -6163 7311 2339 END
START -2040 180 10652 -6074 6094 2231 END
START -1996 -248 10732 -6357 5703 1988 END
START -1964 -860 9624 -6788 5255 2049 END
START -1720 -1072 9616 -7339 5839 2590 END
START -2012 -924 8512 -6351 4373 2930 END
START -2176 -1032 8292 -5729 2681 3307 END
START -2700 -624 8632 -5078 897 3399 END
START -3100 -264 8532 -4325 452 3440 END
START -3676 516 8860 -3157 -204 3093 END
START -4356 1388 9608 -1739 -1199 2106 END
START -4396 932 10288 -231 -1345 724 END
START -4012 492 10760 1582 -701 24 END
START -3556 -188 11768 2657 -86 -60 END
START -3096 -416 12816 2633 74 397 END
START -2960 -64 12996 2360 -261 1081 END
START -3744 440 13708 2128 -870 1396 END
START -3876 932 14700 1713 -1338 1243 END
START -3764 1120 15212 1619 -1221 896 END
START -3752 1328 15536 1968 -670 474 END
START -4000 1492 16544 2084 -250 -102 END
START -4188 1196 17420 1520 -48 -859 END