START -4660 -308 15024 778 -1352 2234 END
START -4584 -372 15128 863 -1355 2080 END
START -4456 -340 15372 917 -1315 1816 END
START -4208 -288 15824 730 -1011 1540 END
START -4604 -1092 16300 922 -3290 867 END
START -2976 -212 15372 131 -3931 731 END
START -2496 240 15364 101 -3735 1041 END
START -2932 -1188 13980 980 -3588 1572 END
START -2800 388 13516 1151 -4517 2086 END
START -3016 -24 14224 2100 -6165 1987 END
START -3040 152 13788 3073 -6616 1294 END
START -2588 660 13436 3400 -7000 623 END
START -2316 228 12540 5257 -7616 -597 END
START -1876 -944 13052 7143 -8488 -1160 END
START -1788 -356 13596 8438 -8595 -719 END
START -3788 -1900 6992 6883 -7880 -345 END
START -2068 -56 14356 -55 -4549 2092 END
START -1916 464 14676 1081 -4719 1964 END
START -1316 936 15036 359 -6520 2039 END
START -1404 1324 14204 -49 -7184 1974 END
START -1244 788 13688 370 -7658 1815 END
START -2616 -1408 13260 248 -7276 2027 END
START -2676 2100 14428 1902 -8153 1697 END
START -2596 1784 16512 1702 -9313 1106 END
START -1280 2480 17528 1383 -9997 640 END
START -532 1456 17460 1396 -9483 697 END
START 260 1740 17640 2241 -8654 906 END
START 300 1568 17996 2372 -7616 1289 END
START -104 2132 17656 2847 -6951 1493 END
START -1032 2264 17520 3097 -6823 1462 END
START -1704 2928 17424 3406 -7099 1226 END
START -2304 3024 17160 3684 -7317 897 END
START -2216 3996 17124 4857 -7306 82 END
START -1584 4512 18668 5214 -8281 -884 END
START -784 5172 19248 3838 -9063 -1518 END
START -440 5020 20256 3375 -9533 -1981 END
START -876 4812 21120 3036 -9542 -2059 END
START -900 4968 22132 2844 -9045 -2310 END
START -1276 4884 22208 3395 -8245 -3103 END
START -868 5728 22708 3653 -7226 -4149 END
START -104 6060 22960 4928 -6620 -5220 END
START 480 5096 23408 5037 -6085 -5279 END
START 1000 5412 24136 5331 -5627 -5113 END
START 304 4400 24848 4978 -4936 -4748 END
START -24 4992 25816 3099 -4461 -4102 END
START -512 5720 25884 2751 -3686 -4419 END
START -704 6472 26448 2503 -3729 -5529 END
START -120 6128 26808 2514 -3033 -6916 END
START 928 5436 27520 2333 -2200 -7534 END
START 1604 4752 28072 2334 -958 -7339 END
START 1144 4208 28388 1269 -97 -6703 END
START 1176 3872 28004 448 356 -6396 END
START 1240 3608 27640 149 974 -6245 END
START 1268 3372 27780 474 1737 -6339 END
START 1620 2848 27796 522 2877 -6265 END
START 2104 2480 27344 495 4348 -5990 END
START 2124 2468 27528 563 5907 -5667 END
START 2008 2336 26728 -139 7202 -5190 END
START 1480 2240 25576 -568 8082 -4851 END
START 956 2064 24876 -796 8533 -4573 END
START 628 1828 23832 -953 9004 -4386 END
START 768 2036 23052 -896 9527 -4227 END
START 640 1796 22072 -266 10283 -4302 END
START 480 1844 21980 -196 10805 -4191 END
START 556 2104 21500 -655 10892 -4067 END
START 400 1796 20868 -899 11212 -4030 END
START 224 1372 20436 -1206 11441 -3709 END
START 208 1648 19524 -1460 11763 -3246 END
START -432 1368 18620 -1864 12053 -2927 END
START -296 1472 19216 -2931 12209 -2934 END
START -340 1232 17580 -4245 12754 -2627 END
START -232 1020 16708 -4972 13966 -2108 END
START -940 -244 15552 -5611 14157 -1486 END
START -1120 636 14196 -3746 12815 -1735 END
START -936 136 13820 -4369 13702 -1424 END
START -1064 -2716 10824 -4888 13003 -749 END
START -2088 -4372 7644 -3498 12563 -191 END
START -1840 8 12524 -3582 10953 130 END
START -2064 384 12748 -3949 8407 291 END
START -2864 704 11840 -3633 6281 -75 END
START -3020 616 11496 -4249 6269 -320 END
START -3368 584 11000 -4125 6615 -723 END
START -3280 388 10596 -3689 7048 -937 END
START -2912 -36 9572 -2926 7490 -754 END
START -2584 -492 8520 -1799 8727 -12 END
START -3652 264 8384 -1987 8231 240 END
START -3220 764 8000 -1317 5870 296 END
START -4260 744 9500 -1532 2975 214 END
START -3736 660 9296 -1549 2028 45 END
START -3896 816 9928 -1896 1903 196 END
START -4012 220 9664 -1280 874 496 END
START -3648 84 10392 -1264 119 784 END
START -3784 -48 10500 -1509 278 1113 END
START -3432 96 10012 -1574 -108 1454 END
START -3452 152 9724 -1335 -778 1597 END
START -3312 -44 9924 -740 -1741 1489 END
START -3140 -456 10828 -460 -2326 1603 END
START -2748 -744 10744 -185 -2004 2052 END
START -2964 -1104 10692 517 -1663 2727 END
START -2712 -864 11056 1016 -1826 3304 END
START -2928 -452 10796 1098 -2250 3879 END
START -3136 8 10916 1333 -3394 4105 END
START -3292 504 11568 1153 -4554 3936 END
START -3076 752 11948 535 -5756 3667 END
START -2888 1028 12188 97 -5994 3700 END
START -2600 1496 12292 -623 -6999 3850 END
START -3012 2952 12168 -170 -10230 3283 END
START -2764 336 11632 2123 -11831 2776 END
START -3072 1672 10028 3576 -13629 2552 END
START -2848 2436 11176 6678 -14644 1439 END
START -1856 2804 13352 7662 -15657 1333 END
START -2456 3212 13392 9223 -15525 1247 END
START -692 6828 11036 38 -10262 1701 END
START -4036 2064 17028 -3188 -12797 2416 END
START -2956 5312 15588 -2916 -12529 1914 END
START -3104 4276 15840 -4247 -12737 1277 END
START -2964 6748 15800 -2452 -13428 -452 END
START -2576 4376 17408 -1476 -14103 -1898 END
START -1660 5300 19588 159 -13412 -3072 END
START -860 3968 20936 -8 -12036 -3138 END
START -540 4780 20996 25 -10854 -2685 END
START -468 4728 20644 73 -9814 -2094 END
START -1020 6200 20836 142 -9665 -2210 END
START -1276 6576 20872 606 -10324 -3363 END
START -1152 7076 21528 302 -11048 -4585 END
START -688 6144 22296 326 -11485 -5931 END
START 340 4972 22436 253 -11074 -6419 END
START 1036 4884 22940 725 -10543 -6458 END
START 1604 4800 23248 1134 -10012 -6332 END
START 1744 3968 23092 1467 -8906 -5776 END
START 1168 5140 23640 1669 -7894 -5395 END
START 1040 5208 23992 1724 -7302 -5958 END
START 1172 5096 24052 1324 -6406 -6140 END
START 1480 4816 23704 571 -6831 -6317 END
START 1716 4260 24140 1034 -5593 -6617 END
START 1748 4876 24884 759 -3884 -6767 END
START 1596 4224 24388 415 -4622 -6974 END
START 1704 3548 25992 283 -4196 -7011 END
START 1856 2924 26604 281 -3692 -7068 END
START 2324 2552 27508 504 -3110 -7371 END
START 2840 2264 28032 585 -1751 -7268 END
START 3312 1732 28632 591 -109 -6931 END
START 3576 1540 29032 559 1359 -6386 END
START 3536 1332 29612 35 2998 -5791 END
START 3428 1216 29232 -647 4433 -5216 END
START 3268 964 28632 -854 5877 -4721 END
START 2976 1076 27732 -932 7056 -4187 END
START 2464 992 26636 -806 8236 -3842 END
START 1968 988 25656 -883 9332 -3477 END
START 1972 1440 25048 -1199 10132 -3300 END
START 1428 1052 23656 -1366 10604 -3362 END
START 1684 1612 22704 -1583 10783 -3453 END
START 1464 232 21884 -1770 11191 -3262 END
START 1264 836 21412 -2388 11427 -2794 END
START 1380 876 21024 -2405 11669 -2663 END
START 1000 508 20020 -3652 11942 -2361 END
START 1128 508 19368 -4034 12462 -2150 END
START 664 -412 19140 -4706 12726 -1568 END
START 488 316 18564 -5432 12971 -1019 END
START 0 -912 17836 -6807 12968 -690 END
START 84 532 17172 -7270 13426 -449 END
START -152 -796 16244 -6901 13132 -274 END
START -572 -528 15180 -6237 12703 -18 END
START -1232 -744 14400 -5337 12546 155 END
START -1096 -52 14456 -3882 11674 -37 END
START -1696 -84 13416 -4393 10879 304 END
START -1876 236 13412 -4289 10212 179 END
START -1712 1064 15196 -5785 8773 292 END
START -2128 180 12004 -5458 7728 79 END
START -1944 336 12044 -6343 6780 162 END
START -2040 -212 10912 -5092 6473 -43 END
START -2240 -1004 10812 -4290 5781 104 END
START -1828 -740 10424 -3871 5779 393 END
START -1668 -1568 10812 -3905 5433 952 END
START -1900 -1120 9668 -3953 4779 1740 END
START -2376 -896 9520 -4581 3586 2155 END
START -2912 -316 9080 -4879 1603 2141 END
START -3144 -4 9436 -4898 104 1977 END
START -3504 488 10128 -4331 -611 1415 END
START -3720 -332 11152 -3120 -1034 547 END
START -2820 -356 11136 -2442 -466 300 END
START -2616 -228 11056 -1838 201 803 END
START -2772 4 11288 -1314 -446 1129 END
START -3052 380 11980 -1249 -1469 1013 END
START -3364 480 12688 -1139 -1893 795 END