START -4480 -48 15040 2524 1643 399 END
START -5020 1420 9048 1102 565 909 END
START -5928 -2636 13080 1544 2230 490 END
START -4856 844 15112 2054 1072 724 END
START -4824 824 14784 1442 829 466 END
START -5000 984 14952 386 356 104 END
START -5056 832 14572 -407 -236 -374 END
START -4368 1008 13920 -852 -441 -710 END
START -4040 792 13028 -488 -154 -808 END
START -3780 768 12544 -195 106 -695 END
START -3684 760 11912 134 170 -606 END
START -3320 1104 11520 405 -275 -685 END
START -2896 1488 10764 589 -892 -856 END
START -2044 1776 10380 1539 -2318 -977 END
START -2628 1980 10612 1495 -4260 -962 END
START -2248 4600 9956 3936 -6689 -1508 END
START -3432 732 8724 6465 -7586 -2090 END
START -4148 3784 6888 10016 -9506 -3062 END
START -4000 4144 7648 13253 -12277 -4392 END
START -4112 2352 11928 11189 -11581 -4407 END
START -3488 6984 17352 -1395 -8729 -5087 END
START -2764 7964 6880 6882 -13996 -7510 END
START 864 5644 14148 -3324 -14255 -5995 END
START 200 504 11384 1617 -11604 -5935 END
START 712 3080 14464 3039 -11575 -5333 END
START 88 4236 13836 2555 -11744 -5214 END
START -208 2828 15992 2677 -12595 -6047 END
START -148 4428 15500 3074 -13469 -7540 END
START 1052 3256 17236 3157 -14010 -8618 END
START 2008 2568 17896 4051 -13692 -9166 END
START 2668 1132 19640 4871 -13236 -8856 END
START 3324 736 21764 4816 -13501 -7762 END
START 2776 1580 24332 2982 -12457 -6063 END
START 2296 1804 24384 3445 -12356 -5494 END
START 2148 2640 24140 2890 -11595 -5451 END
START 1756 2796 24804 3284 -10800 -6248 END
START 1780 2216 25344 3352 -10234 -7322 END
START 1640 488 25380 3270 -10039 -7589 END
START 1856 -316 26144 2613 -9852 -7116 END
START 1404 -944 26184 1925 -9353 -6522 END
START 1724 -704 26244 1498 -8781 -5848 END
START 2064 -528 26852 2011 -7835 -5479 END
START 2596 -1160 27220 1729 -6494 -4682 END
START 1672 -364 27088 1797 -4946 -3667 END
START 520 -476 27556 1636 -4040 -3340 END
START -144 760 27620 1180 -3514 -3245 END
START -1236 -256 29724 -43 -3272 -3484 END
START -968 1052 30424 -606 -4100 -4230 END
START 60 1004 29652 -1121 -2722 -4325 END
START 364 1204 32767 -1726 -2576 -4290 END
START 1160 1556 32767 -3383 -1443 -4074 END
START 1536 704 32767 -4442 1387 -3527 END
START 1812 752 32767 -4702 2876 -3343 END
START 2048 300 32767 -5221 5571 -2729 END
START 2132 -112 31300 -4862 8035 -1889 END
START 1636 32 29880 -4327 10548 -1218 END
START 1380 824 28448 -4171 12217 -899 END
START 996 1536 26328 -3933 13159 -1300 END
START 932 1260 24236 -3995 13806 -1598 END
START 1212 1380 22876 -3843 14295 -1560 END
START 392 1528 21696 -4042 14621 -1864 END
START 468 2008 20936 -4640 14179 -2352 END
START 108 724 19928 -6961 13946 -2297 END
START 556 1116 17004 -7322 12953 -2365 END
START 0 -200 17724 -7373 11989 -2798 END
START 348 -184 16856 -7073 12172 -2944 END
START 656 -1440 16396 -8511 14162 -2171 END
START 332 -1600 15388 -9232 15512 -1306 END
START 200 -1964 15268 -9979 16027 -528 END
START -2316 -2732 11636 -8040 13124 -811 END
START -1280 -3136 14104 -9850 15836 153 END
START -1024 -3692 9568 -8520 13454 160 END
START -1392 -1332 13036 -9268 12030 458 END
START -1360 -2480 11952 -7920 10371 286 END
START -1644 -3336 8980 -6691 9020 296 END
START -1664 -3484 9336 -6978 8714 795 END
START -1880 -3684 8676 -6657 9580 1271 END
START -2280 -4028 9048 -6771 8748 1874 END
START -2004 -4284 8044 -6208 6773 2683 END
START -2368 -4064 9528 -5617 4293 3249 END
START -2804 -2608 8188 -6547 4685 2940 END
START -3640 -2852 8836 -7051 3871 2851 END
START -3772 -3296 8516 -6878 3471 2536 END
START -3936 -3372 8408 -6190 2308 2156 END
START -3236 -3768 8136 -4869 1810 2128 END
START -2796 -4216 7716 -4196 960 2358 END
START -2536 -4712 7500 -3593 1048 2720 END
START -2432 -5012 6968 -2829 684 3130 END
START -2492 -5268 6520 -1603 214 3575 END
START -2320 -5508 6596 -305 -607 3993 END
START -1940 -5564 6692 526 -1296 4503 END
START -1672 -5440 7204 780 -1939 4963 END
START -1680 -5624 7436 845 -2708 5457 END
START -1436 -5080 7676 365 -3605 6099 END
START -1136 -4564 7164 -178 -4688 6403 END
START -956 -4236 6804 -177 -6231 6587 END
START -880 -3800 7384 471 -7811 6985 END
START -652 -2984 7680 1341 -9039 7325 END
START -1200 -2636 8840 2189 -13505 7424 END
START -1588 -1080 9684 6573 -17134 6455 END
START -2108 -4292 8496 9277 -20546 5351 END
START -596 -2368 7956 11812 -21928 4485 END
START -1996 -7840 7928 18495 -22200 3285 END
START 508 -3324 -96 -4301 -12124 8956 END
START 2128 -2408 17720 6010 -14293 7845 END
START 2276 2540 10968 4125 -15663 9323 END
START 1080 -2332 15104 4474 -16728 9039 END
START 648 2448 15984 3259 -18064 8615 END
START 504 1388 18780 4415 -17477 7290 END
START 388 2836 21680 4333 -15850 5918 END
START 592 4944 26380 4215 -16952 4554 END
START 2000 1512 22396 5759 -13404 3707 END
START 2804 3344 25416 4390 -15150 4296 END
START 2832 1912 26648 4732 -14064 4446 END
START 2900 2476 27356 3856 -13810 5154 END
START 2520 2400 28888 3037 -13144 5880 END
START 2164 3320 29112 2672 -11602 5794 END
START 1892 3988 29176 2611 -10014 5448 END
START 1592 4336 28628 2712 -8669 4778 END
START 1980 4368 27976 2989 -6888 4349 END
START 1912 4440 27344 3507 -5249 4235 END
START 1692 4776 26908 3642 -3742 4050 END
START 1380 5044 26268 3898 -2431 3750 END
START 808 5972 26252 3833 -2012 3058 END
START 648 6084 25928 2714 -2032 2286 END
START 768 6068 25572 1809 -1876 1698 END
START 708 6004 25260 1146 -1368 1474 END
START 560 5552 24724 673 -576 1337 END