START -5568 368 17720 750 2366 -82 END
START -6732 1208 11448 -703 1583 -157 END
START -6124 -2100 15484 60 2520 -533 END
START -4312 148 15800 1145 2130 -1540 END
START -4052 -580 15500 1378 2916 -1456 END
START -3920 -824 15224 1364 3040 -796 END
START -3836 -972 14916 1269 3141 17 END
START -4016 -844 14712 1104 2815 619 END
START -4460 -404 14680 577 2308 989 END
START -4520 376 14264 -301 1671 967 END
START -4852 996 13692 -767 834 343 END
START -4696 1408 13016 -989 -50 -611 END
START -4416 1604 12184 -843 -862 -1708 END
START -3884 1892 11640 -261 -1545 -2647 END
START -4564 1936 15568 -907 -3988 -3159 END
START -3552 900 10632 1497 -4253 -3493 END
START -2924 1980 11112 3212 -7221 -3804 END
START -1940 952 11924 4661 -9028 -3927 END
START -1812 1116 10784 8742 -11280 -4659 END
START -744 1736 10696 11101 -13722 -5310 END
START 7096 5908 13316 527 -3309 -2008 END
START -1836 448 11676 -1145 -6890 -3456 END
START -1388 1324 12008 1697 -6117 -3888 END
START -1360 2116 12200 2671 -6226 -4448 END
START -916 2556 13672 2686 -7365 -4821 END
START -92 2784 14032 3511 -7696 -5823 END
START 784 2496 14244 3781 -8041 -6206 END
START 476 1028 14204 4410 -7910 -6733 END
START 1848 744 15976 3573 -9181 -6249 END
START 1620 872 15720 2599 -10353 -5535 END
START 2172 500 16708 2915 -10974 -4862 END
START 2100 700 17192 3075 -11028 -3871 END
START 1040 928 17448 4673 -9979 -3504 END
START 1072 2076 18996 5607 -8936 -3682 END
START 148 3448 19716 6656 -7845 -4977 END
START 212 2488 21480 6215 -7411 -6276 END
START 952 2616 21812 5636 -7397 -7240 END
START 2044 1568 22232 5074 -7720 -7459 END
START 2112 432 22436 4595 -7855 -7018 END
START 1020 -1124 22408 3712 -7872 -5697 END
START 512 -840 22084 2607 -8159 -4787 END
START 32 -1188 21560 2106 -8450 -4959 END
START 76 -1896 21296 2705 -8970 -4920 END
START 844 -1216 22124 4203 -9026 -4942 END
START 1512 -1528 24340 4311 -8625 -4557 END
START 1260 -1468 25896 3549 -8173 -3863 END
START 612 -1556 26524 2290 -7896 -3075 END
START -168 -1196 26812 1390 -7035 -2471 END
START -816 -496 26464 805 -5949 -2281 END
START -1852 -52 26092 1228 -4679 -2737 END
START -1880 468 27208 2272 -3637 -3669 END
START -2036 524 29696 2495 -3738 -4405 END
START -404 1660 29168 5305 -3475 -5081 END
START 140 1588 31688 -1650 -1980 -3769 END
START -1120 1176 32767 -1189 -2888 -3883 END
START -568 1592 32767 -3434 -979 -4143 END
START 312 1468 32767 -5323 628 -4226 END
START 1156 664 32767 -5550 3040 -4170 END
START 1376 256 31324 -4859 6234 -3782 END
START 1344 340 29964 -4196 8997 -3331 END
START 1320 756 28636 -3994 10867 -3150 END
START 1196 760 26608 -4134 11928 -3168 END
START 1580 1148 24612 -3997 12186 -3253 END
START 1596 1284 23432 -3783 11952 -3373 END
START 1616 784 22280 -3798 11473 -3315 END
START 1412 988 21772 -4246 11121 -3173 END
START 1068 828 21172 -4949 10986 -3193 END
START 904 460 20432 -5569 11430 -3152 END
START 544 224 19436 -5770 12132 -3070 END
START 212 -152 18016 -6594 12883 -2833 END
START 164 252 16744 -6161 12893 -3173 END
START 808 288 16112 -6524 12826 -3397 END
START 800 -944 15972 -8336 13044 -3090 END
START 584 -1696 14160 -9382 13022 -2529 END
START 2000 24 19256 -10337 13703 -1887 END
START -456 -4184 9248 -10723 14443 -1552 END
START 748 -1608 15144 -10992 15559 -448 END
START -600 -2828 12432 -8632 13428 -495 END
START -808 -2320 12468 -7960 10639 -276 END
START -900 -2808 12036 -7303 9392 231 END
START -1284 -3312 10692 -6356 7903 456 END
START -896 -3768 9932 -6057 8628 796 END
START -1776 -3696 11300 -6317 7147 1016 END
START -1440 -3776 9228 -5862 6174 1648 END
START -1496 -3888 8512 -5354 5459 2123 END
START -2152 -3988 8412 -4544 4994 2644 END
START -2148 -3908 9200 -4270 4184 3150 END
START -2624 -3560 9844 -4711 2784 3604 END
START -2552 -3396 9396 -5437 1565 4076 END
START -2692 -2992 8840 -5690 955 4003 END
START -3092 -2924 8708 -5401 239 3572 END
START -2728 -3248 8180 -4637 -218 3201 END
START -2796 -3868 7840 -3431 119 3205 END
START -2528 -4400 7980 -1917 -307 3519 END
START -2044 -4916 7920 -531 -403 4030 END
START -1600 -4724 8076 334 -427 4698 END
START -1536 -4468 8544 693 -869 5173 END
START -1204 -4244 8664 281 -1808 5556 END
START -1056 -3984 8580 -311 -2883 5854 END
START -972 -4056 8276 -706 -3871 5995 END
START -800 -4236 7664 -679 -4580 6066 END
START -592 -4520 7036 38 -5025 6127 END
START 72 -4332 7132 724 -6394 6413 END
START 336 -4348 7604 1864 -8249 7086 END
START 420 -3128 7484 3722 -13106 7793 END
START 320 -3980 10660 7280 -18308 7896 END
START -268 -1672 9020 10176 -22628 7268 END
START 576 -588 8860 15383 -25609 6054 END
START 1796 5348 16996 -5057 -11806 8822 END
START -1792 -6212 -564 -3762 -15673 7562 END
START 2220 -2676 15184 -1435 -17118 6312 END
START 3452 -128 13380 2455 -14924 6314 END
START 2756 -2492 15372 3662 -14757 8037 END
START 2788 588 15692 5852 -15756 8914 END
START 2300 1016 18676 7699 -14953 9086 END
START 1064 4216 24560 8066 -14077 7943 END
START 860 4280 23260 2976 -15939 6695 END
START 1572 4500 27076 1002 -15814 4824 END
START 2524 2928 25020 2430 -14791 3060 END
START 2952 864 24112 3512 -13558 2956 END
START 3740 -676 25288 3885 -12086 4495 END
START 3332 224 26152 4444 -11213 6310 END
START 2884 1844 26624 3770 -10956 7513 END
START 2236 3972 27488 2874 -11059 7428 END
START 1648 4648 27244 1049 -10984 6116 END
START 1400 5428 26136 332 -9848 4146 END
START 1520 4048 25044 1405 -8579 2263 END
START 1880 3412 25408 1725 -7048 1153 END
START 2392 2376 25268 2983 -5746 799 END
START 3044 1816 25724 3653 -4544 1633 END
START 2912 2256 25960 4390 -3457 2857 END
START 2768 2800 26712 3911 -2500 3851 END
START 2108 3972 26544 2937 -2114 4434 END
START 748 4584 25856 2264 -2088 3879 END
START 688 5668 27280 854 -1360 2725 END
START 648 5384 25992 -450 -454 1360 END
START 1176 5256 25784 -32 1318 98 END