START -5248 -1696 17180 1353 858 590 END
START -7416 -1576 15408 5 124 955 END
START -9248 -5876 16940 -66 1580 559 END
START -5296 -1436 16736 521 651 926 END
START -5340 -1636 16648 -11 863 1308 END
START -5336 -1324 16216 -369 893 1500 END
START -5276 -1124 15892 -522 1222 1525 END
START -5260 -656 15172 -484 1304 1447 END
START -5372 -92 14548 -467 1200 1338 END
START -6232 320 13840 -313 648 828 END
START -5968 840 13536 -149 78 41 END
START -5764 640 12812 86 -243 -564 END
START -5316 456 12004 563 -360 -895 END
START -4344 104 11404 1110 -236 -913 END
START -3824 496 11124 1462 -79 -596 END
START -3400 856 10856 1566 -337 -428 END
START -3172 1332 11012 1433 -1252 -460 END
START -2824 2528 12180 431 -2355 -614 END
START -3732 2256 10960 1886 -6625 -1448 END
START -4148 1116 11516 4759 -9427 -2772 END
START -3444 1816 10076 7565 -11367 -4018 END
START -2656 2216 10716 10692 -13823 -5484 END
START -1756 1380 10736 11310 -13567 -5541 END
START -2968 3404 14772 -5344 -6912 -3009 END
START -2296 -1340 10724 -396 -8265 -3373 END
START -424 2704 13124 994 -9692 -3590 END
START -1008 1324 13768 -497 -10128 -3213 END
START -472 2236 17172 839 -10332 -4003 END
START -820 2668 13096 -365 -10483 -4422 END
START -1348 2396 17904 2902 -10359 -5741 END
START -1088 2556 15452 1326 -10032 -5519 END
START -836 1108 16832 2476 -9781 -5834 END
START -552 2360 16536 3848 -9368 -6005 END
START -252 2588 18044 4349 -9579 -6299 END
START 492 3404 19024 4259 -9936 -6610 END
START 572 2672 19296 3455 -10168 -6518 END
START -276 2072 19652 2959 -10504 -6386 END
START -824 1632 20360 1674 -11171 -6717 END
START -808 1308 20360 1561 -11407 -7560 END
START -208 980 20848 2488 -11100 -8372 END
START 996 652 21504 4123 -9877 -8864 END
START 1560 764 22836 5156 -8786 -8575 END
START 1852 836 23936 5118 -8498 -8109 END
START 904 -324 24936 3791 -8480 -7193 END
START 388 -52 25308 1952 -9117 -6503 END
START 172 4 26336 1519 -9343 -6823 END
START 536 -236 27948 992 -8935 -7205 END
START 928 72 29900 1048 -7694 -7773 END
START 916 -948 31404 275 -6569 -8125 END
START 1708 -368 32556 -363 -5205 -8026 END
START 1516 -2556 32767 975 -2735 -7678 END
START 1496 -1764 32767 -2305 -3442 -6449 END
START 1492 -2204 32767 -4038 -365 -5531 END
START 1696 -2808 32767 -4032 1904 -5026 END
START 2140 -3060 32767 -3500 4012 -4459 END
START 1756 -3180 32236 -3645 5855 -3806 END
START 1728 -2836 31124 -3797 8044 -3122 END
START 1328 -2756 29308 -3947 10041 -2515 END
START 856 -2104 27464 -3182 11756 -2238 END
START 720 -1344 26648 -2871 12763 -2301 END
START 1060 -936 25068 -3079 13381 -2409 END
START 1008 -800 23840 -3100 14024 -2650 END
START 988 -660 22708 -3419 14614 -2630 END
START 404 -724 21544 -4167 14951 -2538 END
START 160 -992 19740 -5607 14890 -2296 END
START -288 -980 17416 -5935 14486 -2345 END
START -132 -728 16212 -7647 14542 -2246 END
START -356 -1192 15392 -9375 14959 -2182 END
START -1576 -2424 10872 -7800 14991 -2922 END
START -1328 -4560 10416 -9225 14803 -2107 END
START 88 -1112 15660 -9111 15394 -1376 END
START -1144 -3172 12204 -6755 16337 -1229 END
START -1624 -3160 11868 -6860 13490 -778 END
START -1988 -2904 11188 -6375 11657 -552 END
START -1664 -3628 9504 -5439 10469 -314 END
START -1992 -3668 9616 -5162 9952 -175 END
START -2276 -4148 8932 -4884 9819 263 END
START -4220 -4168 10764 -4452 8296 692 END
START -3028 -4368 8472 -3750 6794 1263 END
START -2848 -3968 8336 -3179 5087 1784 END
START -3192 -3628 9000 -3370 3612 2117 END
START -3252 -3544 9232 -3895 2289 1995 END
START -3600 -4028 9148 -4124 1661 1917 END
START -3376 -4324 9316 -3837 1689 1834 END
START -3340 -4788 9384 -3538 2148 2001 END
START -3036 -5088 9128 -2687 1437 2241 END
START -2432 -5368 8908 -1843 1422 2579 END
START -1952 -5684 8788 -1238 1419 3370 END
START -1488 -5948 8320 -495 783 4435 END
START -1992 -5704 8300 269 234 5247 END
START -2420 -5500 8652 413 -994 5596 END
START -2440 -5048 8612 -35 -2027 5694 END
START -2432 -4892 8556 -478 -3260 5560 END
START -1768 -4904 7924 -414 -4408 5383 END
START -1204 -4976 7468 130 -4820 5346 END
START -664 -5040 7712 593 -5154 5482 END
START 120 -4708 7428 975 -5642 6140 END
START 304 -4648 6132 1916 -7255 7039 END
START -172 -3232 8228 2759 -9987 7881 END
START -800 -1768 9804 6504 -14751 7478 END
START -1120 -2576 9124 8258 -19960 6648 END
START -792 -1696 8148 11000 -23346 5259 END
START 5780 2548 19608 -1047 -9598 8744 END
START -2064 -4896 4860 -3478 -10764 7703 END
START 1852 696 19756 1623 -12355 6878 END
START 2124 184 13100 1858 -12042 6745 END
START 2612 -1628 14228 803 -12900 7866 END
START 2020 -684 14920 2509 -15107 8329 END
START 1440 -484 17712 2361 -16297 8543 END
START 1200 -248 20028 3468 -16428 8349 END
START 1852 -320 22188 3220 -15467 8840 END
START 1520 1084 22792 3600 -14390 9109 END
START 1440 4580 26020 3046 -15973 8881 END
START 324 3768 25652 2680 -14614 7974 END
START -48 3720 25620 2409 -14215 7309 END
START -416 4408 26932 2446 -13583 6707 END
START 112 4036 27796 2182 -12498 6133 END
START 544 3500 27868 2561 -10914 6132 END
START 404 4120 27840 2305 -9509 6124 END
START 240 4452 28184 2141 -8837 5783 END
START 308 4536 28028 1232 -8275 5727 END
START -148 5612 29256 2021 -6768 5421 END
START -376 5456 27160 2454 -4754 4889 END
START -1100 5376 27428 2265 -3537 3909 END
START -744 5992 26484 2409 -2118 3142 END
START -1160 5896 26860 2027 -1249 2172 END
START -480 5428 26100 651 -1155 1445 END
START 236 5044 25076 919 -219 1103 END
START 356 4572 25048 906 683 1070 END
START 788 4624 24692 581 1745 813 END
START 776 4664 24256 -187 2627 622 END