START -4744 -1348 17620 542 1689 336 END
START -5896 -276 15048 -645 882 800 END
START -4020 -1076 15032 -3 1823 889 END
START -4620 -1288 15152 -192 1671 1051 END
START -4676 -1160 14716 -174 1515 1322 END
START -4800 -748 14344 -263 970 1376 END
START -5180 -308 14312 -431 658 1088 END
START -5212 240 14300 -503 310 445 END
START -5316 508 14136 -640 102 -251 END
START -4976 796 14296 -776 99 -1042 END
START -4504 704 13588 -933 294 -1616 END
START -3916 536 12856 -671 286 -2080 END
START -3552 4 11968 -64 225 -2173 END
START -3244 80 12044 388 -66 -1828 END
START -3200 652 12588 641 -33 -1314 END
START -3336 1428 12632 1364 -3236 -1307 END
START -2948 2512 11372 2254 -5338 -1774 END
START -2640 3948 10792 4442 -6958 -3231 END
START -2464 1352 10896 4867 -8933 -4482 END
START -2100 3964 10424 7544 -10222 -5711 END
START -2096 2320 10916 9607 -11830 -6731 END
START -2052 2820 9984 9062 -12519 -7122 END
START -4272 1864 5644 7658 -15210 -7821 END
START -88 3992 12000 3507 -6655 -6955 END
START -1608 1716 12032 -434 -8474 -6783 END
START -68 4332 12328 1689 -9391 -8114 END
START -1228 2980 13328 -450 -9420 -8408 END
START -1016 2244 13828 846 -10007 -9610 END
START -724 2188 13308 1041 -10443 -9951 END
START -356 932 14364 2586 -10896 -10474 END
START 236 1720 14632 3393 -11552 -10813 END
START 692 1084 16320 4105 -12197 -11161 END
START 1740 1704 16952 4423 -12335 -11500 END
START 2132 1208 17596 3910 -12653 -11468 END
START 2808 1220 18264 4220 -13266 -11813 END
START 2816 -148 19048 3833 -13661 -11645 END
START 3212 -1244 20096 4118 -13683 -11104 END
START 3620 -2132 20592 4908 -12758 -10384 END
START 4636 -1120 21992 5501 -12164 -9236 END
START 5112 -2096 23756 6022 -11537 -8528 END
START 5304 -2020 25204 5042 -11510 -7405 END
START 4052 -1576 25604 4342 -11076 -6835 END
START 3904 -1652 26264 3849 -10294 -7087 END
START 3568 -1976 26112 3620 -8751 -7191 END
START 3848 -2608 25920 4250 -7700 -7167 END
START 4380 -2764 25944 4400 -7036 -6310 END
START 4156 -2404 27308 3385 -5897 -5229 END
START 4448 -1468 27876 2559 -5748 -4459 END
START 3572 -2184 27184 2324 -6021 -3560 END
START 3092 2968 30620 307 -4666 -3969 END
START 2944 -332 29232 -402 -3899 -3789 END
START 2408 -604 30324 -434 -3031 -4127 END
START 2764 -428 31648 -759 -2054 -4252 END
START 3584 -384 32767 -1514 -721 -4276 END
START 4132 -732 32767 -2295 756 -4089 END
START 4932 -1100 32756 -3842 2451 -3092 END
START 4924 -1220 32632 -3949 4914 -2317 END
START 4752 -980 31624 -4605 7139 -1622 END
START 4504 -1064 30172 -5471 8869 -1141 END
START 4412 -1168 28244 -5815 10426 -713 END
START 4080 -1308 26156 -5167 11687 -458 END
START 3616 -1088 24852 -3733 12658 -292 END
START 3308 -768 23996 -2992 13272 -273 END
START 3416 -184 23444 -3630 13738 -193 END
START 2940 -264 21964 -4325 14207 -218 END
START 3036 -572 20524 -4126 14730 -150 END
START 2784 -632 19144 -4164 15274 389 END
START 2220 -276 18312 -4229 15218 792 END
START 1868 -96 18264 -5248 14855 840 END
START 1576 -192 16500 -6668 14562 749 END
START 1224 -4 15340 -8600 15319 789 END
START 1112 200 14408 -11573 16091 1270 END
START 484 -1776 12100 -7815 16929 308 END
START -644 -3428 11656 -10264 14356 900 END
START -816 -2972 13672 -7401 14532 446 END
START 124 -2668 13520 -6340 12677 911 END
START 24 -2852 12760 -6027 11799 1648 END
START -564 -2980 12424 -5533 10783 2336 END
START -980 -2796 12128 -5461 9992 2763 END
START -1592 -2556 11724 -5371 9905 3052 END
START -1760 -2152 11072 -5533 8904 2946 END
START -2452 -2644 10212 -5485 9135 2635 END
START -3716 -2384 10516 -5527 6477 1981 END
START -2644 -2176 11036 -5261 6159 1854 END
START -2912 -2688 10628 -4726 6133 1480 END
START -2788 -3028 11332 -4207 5114 1195 END
START -2492 -3400 11040 -3867 4773 1664 END
START -2572 -3732 11180 -3949 4502 2178 END
START -2620 -3720 10924 -4164 4051 2750 END
START -3020 -3592 10868 -4129 3908 3260 END
START -3140 -3504 10528 -3911 2666 3375 END
START -3684 -3496 10524 -3623 2321 3398 END
START -3848 -3460 10532 -3213 1456 3274 END
START -4160 -3420 10916 -2780 997 2952 END
START -4032 -3608 10980 -2452 825 2569 END
START -3604 -4008 11080 -1991 785 2637 END
START -3580 -4220 10728 -1747 695 3131 END
START -3344 -4020 10360 -1515 505 3519 END
START -3444 -4072 10072 -686 373 3993 END
START -3716 -3808 10316 -179 164 4346 END
START -3952 -3620 10688 -414 -586 4330 END
START -3644 -3856 10516 -1103 -1412 4170 END
START -2996 -4508 10024 -1685 -1872 4126 END
START -2452 -4896 9108 -1606 -2134 4174 END
START -1812 -5340 8208 -692 -2436 4408 END
START -1120 -5576 7356 788 -2668 5143 END
START -972 -5520 7444 2233 -3229 6018 END
START -996 -4908 8908 2668 -5334 6616 END
START -492 -4248 8416 2394 -10542 6884 END
START -692 -6128 8752 6162 -15025 6263 END
START -224 -5036 7000 6117 -18286 6535 END
START 540 -4876 8104 10192 -20109 6822 END
START 592 -4324 10336 14283 -22262 7406 END
START 8380 -2020 18168 772 -13816 12486 END
START 800 292 5052 2676 -14145 10175 END
START 996 -3156 16784 1390 -16776 9365 END
START 1660 1592 13320 2245 -15618 8341 END
START 2172 -940 16588 1684 -15294 7967 END
START 2196 736 16132 3535 -16229 8133 END
START 2700 224 18404 4171 -16014 8931 END
START 2756 2296 19568 5840 -15128 9056 END
START 2176 2784 21620 5894 -14239 8802 END
START 2168 4516 22884 5047 -13954 7614 END
START 2200 4284 24908 1308 -16255 6729 END
START 2144 4220 23084 4790 -12153 5330 END
START 2984 4936 26924 3361 -16411 4806 END
START 2540 2876 28324 3054 -12185 5360 END
START 2288 3932 26556 2274 -11656 5812 END
START 2528 3488 26992 1873 -10434 5844 END
START 1988 3832 26144 1368 -9445 5451 END
START 2164 4172 25468 1813 -8566 4791 END
START 2084 4064 26020 2435 -8419 4235 END
START 1856 4296 27124 2557 -7776 3687 END
START 2092 4356 27632 1701 -6988 3253 END
START 1972 4132 27476 1423 -5788 2900 END
START 2176 4088 26988 1845 -4438 2545 END
START 2036 3944 26656 1941 -3112 2345 END
START 1652 3880 26496 1608 -1995 1979 END
START 1616 3768 25956 820 -970 1443 END
START 1876 3720 24488 1038 93 975 END
START 1932 2720 23292 1513 1088 789 END
START 1868 3044 22908 1764 1675 733 END
START 1620 3156 22872 1484 1882 465 END
START 1320 3064 22248 1010 2014 102 END