START -5656 -944 16940 1419 1199 1047 END
START -7360 -1008 15548 388 77 1426 END
START -3964 1256 14708 1100 950 1566 END
START -5864 -448 16260 1098 550 1184 END
START -5696 276 16316 600 543 947 END
START -6028 540 16092 -130 430 494 END
START -5796 680 15704 -681 734 43 END
START -5440 636 14988 -1212 922 -313 END
START -4916 348 13920 -1367 1188 -626 END
START -4824 120 12832 -947 1356 -812 END
START -3892 336 11652 -218 1432 -632 END
START -4268 1040 11272 242 1235 -520 END
START -4268 1920 10912 170 214 -856 END
START -4648 2596 11028 -415 -678 -1432 END
START -4680 3068 10784 -1054 -1203 -2372 END
START -4360 3024 10764 -840 -5395 -3461 END
START -4420 2852 9960 450 -6581 -4241 END
START -3888 2464 9024 2670 -7501 -5194 END
START -3244 324 10572 3018 -9197 -5645 END
START -2548 940 8940 5627 -10526 -5947 END
START -1368 588 10076 7811 -11940 -5714 END
START -1284 928 10400 7982 -13473 -4799 END
START -1128 1820 11072 12648 -15184 -4774 END
START -2188 2852 11496 3092 -8662 -4387 END
START -2072 -2548 15200 284 -10676 -4289 END
START -1924 8064 11280 -113 -12490 -6107 END
START -1460 400 14924 -3410 -11793 -6952 END
START -556 1136 13680 2198 -9955 -8299 END
START -448 752 13768 2774 -10254 -8017 END
START 156 392 15544 4626 -10524 -8292 END
START 236 1024 16340 4249 -11702 -7873 END
START 588 364 18244 3394 -13312 -7580 END
START 1452 796 19596 2366 -14390 -7475 END
START 2016 208 22060 2122 -13481 -7477 END
START 1696 288 21260 1788 -11977 -7046 END
START 1200 -668 21748 3212 -10758 -7192 END
START 464 -508 21704 3453 -10804 -6956 END
START 500 -1084 21648 4021 -11346 -6995 END
START 1128 -608 21912 4107 -11659 -7034 END
START 2152 -1236 23716 4827 -11650 -6951 END
START 2800 -948 24916 4056 -11348 -6435 END
START 2708 -1160 26148 3533 -10563 -6097 END
START 1944 -2052 27124 2545 -9364 -5367 END
START 1600 -1896 28024 2201 -7927 -4556 END
START 792 -2324 28440 2616 -6247 -4306 END
START 376 -748 29040 2666 -5209 -4434 END
START -48 -1116 31580 1975 -5513 -4914 END
START 1016 -520 32504 740 -6398 -5453 END
START 1712 -692 32767 176 -5858 -5674 END
START 2476 44 32767 -1449 -5074 -5276 END
START 2752 -2312 32767 -2694 -1812 -4393 END
START 3020 -2464 32767 -3991 893 -3058 END
START 3064 -2008 32767 -3591 4803 -2292 END
START 2780 -1280 32767 -3631 7859 -1761 END
START 2600 -1084 32188 -4230 9900 -1491 END
START 2204 -1016 29828 -3938 11770 -1138 END
START 1800 -596 27768 -3494 13451 -833 END
START 1448 -48 25868 -2955 14879 -878 END
START 828 604 24412 -3114 15663 -1086 END
START 800 864 23164 -3837 15508 -1503 END
START 644 452 21664 -4757 15041 -1780 END
START 544 1024 20000 -5135 14614 -2104 END
START 216 268 18976 -5687 14496 -2267 END
START 500 192 17760 -6137 14671 -2513 END
START 556 -136 16732 -6438 15650 -2605 END
START 140 -1472 16400 -8100 16338 -2074 END
START 152 -908 13536 -9016 16997 -1673 END
START -608 -2132 15412 -7686 17295 -2015 END
START -44 -476 14788 -8832 16453 -1609 END
START -1020 -2700 13740 -7633 15690 -2125 END
START 100 1748 17552 -7422 15754 -1634 END
START -892 -2528 12544 -6123 15194 -1634 END
START -1344 -2976 10656 -4684 15380 -1228 END
START -1808 -2668 11360 -4204 12001 -1107 END
START -1932 -3004 10032 -4405 10936 -867 END
START -2132 -3020 9220 -4981 9713 -770 END
START -2036 -3472 9120 -5638 8177 -520 END
START -1732 -4168 8492 -5999 6772 -176 END
START -1828 -4500 8012 -5984 5935 431 END
START -2016 -4504 7896 -5488 5237 1395 END
START -2496 -3900 8012 -4828 3364 1859 END
START -3100 -3600 9016 -4369 1704 1788 END
START -3364 -3592 9448 -4445 618 1196 END
START -3076 -3980 9328 -4508 652 782 END
START -2412 -4964 8600 -3792 1326 856 END
START -2120 -5672 8252 -2709 2257 1432 END
START -1824 -5944 7604 -1611 2837 2186 END
START -1388 -6064 7052 -688 2061 3184 END
START -1204 -6196 6496 -40 765 4127 END
START -1176 -6152 6352 274 -404 4924 END
START -1544 -6008 6556 4 -2020 5215 END
START -956 -6284 6200 -357 -3658 5149 END
START -532 -7008 5624 -43 -4346 5387 END
START 40 -7156 5312 950 -4902 6038 END
START 404 -6904 5976 1703 -5359 6621 END
START 544 -6784 6356 1787 -6400 7416 END
START 1224 -6112 5960 2262 -7876 8326 END
START 780 -3512 5952 4364 -12804 8493 END
START 1268 -5848 7264 7158 -18109 8705 END
START 1020 -4068 4772 10351 -24298 8866 END
START 1628 -2960 7096 11451 -27408 8925 END
START 6960 1896 18832 2762 -14344 12550 END
START 64 -3548 4072 -2622 -16177 12047 END
START 372 -8 13556 4124 -18784 9515 END
START 1548 2512 15836 5473 -16765 8342 END
START 140 1244 17628 4718 -16048 7524 END
START 1140 4912 26884 2327 -20695 7139 END
START 316 1928 21680 1575 -16826 7078 END
START 2308 2512 30392 1516 -16974 7846 END
START 1964 2304 29236 247 -17620 7937 END
START -144 4920 29788 286 -17176 7173 END
START -196 3916 30116 -253 -15196 6370 END
START -372 3832 30312 186 -13114 5467 END
START -240 3580 30556 1107 -10605 4724 END
START 304 3196 30412 1429 -8935 4390 END
START 1008 3164 30388 1088 -7153 4412 END
START 1180 3152 29668 497 -6229 4612 END
START 1584 3132 28812 409 -5416 4664 END
START 1792 2868 27432 462 -4425 4924 END
START 1644 2772 25872 877 -3077 5243 END
START 972 3124 24616 1118 -1953 5149 END
START 608 3344 23316 1981 -1143 4407 END
START 260 3432 22908 2698 -481 3640 END
START 396 3512 22988 3129 -382 2931 END
START 464 3488 23136 2835 -530 2546 END
START 716 3396 23092 2093 -598 2414 END
START 940 3240 22764 1580 -524 2378 END