START -3928 -56 16176 1441 578 206 END
START -4408 1284 14632 366 -103 485 END
START -5432 -1716 15608 184 1107 189 END
START -3792 420 14716 376 321 533 END
START -3736 656 14192 -52 77 827 END
START -3792 1000 14148 -175 -100 839 END
START -4464 928 13440 44 -236 369 END
START -4728 964 12880 628 -620 -74 END
START -5484 1852 16300 -107 -3662 -610 END
START -4076 0 12040 1991 -5357 -1738 END
START -2960 -292 12592 3160 -7278 -2394 END
START -2136 -780 13968 4125 -6788 -2215 END
START -1328 -1076 13416 4087 -7037 -1363 END
START -1120 -1056 13184 6470 -7458 -1010 END
START -848 1404 12884 7386 -8304 -727 END
START -1564 2652 11880 9898 -9150 -1453 END
START -1660 3564 12108 12434 -10802 -2645 END
START 5132 8168 14096 3549 -1736 -1745 END
START -3316 -548 15088 2653 -4748 -3772 END
START 116 6424 13668 -1358 -6981 -4078 END
START -88 1692 12104 -213 -6472 -4408 END
START 488 2736 14080 1901 -6992 -4134 END
START 496 2264 14988 1114 -7739 -3314 END
START -120 3588 16184 1206 -7605 -3077 END
START -860 3932 16536 120 -7278 -3372 END
START -1116 4768 16204 263 -7440 -4770 END
START -884 4864 15592 431 -7735 -6534 END
START -464 3768 15620 758 -8350 -7931 END
START -140 1812 15784 6353 -10901 -9553 END
START 992 1584 17112 2214 -9172 -7786 END
START 1332 40 18960 4232 -8209 -7375 END
START 1432 1252 19576 3270 -8323 -6235 END
START 1276 128 20848 2499 -8815 -5676 END
START 1764 1580 21112 1458 -9458 -5673 END
START 1640 704 21916 1505 -9363 -6493 END
START 2344 -60 22864 1525 -8052 -6965 END
START 2080 -1288 22536 2278 -6373 -6819 END
START 1524 -2096 22020 2430 -5732 -6140 END
START 2008 -1496 21772 3583 -5989 -5630 END
START 1216 -1876 22220 2075 -6725 -4406 END
START 1588 -980 22564 1572 -7867 -4001 END
START 1476 -1144 23264 559 -8261 -3553 END
START 912 -920 23104 -90 -8103 -3284 END
START 160 -1296 23180 -19 -7338 -3236 END
START -468 -1516 22944 755 -6236 -3211 END
START -1120 -1012 23320 2237 -4892 -3272 END
START -1744 -1300 24404 3383 -4225 -3549 END
START -1428 -1028 26588 1717 -4429 -3697 END
START -904 4 27980 779 -5731 -3878 END
START -264 132 29584 36 -5879 -4218 END
START 440 -208 31740 -1203 -4737 -4226 END
START 812 -68 32756 -1768 -2656 -3735 END
START 976 -556 32767 -1980 -457 -3262 END
START 1188 -488 32767 -1896 2248 -2693 END
START 660 300 32308 -1492 4162 -2593 END
START 916 948 31804 -1376 6329 -2706 END
START 640 680 30552 -1224 8381 -2883 END
START 788 -440 29084 -2558 10251 -2546 END
START 564 1792 27572 -2288 10924 -2463 END
START 476 1396 26072 -2342 11630 -2750 END
START 944 1628 23908 -3585 11789 -2689 END
START 584 1784 21988 -3046 11770 -3103 END
START 484 1560 20796 -3386 11558 -3191 END
START 312 1632 19972 -3004 11058 -3624 END
START 424 1136 19340 -3749 10818 -3816 END
START 500 856 18428 -4311 10112 -3939 END
START 224 132 17432 -4983 9393 -3884 END
START 284 164 16976 -5291 8860 -3764 END
START 512 -44 17108 -5760 8315 -3896 END
START 692 -528 16720 -6675 8502 -3859 END
START 864 -936 16224 -8258 9339 -3238 END
START 664 -1720 15272 -9444 10897 -2663 END
START 620 -1208 14740 -10932 12643 -2128 END
START -1316 -3468 10624 -9029 11695 -2240 END
START 128 -4848 11316 -6608 14484 -1577 END
START 928 -3412 15916 -6920 12717 -406 END
START 428 -1460 16492 -5579 11085 414 END
START -196 -3864 12224 -5217 9762 921 END
START -228 -2616 12588 -6622 7868 1087 END
START -360 -3056 11060 -6575 6396 1016 END
START -616 -3584 10632 -6475 5988 1022 END
START -524 -3652 10320 -5998 7135 1153 END
START -480 -4900 9156 -4777 10252 1606 END
START -1800 -4348 10736 -4980 7973 2234 END
START -812 -4060 9864 -3489 4695 3025 END
START -2056 -3440 10228 -3809 3581 3772 END
START -2752 -1952 9488 -5173 2821 3133 END
START -2276 -3312 9952 -5250 3909 3526 END
START -2252 -3552 8312 -5462 2731 3432 END
START -2264 -3448 7724 -4865 2874 3356 END
START -2324 -3348 6996 -3680 2060 3337 END
START -1648 -3956 6516 -1779 928 3291 END
START -1332 -4448 6740 -603 -168 3743 END
START -1284 -4876 7244 218 -1022 4352 END
START -1040 -4828 7532 523 -1190 5102 END
START -720 -4344 7388 721 -1508 5798 END
START -696 -4180 7476 865 -2575 6194 END
START -352 -3808 7436 538 -3979 6423 END
START -584 -3564 7536 6 -5498 6610 END
START -1068 -3264 7820 -148 -7601 6651 END
START -584 -3712 7020 1337 -12953 6453 END
START -204 -740 9288 4532 -14866 6176 END
START -140 -4724 9956 5455 -18073 6533 END
START 172 -2792 10412 10318 -21384 5408 END
START 1080 -2368 11656 12975 -22982 4859 END
START 5420 2388 17776 -9776 -10748 9874 END
START -1104 -4984 14344 -952 -12609 6619 END
START 2208 -1816 15028 -1208 -14205 8049 END
START 412 -2888 12172 -994 -14634 8330 END
START 900 -1992 15820 -391 -16098 8718 END
START 232 56 15004 -496 -16806 8626 END
START 476 452 17816 2608 -16376 7151 END
START 856 856 20740 2299 -15374 6694 END
START 1416 852 22540 2023 -15021 6277 END
START 1988 1160 22100 146 -15016 6478 END
START 2352 944 21036 792 -15015 5963 END
START 3036 1628 21700 685 -14085 5783 END
START 3080 2388 23212 2952 -13961 5560 END
START 3056 776 22780 2073 -14892 6122 END
START 3668 2316 27772 3088 -13329 6255 END
START 3092 2760 28992 2135 -11333 6284 END
START 3420 3152 28220 1908 -8915 5879 END
START 3256 3232 26860 2768 -6926 5145 END
START 3432 2860 26344 3761 -5372 4347 END
START 3612 2160 26292 4383 -3963 4354 END
START 3712 2320 26096 5413 -2810 4848 END
START 3312 3152 26488 5622 -1925 5297 END
START 2468 3952 26416 4649 -1631 5429 END
START 1820 4648 25940 3427 -1602 4967 END
START 1396 4856 25124 2715 -1194 4019 END
START 1184 4616 24696 2463 -370 2919 END
START 1140 4380 24140 2058 488 1942 END
START 1332 4336 23320 1898 1197 1190 END