START -4708 -492 16344 998 1112 167 END
START -4304 724 10416 -328 189 504 END
START -6208 -3204 15640 54 1447 -66 END
START -5032 -488 16016 788 566 -85 END
START -4576 -28 16292 450 420 46 END
START -4920 316 16696 -99 555 13 END
START -4840 376 16152 -542 593 -123 END
START -4920 472 15344 -572 790 -381 END
START -5032 572 14796 -84 697 -796 END
START -4692 752 14392 229 462 -1219 END
START -4436 848 14184 170 87 -1563 END
START -4212 876 13656 65 -381 -1918 END
START -3520 872 13156 163 -656 -2107 END
START -2848 1028 13108 450 -662 -2102 END
START -2296 1360 12848 857 -296 -1923 END
START -2112 2264 13260 1239 133 -1740 END
START -3296 2628 13500 1571 -4253 -2260 END
START -2504 4380 11360 2034 -6156 -3369 END
START -2500 2512 10592 4687 -6891 -5021 END
START -1772 4296 8760 6878 -7486 -5977 END
START -1540 3432 9064 9911 -9642 -7359 END
START -1000 2940 9692 10103 -11787 -7925 END
START -156 3820 9604 10725 -12773 -8128 END
START -456 4984 16456 -3578 -7241 -5643 END
START -384 1804 10268 -2547 -9254 -5100 END
START 252 5100 12336 1514 -8651 -6415 END
START -776 3568 12764 -93 -8432 -6914 END
START -664 3892 13584 1216 -9376 -8535 END
START -792 2740 13688 -68 -10539 -9610 END
START 116 1788 13464 2103 -10010 -10864 END
START 1120 540 14084 3135 -10130 -11017 END
START 2172 -132 14416 4618 -10391 -10578 END
START 2164 -660 15600 5741 -10957 -9617 END
START 1460 -668 18028 5308 -12290 -8295 END
START 88 -480 20300 3375 -13814 -7675 END
START -208 -48 21756 1833 -14595 -8190 END
START 80 -40 21844 1854 -13864 -9468 END
START 1056 -424 22400 2779 -12487 -10586 END
START 1568 -1308 22404 4612 -10356 -11268 END
START 1588 -2032 23652 5068 -9593 -10734 END
START 1952 -3212 24208 4759 -9596 -10041 END
START 2176 -2304 24628 3809 -9941 -8932 END
START 2732 -2688 25352 3223 -10303 -8287 END
START 2896 -3076 25796 3081 -9789 -7588 END
START 3076 -2704 26308 3568 -8062 -6626 END
START 2244 -2584 28264 2892 -8156 -6018 END
START 1976 -2248 28248 2126 -6006 -5662 END
START 1916 -1884 28372 821 -5797 -5732 END
START 2128 -1764 29340 -355 -6226 -5986 END
START 3104 -1620 30752 -1772 -6148 -6246 END
START 3236 -2580 32184 175 -6512 -7245 END
START 5356 -3280 32688 -1302 -3480 -6433 END
START 6016 -3900 32767 -1803 -2451 -5209 END
START 5828 -4464 32767 -3327 417 -3529 END
START 4928 -3848 32588 -4194 3296 -1980 END
START 4280 -3280 32028 -5021 4910 -935 END
START 3732 -2992 30072 -5719 6615 -541 END
START 3404 -2676 28468 -5154 8298 -245 END
START 3364 -2460 26744 -4247 9772 156 END
START 3092 -2068 25984 -2874 11090 400 END
START 2904 -1116 25080 -2467 11913 775 END
START 2388 -612 24588 -3339 12489 1039 END
START 1744 4 23468 -4070 12755 1159 END
START 1300 292 21952 -4634 13365 1130 END
START 400 -88 20512 -4422 13617 832 END
START 496 708 19136 -3868 13747 421 END
START 176 8 19020 -2942 13741 -155 END
START 124 404 18528 -3470 13506 -491 END
START 148 -8 18116 -4214 13273 -750 END
START 108 -380 17464 -6360 13165 -525 END
START 548 -860 16692 -9392 13276 189 END
START 612 -1516 15316 -11770 14291 825 END
START 144 -1096 12500 -10642 15362 937 END
START 228 -20 19576 -11196 14483 794 END
START 400 1488 19068 -7949 15169 314 END
START -1264 -3060 11308 -7206 13617 -195 END
START -1248 -2600 11080 -5056 12262 -224 END
START -1520 -2536 12028 -4186 10437 -389 END
START -1496 -3072 12112 -3915 9766 -53 END
START -1532 -3448 11164 -3913 9245 435 END
START -2152 -3496 11932 -4054 9138 1063 END
START -4116 -3636 14456 -4391 7343 1268 END
START -2216 -3796 12156 -4922 5872 2098 END
START -1604 -3596 11436 -5905 4828 2443 END
START -2340 -3860 10656 -6112 4695 2457 END
START -2580 -3788 10824 -6137 4650 2283 END
START -2368 -4292 10644 -5540 3399 2044 END
START -1960 -4768 10384 -4906 3529 2285 END
START -2048 -4844 10296 -3794 3767 2837 END
START -2316 -4972 10512 -3117 3230 3246 END
START -2464 -4948 10388 -3176 2748 3322 END
START -2012 -5120 9732 -3293 2341 3496 END
START -2084 -5432 9660 -3246 1582 4001 END
START -2264 -5652 9068 -3199 601 4425 END
START -2236 -5752 9044 -2775 390 4741 END
START -2192 -5728 8416 -1905 220 5201 END
START -2060 -5356 7864 -778 255 5606 END
START -2288 -5320 8096 38 -495 5836 END
START -2016 -5320 7740 511 -1473 5953 END
START -1804 -5480 7424 884 -1977 6088 END
START -1612 -5340 7336 1210 -2636 6350 END
START -1204 -5088 7220 1122 -3672 6656 END
START -1196 -4700 7544 742 -5466 7035 END
START -716 -4660 7844 531 -7655 7543 END
START -672 -4968 7332 111 -11154 8093 END
START 364 -3700 8336 813 -12233 8698 END
START 416 -2256 6508 4939 -15294 8633 END
START 232 -4988 9776 8377 -17039 8638 END
START 32 -3200 8580 11570 -19140 8426 END
START 332 -3916 10952 15734 -20306 8515 END
START 64 -5140 11176 12776 -20300 8981 END
START 1488 2532 17032 -2790 -13653 12331 END
START 128 -2388 14984 -1650 -13669 11146 END
START 1504 -324 17628 -4130 -15871 9908 END
START 1568 1436 15692 -3460 -14148 9092 END
START 1928 412 17488 -640 -13929 8533 END
START 820 1684 17760 1336 -13315 8405 END
START 744 2520 19900 4051 -12466 7430 END
START 612 2648 22792 3446 -11750 6871 END
START 324 2952 21120 364 -12810 6213 END
START 60 3468 23412 1127 -13725 4302 END
START 1120 2160 22616 -262 -12484 3958 END
START 1452 2184 22836 45 -12199 3902 END
START 1648 1100 22744 28 -11790 4238 END
START 1980 1680 22116 910 -11137 4367 END
START 2356 1588 22208 2161 -10791 3968 END
START 2992 2128 22832 2671 -10384 3745 END
START 2800 2172 23720 3259 -10444 3689 END
START 2888 2104 24784 3691 -10213 3794 END
START 2576 2432 25496 3619 -9106 4091 END
START 2308 3012 25676 3327 -8427 3875 END
START 2412 3408 25560 3538 -7546 3470 END
START 2088 3584 25796 3895 -6474 3160 END
START 1444 3740 26468 4288 -5327 2672 END
START 1692 3948 27208 4105 -3985 1750 END
START 2304 3568 26892 3801 -2020 1159 END
START 2344 3068 26284 3646 -431 1026 END