START -5076 32 15448 2503 2992 404 END
START -4628 416 8912 881 1868 640 END
START -7008 -2800 13820 489 3441 -138 END
START -4920 764 14596 1513 1945 -607 END
START -5064 828 14168 786 1529 -1186 END
START -4676 1368 13964 55 1047 -1841 END
START -4072 1580 13240 -318 639 -2358 END
START -3216 1976 12696 -379 390 -2562 END
START -3216 1424 11384 693 -1356 -2634 END
START -2848 2340 11340 1418 -989 -2509 END
START -3088 3264 10544 2839 -1008 -2326 END
START -3460 4900 10348 4603 -2938 -2892 END
START -4260 3788 10740 7476 -6074 -4909 END
START -3796 6020 8524 10977 -9688 -7462 END
START -2444 5748 10112 14179 -13330 -9475 END
START -3228 4044 -1120 7626 -18810 -10893 END
START 2224 6284 16312 -1970 -6081 -9479 END
START -856 3588 9020 -2697 -6891 -9162 END
START 1208 2480 13480 1950 -6511 -10003 END
START 268 3724 10976 1378 -6481 -9107 END
START 376 1348 12492 2073 -8205 -8945 END
START -148 3828 12384 1610 -9785 -9302 END
START -220 1344 13232 410 -11408 -10214 END
START 672 1284 12560 1529 -13053 -11656 END
START 1940 -516 12912 3868 -12493 -12473 END
START 2688 -1136 15504 5859 -11855 -12134 END
START 2248 -1960 16320 5674 -11990 -11065 END
START 1732 -2392 18148 5341 -12238 -10088 END
START 1000 -1892 17556 4727 -12711 -9420 END
START 972 -1964 18432 5851 -12991 -9604 END
START 1360 -728 19892 6415 -12845 -9962 END
START 1420 -972 22036 7198 -12703 -10719 END
START 1624 -1212 23732 5972 -12398 -10830 END
START 1460 -1980 24176 4949 -12471 -10905 END
START 2388 -2512 24364 4115 -12459 -10832 END
START 3256 -3108 25256 4129 -11978 -10632 END
START 4480 -3740 25596 4432 -11337 -9894 END
START 4420 -3948 27136 4183 -10456 -8521 END
START 3992 -4320 29672 3497 -9467 -7698 END
START 3512 -4392 29348 2138 -8845 -6881 END
START 3604 -2988 32264 -5108 -7166 -4864 END
START 1924 -4564 32767 3546 -7050 -6696 END
START 3312 -3648 32767 -684 -5504 -5315 END
START 4056 -4484 32088 -494 -3904 -5000 END
START 4188 -4112 32767 -1305 -2687 -4532 END
START 4024 -4220 32767 -1931 -1331 -3504 END
START 4376 -3760 32767 -3594 303 -2587 END
START 4116 -3604 32316 -4476 1758 -1720 END
START 4112 -3116 31340 -5288 3930 -972 END
START 3752 -2884 30088 -5643 5683 -260 END
START 3208 -2440 28524 -5503 7228 159 END
START 2860 -2084 27300 -5472 8281 180 END
START 2628 -1752 26096 -5858 8759 99 END
START 3136 -1344 24776 -5728 8985 65 END
START 2864 -1524 24472 -5483 9264 293 END
START 2776 -1392 23848 -5661 9840 888 END
START 2320 -1288 23188 -5704 10858 1507 END
START 1880 -744 22000 -5933 11787 1899 END
START 1524 -656 20716 -5742 12690 1772 END
START 1256 -352 19800 -4864 13282 1366 END
START 832 -292 19044 -4562 13241 920 END
START 868 -552 19008 -5237 12723 352 END
START 1016 -1056 18244 -6164 12500 167 END
START 1168 -1720 16972 -6944 12345 531 END
START 1300 -1404 16668 -7924 12840 1199 END
START 988 -2112 15844 -9619 13148 1984 END
START 824 -2340 14768 -10788 13705 2828 END
START 460 -344 16404 -9815 14703 2626 END
START -600 -5044 10004 -9583 14951 2860 END
START -532 -2752 13312 -6883 13928 2320 END
START -988 -2608 13312 -6705 12212 2238 END
START -652 -2932 11848 -6617 10651 2263 END
START -1068 -3268 11228 -5391 9582 2282 END
START -1520 -3644 10980 -3992 9888 2590 END
START -1732 -3856 10064 -3256 8965 2876 END
START -2308 -3244 10848 -3595 9342 3025 END
START -2496 -2988 10916 -4218 7349 3257 END
START -2616 -3352 9340 -4908 7301 3275 END
START -2724 -3320 9348 -5254 4534 3090 END
START -3152 -3400 9384 -5334 3095 2977 END
START -3228 -3520 9224 -4774 3326 2764 END
START -3192 -4104 9400 -3806 3575 2827 END
START -3012 -4320 9660 -2890 3708 2919 END
START -2976 -4624 10156 -2477 3548 3250 END
START -2808 -4872 9900 -2504 3254 3691 END
START -2720 -4980 9460 -2740 2536 3822 END
START -2744 -4908 9448 -2788 1532 3671 END
START -2560 -5272 9020 -2606 763 3599 END
START -1952 -5720 8716 -2007 130 3741 END
START -1608 -6312 8052 -949 45 4217 END
START -1404 -6496 7236 127 359 4799 END
START -1444 -6668 7100 975 -5 5587 END
START -1360 -6700 6940 1322 -999 6195 END
START -1084 -6660 6564 1589 -2007 6874 END
START -1484 -6164 6572 1893 -3353 7755 END
START -1432 -5084 7428 1682 -5101 8313 END
START -1616 -3872 8980 484 -7664 8375 END
START -1608 -3428 8072 422 -12282 7815 END
START -424 -2120 7404 3856 -15727 6690 END
START -48 -4576 6908 5707 -18824 6465 END
START 1168 -2540 4460 11053 -20734 5507 END
START 1492 -3988 5832 14781 -23656 5748 END
START 2784 3720 6156 -2763 -12912 10372 END
START 3172 -1028 12240 6466 -12683 8660 END
START 2984 4072 9824 4249 -16828 7815 END
START 1648 1560 13596 2216 -18386 6467 END
START 1824 4408 12136 433 -19955 4892 END
START 2696 2864 17100 121 -21881 3312 END
START 3388 1408 17748 3297 -21798 1731 END
START 4876 780 19748 3333 -19390 1895 END
START 5284 188 21088 5186 -17818 2553 END
START 5300 768 22216 5398 -17211 3567 END
START 5792 1236 24676 6773 -17450 4004 END
START 5752 872 27288 6424 -16576 4910 END
START 5808 2320 28104 4571 -18816 5131 END
START 6704 2356 32767 4687 -11691 4865 END
START 5548 1048 29596 5443 -12513 4042 END
START 4260 1796 31884 4712 -11538 4532 END
START 4120 2444 31520 4303 -9373 4816 END
START 3240 2788 32036 3603 -8303 5188 END
START 2568 3468 31628 3190 -7069 5276 END
START 1416 3784 31212 2348 -5744 4821 END
START 1292 4260 29544 1568 -4387 3898 END
START 1032 3620 28740 1672 -3119 3191 END
START 1204 3152 27796 2266 -1206 2844 END
START 932 3568 27348 2667 427 2811 END
START 360 3688 27300 2848 2036 2452 END
START 32 3800 26584 2082 2895 1960 END
START -80 3948 25056 1357 3163 1520 END
START -576 3680 23704 840 2928 996 END