START -3200 -1740 17568 2373 2159 -294 END
START -2764 2656 14820 219 541 191 END
START -1276 1312 14480 11 2528 -235 END
START -3328 -816 15356 2547 1865 -883 END
START -3504 -1096 13820 3035 2265 -866 END
START -3724 -472 14128 3149 1416 -1137 END
START -3760 -4 14324 2361 240 -1729 END
START -3516 -12 14652 1356 -615 -2377 END
START -2540 -356 14660 908 -1190 -2817 END
START -2048 -668 14528 896 -1005 -2796 END
START -1480 -416 13828 1102 -48 -2780 END
START -1996 -288 13456 1212 842 -2764 END
START -2560 -476 13352 1244 866 -2830 END
START -2744 -280 13076 1705 513 -3047 END
START -3232 -244 13108 2074 457 -3493 END
START -2752 348 13464 2022 4 -4181 END
START -2000 616 14052 1718 -968 -4819 END
START -1140 672 14712 1699 -3278 -5535 END
START -60 0 15304 2532 -6708 -5790 END
START -644 -1192 14536 3530 -7949 -5235 END
START -1188 -452 13876 3511 -6737 -4625 END
START -2496 -124 13616 3350 -3984 -4546 END
START -2640 288 13348 3673 -3045 -4855 END
START -2376 956 14264 4248 -4000 -5732 END
START -1140 1172 15872 4895 -6072 -6743 END
START -1108 668 17336 4975 -8789 -7390 END
START -1060 472 17916 5143 -11239 -7874 END
START -1176 400 15752 5805 -7972 -7905 END
START -2944 -884 17392 4095 -7750 -7969 END
START -2108 404 17752 4670 -6234 -7792 END
START -1792 536 16972 5601 -6647 -8355 END
START -744 876 17984 6195 -8060 -9055 END
START 336 1188 19228 6814 -8265 -9176 END
START 396 844 19380 6074 -8568 -9022 END
START -648 692 20168 4625 -8314 -8705 END
START -2256 -52 20372 4823 -11959 -9552 END
START -2796 432 19324 1050 -7290 -9476 END
START -1720 1508 20060 -5783 -9293 -10949 END
START -856 732 23116 -3764 -5417 -12112 END
START 1132 -716 20416 -757 -5742 -12586 END
START 8 -808 25368 2163 -10227 -13664 END
START 296 -1436 24016 3463 -10724 -13518 END
START 184 -988 23200 3122 -13376 -13806 END
START 136 -1276 20580 2838 -11174 -13785 END
START 1876 -1672 22508 1823 -8471 -13399 END
START 2220 -2600 25976 1365 -7896 -13449 END
START 3756 -3976 27248 2248 -4739 -12541 END
START 4276 -4388 27668 2821 -1750 -10968 END
START 3672 -4236 28864 3192 1409 -9138 END
START 2708 -3844 29032 1955 3300 -7895 END
START 1772 -3044 28380 702 3756 -7416 END
START 948 -2516 27952 -273 3091 -7810 END
START 808 -1932 28428 -357 2766 -8734 END
START 888 -2636 29688 308 1276 -10056 END
START 1484 -4108 29344 495 679 -10749 END
START 4140 -4692 30800 1248 1000 -9703 END
START 3956 -5760 26656 781 3039 -7975 END
START 4764 -4372 25232 -723 8354 -5903 END
START 2924 -5472 25440 -1786 12990 -4634 END
START 3048 -5028 23420 -3064 13448 -3852 END
START 2540 -5108 23424 -3248 13863 -3100 END
START 2504 -5256 20728 -2749 13534 -2614 END
START 2684 -5680 20008 -3298 14718 -1819 END
START 2348 -5748 18852 -3655 12205 -1031 END
START 1364 -4944 15788 -3735 11366 -532 END
START 1984 -5112 17932 -5968 12552 1081 END
START 2176 -4948 15848 -6521 11342 2081 END
START 1700 -5332 14820 -6584 10795 2994 END
START 1084 -5212 15644 -6639 10694 3925 END
START 964 -5124 15776 -7006 11108 4385 END
START 912 -5332 15112 -7110 10963 4557 END
START 1432 -5460 14540 -6499 10991 5040 END
START 760 -5792 13736 -6365 11509 5879 END
START 588 -5608 12840 -6332 11419 6800 END
START -296 -5388 12380 -6229 10516 7573 END
START -1028 -5036 12152 -6791 9243 7958 END
START -1568 -4692 11244 -7548 8432 8058 END
START 13772 -7276 5236 -9602 15420 8326 END
START -4480 -6204 12692 -6448 182 6648 END
START 496 -3656 11612 -5344 6090 7910 END
START -1396 -5904 10964 -3694 6442 8314 END
START -1428 -5220 12876 -3810 4753 9280 END
START -1508 -4932 12908 -5080 4883 10358 END
START -1756 -4372 11580 -5597 4595 10832 END
START -1936 -3568 10692 -5570 3198 10703 END
START -2336 -3272 10436 -4175 2085 10261 END
START -2620 -3096 10852 -2911 1679 9802 END
START -2980 -3144 11268 -2248 1797 9571 END
START -2788 -3364 10620 -1835 1807 9624 END
START -2204 -3144 10224 -1140 1333 9985 END
START -2164 -2412 10284 -977 294 10383 END
START -2488 -1724 10348 -1127 -1027 10245 END
START -2640 -1084 10356 -1323 -2170 10012 END
START -2768 -488 10320 -1125 -2745 9682 END
START -2744 -116 9996 -928 -2629 9368 END
START -2568 336 9384 -535 -2838 9009 END
START -1956 660 8924 -172 -3124 8579 END
START -1144 624 8028 227 -3646 8001 END
START -244 324 7956 956 -4126 7737 END
START 556 -8 7800 1704 -4889 7973 END
START 624 -72 8076 2182 -5721 8440 END
START 348 -148 8388 2490 -6516 9027 END
START 348 300 8172 2232 -7341 9495 END
START 768 912 8808 1420 -8406 9379 END
START 652 1168 6980 423 -8084 8776 END
START 52 1108 9588 2121 -8078 7380 END
START 1660 -1032 9852 1023 -10971 6931 END
START 2400 -1828 9992 533 -14274 7294 END
START 3144 -1588 11444 2074 -16174 8062 END
START 2320 -2112 13612 5160 -23787 9325 END
START 2208 -492 11428 6049 -24237 9881 END
START 1144 1636 21436 5489 -22532 11097 END
START 1768 3228 20472 5838 -21624 10888 END
START 824 3468 20408 4185 -21364 10123 END
START 328 3356 22364 3894 -21318 8185 END
START 300 3136 23944 7225 -21408 7284 END
START 340 1868 26320 6545 -15406 7585 END
START 1052 2808 27916 4708 -14766 8396 END
START 856 3908 29364 5557 -13428 8706 END
START 372 4936 29248 4567 -12474 8849 END
START -528 5920 29556 2253 -12553 8260 END
START -728 5720 28972 1928 -13667 6764 END
START 52 6928 28920 2001 -10289 5508 END
START -16 5928 29232 2367 -7241 4763 END
START -140 5900 29740 2721 -4788 4557 END
START -424 6440 30180 2658 -3531 4827 END
START -1024 7040 29900 2076 -3134 4901 END
START -1752 7804 29288 1350 -3113 4262 END
START -1328 8576 27560 1898 -1080 2604 END
START -1640 8080 27440 450 546 1602 END
START -1180 7372 26344 -178 3006 661 END
START -524 6888 25048 -849 3902 -398 END
START 44 5900 23704 -915 6142 -1049 END
START 672 5476 22244 -1131 8421 -1555 END
START 484 5016 21416 -3560 9640 -1534 END