START -4052 -1632 17644 462 808 -49 END
START -3984 2716 14336 -1704 -459 383 END
START -2884 592 18844 -2189 919 -39 END
START -4264 -1716 16932 -99 365 -922 END
START -3484 -2384 15280 -173 583 -767 END
START -3400 -2412 15256 -238 417 -333 END
START -3576 -2352 15068 -349 362 37 END
START -3616 -2100 14496 -435 163 320 END
START -3412 -1896 14276 -325 -370 441 END
START -3304 -1412 14460 -698 -1011 547 END
START -3396 -964 14416 -1580 -1453 563 END
START -3752 -600 13608 -2469 -1410 217 END
START -3908 -492 13088 -2626 -942 -288 END
START -3752 -544 12828 -1762 -1403 -692 END
START -3388 -328 12568 -142 -1289 -1143 END
START -3160 -268 12460 1515 -430 -1489 END
START -2692 192 12624 3159 -104 -1738 END
START -1944 640 13060 4243 -230 -2119 END
START -1300 1128 13728 4939 -592 -2489 END
START -1468 1192 14712 4384 -1034 -2722 END
START -1900 996 14816 2888 -1812 -2890 END
START -2140 904 14896 1576 -3402 -3150 END
START -1852 828 14836 1102 -5476 -3586 END
START -1012 920 14332 1640 -6552 -4132 END
START 44 1216 14528 2929 -6797 -4593 END
START 600 1188 14444 3757 -5914 -4714 END
START -928 556 14768 4076 -3783 -4616 END
START -1740 592 15000 3290 -4356 -4523 END
START -2364 420 15248 2796 -5699 -4865 END
START -2436 684 15144 3039 -7330 -5574 END
START -1880 1332 14808 4167 -9069 -6639 END
START -1084 1332 14852 5222 -10566 -7954 END
START -432 416 16692 6817 -8944 -8616 END
START -852 -720 17732 6591 -10009 -8325 END
START -1660 -1512 17968 6508 -9142 -7803 END
START -1872 -1016 18544 5770 -9609 -7577 END
START -1876 -124 20112 5734 -9815 -8158 END
START -860 716 22840 7442 -13153 -9965 END
START 616 596 23908 3359 -5030 -9925 END
START 424 -564 25124 -2997 -4937 -9928 END
START -156 -2924 27148 -1677 -1239 -9483 END
START -156 -4192 26764 -199 -1723 -8586 END
START -1252 -4388 27548 1669 -4521 -8393 END
START -1620 -2840 28152 1234 -4543 -9264 END
START -1384 -2996 28924 -269 -4723 -10706 END
START -396 -4284 30160 -1436 -5735 -11510 END
START 316 -5316 30532 -2116 -4985 -11018 END
START 828 -5540 30020 -2359 -2983 -9500 END
START -372 -5180 28360 -2554 623 -7534 END
START -1720 -4308 26920 -2577 3945 -6238 END
START -2732 -3040 25464 -2065 6383 -6219 END
START -3368 -2520 25196 -1445 7747 -7100 END
START -2940 -2500 24864 -918 7557 -8439 END
START -2592 -2904 25124 -709 5431 -9597 END
START -1380 -4284 24852 604 649 -10441 END
START -296 -4980 24188 2400 -2975 -10542 END
START 772 -4216 21628 1420 -8206 -9795 END
START 4948 -4468 24204 323 501 -7953 END
START 1852 -6408 20888 -3561 10102 -6273 END
START 2188 -6020 21528 -4138 11175 -4822 END
START 2304 -5856 20196 -3790 12076 -4160 END
START 2040 -5832 19004 -5466 11237 -3081 END
START 2240 -6080 18044 -6972 11652 -2039 END
START 1736 -6436 17228 -8056 11619 -930 END
START 1692 -6668 16088 -7720 10821 -158 END
START 1248 -6728 15276 -6606 9816 472 END
START 1152 -6356 14900 -5748 8755 1103 END
START 964 -6192 14700 -5865 7870 1838 END
START 680 -6160 14364 -6452 6712 2604 END
START 596 -6040 13684 -6908 6124 3190 END
START 476 -6008 13300 -7130 5737 3682 END
START 188 -6124 12580 -7090 5704 3962 END
START 296 -6360 12716 -6381 6207 4261 END
START 212 -6720 12916 -5585 6390 4722 END
START -112 -7016 12412 -4768 6364 5258 END
START -244 -6736 12384 -4320 5874 5662 END
START 96 -6420 11496 -4472 5544 6034 END
START -136 -6708 11572 -5092 4073 6488 END
START -204 -7124 11056 -5293 3417 7412 END
START -980 -8068 10024 -5605 4998 8948 END
START -5852 -5460 9460 -9667 7623 8039 END
START -1644 -6328 12508 -2567 614 8835 END
START -1540 -5500 12500 -2036 638 8606 END
START -3020 -5340 12356 -1761 1400 8147 END
START -1604 -4904 11560 -2462 498 8044 END
START -2000 -4892 11728 -2099 -1238 7945 END
START -2044 -4196 12236 -2356 -1457 8061 END
START -2516 -3868 11904 -2195 -1733 7877 END
START -2244 -3600 11564 -1499 -2007 7851 END
START -2344 -3020 11236 -875 -2273 8058 END
START -2408 -2720 11360 -321 -2990 8109 END
START -2432 -2144 11532 -316 -3379 8066 END
START -2196 -1572 11588 -752 -3648 7691 END
START -1704 -1740 10884 -888 -3836 7339 END
START -1180 -1884 10148 -373 -4060 7259 END
START -1092 -2188 9508 837 -3664 7267 END
START -1304 -2136 9540 2072 -3741 7451 END
START -1540 -1624 10772 2970 -4469 7717 END
START -1784 -1120 11552 3313 -4760 7808 END
START -1604 -20 11196 2154 -4263 7610 END
START -1488 324 11296 1642 -5160 7221 END
START -800 192 10340 1468 -4040 6535 END
START -588 -404 10812 2135 -5847 5959 END
START 36 -676 11240 3131 -5269 5493 END
START 232 -1956 12992 3045 -6911 5179 END
START 736 -2200 13040 2512 -8301 5378 END
START 212 -1652 13372 2694 -10361 6047 END
START 472 -1316 13912 5232 -12464 6856 END
START 152 -228 15940 5647 -14283 7278 END
START -252 708 17664 6633 -15997 6571 END
START 228 204 18088 9916 -16696 5719 END
START -2808 132 19404 682 -20537 6331 END
START 900 292 15048 5766 -8928 5204 END
START -796 140 21328 2705 -15259 4933 END
START 268 -96 19532 8662 -11681 4996 END
START 100 704 22580 7058 -14383 5656 END
START -8 1552 24996 8702 -13100 6045 END
START -392 2460 26312 7702 -20489 6019 END
START 4660 5676 21232 5606 -8965 7081 END
START -1104 3972 29496 2833 -11049 5133 END
START -20 3944 28068 4449 -7950 4276 END
START -360 3484 28148 2452 -9157 3922 END
START -392 3500 28020 3535 -6650 3645 END
START -620 3640 27156 3366 -5161 3480 END
START -1004 4104 28296 3421 -4289 3044 END
START -1144 4420 28224 3302 -3570 2563 END
START -1380 4764 28004 2127 -2921 1901 END
START -1104 5096 27148 1201 -1738 1212 END
START -868 4740 26352 278 -939 502 END
START -448 4524 25656 -559 -68 -1 END
START 236 3892 24292 -1200 1525 -329 END
START -444 2744 23456 -586 1422 -628 END
START 1016 2860 21884 -301 3389 -550 END
START 792 2600 21136 -1330 3930 -596 END