START -4936 920 14528 2162 2013 -704 END
START -4540 4376 11496 68 359 -367 END
START -3216 3608 14232 -124 2664 -718 END
START -5028 1920 14220 1264 1257 -2466 END
START -4572 1680 13260 947 710 -3339 END
START -4160 1412 13120 1091 50 -3995 END
START -4060 708 12900 1514 -389 -4298 END
START -3504 332 12284 2151 -692 -4081 END
START -3496 320 12040 3328 -552 -3878 END
START -2844 908 12520 4025 -770 -3833 END
START -2296 1712 12548 3884 -903 -4154 END
START -1688 2612 12676 3665 -807 -4512 END
START -2008 3148 12936 3230 -813 -5220 END
START -2312 2776 13004 2814 -536 -5777 END
START -3108 2084 12188 3327 -670 -6200 END
START -3684 1908 11436 4255 -1212 -6529 END
START -3624 2324 11204 5411 -2298 -7197 END
START -2588 2740 11336 6305 -4115 -8224 END
START -1208 2400 12324 6929 -7239 -8885 END
START -824 1676 12996 7070 -10604 -9270 END
START -892 1204 14528 6644 -14134 -9183 END
START -1280 36 16344 5859 -17148 -9109 END
START -2544 460 14876 5103 -18635 -9130 END
START -248 1088 15872 5142 -14203 -9422 END
START -152 256 16980 5415 -13739 -9845 END
START 688 132 19108 6182 -13642 -9958 END
START 1224 252 19944 5908 -13649 -9741 END
START 336 16 21008 5138 -13998 -9544 END
START -420 -220 22152 4821 -14038 -9770 END
START -140 -1052 23532 4962 -13235 -10136 END
START 620 -472 22948 3374 -14154 -9849 END
START 1932 460 26736 719 -4937 -10093 END
START 2352 -580 23396 -1758 -4584 -9591 END
START 1392 -2300 28176 -2629 -8213 -9654 END
START 732 -2708 27580 898 -7117 -9664 END
START 504 -2576 27164 2037 -10881 -10075 END
START -428 -2876 28332 2574 -11319 -10718 END
START 836 -1852 28400 2516 -9703 -11396 END
START 1316 -2952 28676 1278 -4949 -10233 END
START 1544 -2800 29960 -358 -3562 -9476 END
START 1936 -2216 30008 -1647 -1670 -8853 END
START 1980 -1744 28868 -2688 403 -8164 END
START 1680 -1788 27536 -2871 2060 -7727 END
START 1064 -1988 26852 -3005 3474 -7472 END
START 184 -2264 26172 -2689 4788 -7246 END
START 352 -2564 25320 -2442 5610 -7241 END
START 160 -2596 25208 -1580 5941 -7248 END
START 172 -2276 25860 -1222 4778 -7507 END
START 496 -2992 25852 -1882 4365 -7407 END
START 240 -3792 25160 -2615 1836 -7738 END
START 3424 -3352 25936 -2213 3629 -6853 END
START 3312 -3972 23708 -3436 7097 -5733 END
START 2708 -4412 24016 -3686 8683 -5130 END
START 2268 -5328 22816 -3311 11142 -4029 END
START 2524 -4916 21668 -3831 12076 -3058 END
START 2500 -4972 21020 -5290 12670 -1914 END
START 1892 -5160 19476 -6238 12435 -1321 END
START 1804 -5108 18196 -7163 11958 -424 END
START 1424 -5196 16740 -7176 11979 205 END
START 1404 -4972 16832 -6792 10744 773 END
START 1064 -5476 16748 -7124 10982 1354 END
START 784 -5864 16276 -7872 11043 2060 END
START 1060 -6068 15300 -8078 10876 2909 END
START 1072 -6436 14536 -7535 11176 3582 END
START 928 -6440 14236 -7202 10819 4506 END
START 660 -6532 13708 -7312 10492 5399 END
START 88 -6164 12944 -7342 10349 6169 END
START -436 -5928 12680 -7512 9655 6729 END
START -1024 -5532 12088 -7417 9049 7001 END
START -1364 -5080 12172 -6950 8227 6945 END
START -1328 -5120 11900 -6428 7242 6874 END
START -772 -4960 10516 -5855 6311 7096 END
START -3856 -5880 12208 -5834 6862 6654 END
START -2796 -5932 11120 -5637 6026 7611 END
START 16144 -8016 3912 -4763 13755 8266 END
START -6024 -7300 7204 -7194 2817 7380 END
START -1280 -3224 9968 -5861 4102 8454 END
START -3484 -4612 9028 -3255 3801 8017 END
START -2756 -3756 9540 -3301 1887 7956 END
START -3376 -3460 10136 -3294 1355 7760 END
START -3032 -3616 9372 -2585 913 7671 END
START -3236 -3444 8836 -1664 310 7860 END
START -3144 -3040 8684 -757 -381 7892 END
START -3308 -2548 9140 -204 -1057 7687 END
START -3008 -2172 9388 -46 -2036 7326 END
START -2564 -2096 9560 -190 -2688 7058 END
START -2132 -2328 9488 9 -2989 7209 END
START -1744 -2520 9300 367 -3237 7741 END
START -2136 -2408 8900 901 -3006 8326 END
START -2648 -1576 8584 1496 -3615 8303 END
START -2856 -700 8392 1447 -4356 7429 END
START -2744 -772 9132 871 -5365 6481 END
START -2316 -1080 9348 921 -7283 5872 END
START -1508 -1176 9648 1215 -9027 5869 END
START -864 -1052 10584 1661 -10443 6234 END
START -596 -748 11460 1988 -10864 6703 END
START -564 -504 12316 1734 -10835 6689 END
START 472 -52 11392 623 -10166 6344 END
START 124 -1176 12056 1489 -10368 5713 END
START 1072 -2456 12632 1355 -12478 5319 END
START 2288 -3432 13168 945 -14306 5902 END
START 1712 -3552 14600 3057 -16449 6695 END
START 2616 -3224 14440 6521 -16510 8005 END
START 1836 -2136 16596 7663 -18115 9093 END
START 1088 -72 18444 9035 -19732 9397 END
START 1924 2224 21744 6530 -23273 9504 END
START -3044 1136 17452 1485 -20847 8498 END
START 1356 2884 23352 5470 -17433 8613 END
START 1280 2992 23564 3658 -15858 7555 END
START -392 2220 25752 3038 -13043 6745 END
START 368 2100 24532 4866 -11096 6454 END
START -84 2188 25792 5226 -11322 6399 END
START -552 3124 27392 5717 -10824 6453 END
START -1092 3848 28392 4613 -10677 6097 END
START -1348 4228 29068 3172 -10162 5529 END
START -1612 4520 28956 1193 -10236 4959 END
START -1588 4824 28324 459 -7108 4031 END
START -1360 4736 28476 -787 -5864 3357 END
START -1516 4696 28308 292 -4806 2881 END
START -1740 4960 28396 972 -4301 2350 END