START -4684 -752 16524 222 1251 1430 END
START -6500 324 15024 -1032 349 1817 END
START -3308 972 14424 -280 1039 1836 END
START -4864 -4 15500 -215 761 1216 END
START -4932 736 15240 -129 1234 922 END
START -5676 1180 14968 -162 1298 378 END
START -5652 1108 14080 156 1510 -475 END
START -5516 1420 13536 493 1767 -987 END
START -5408 1528 12948 826 1547 -1668 END
START -4840 1968 12792 805 936 -2415 END
START -4204 2100 12596 360 272 -2966 END
START -3824 2380 12524 -56 -423 -3464 END
START -2204 3180 11188 -1068 -3684 -4051 END
START -2396 2744 11488 897 -7022 -4792 END
START -1576 2968 11676 3424 -8398 -5655 END
START -1708 2464 12364 5298 -9619 -6067 END
START -1492 3040 11528 8076 -9944 -6811 END
START -1684 3564 11916 9208 -10840 -7546 END
START -1956 3344 11276 10941 -10123 -8553 END
START -252 3984 13240 245 -5312 -7950 END
START -1616 -924 11432 -438 -6093 -8303 END
START 972 6256 11624 2027 -7242 -9026 END
START 116 660 13756 -211 -8328 -8675 END
START 992 2816 12832 -225 -9952 -8731 END
START 648 1168 12364 539 -9700 -8773 END
START 660 784 13216 1517 -9906 -8882 END
START 476 728 12956 1978 -9872 -9018 END
START 80 364 12824 3261 -9883 -9685 END
START 40 -164 13036 4454 -10003 -10164 END
START 676 -456 13740 6012 -10640 -10585 END
START 1608 -60 15132 6636 -11570 -10467 END
START 1040 -784 16700 6297 -12601 -9894 END
START 964 -812 18376 5314 -14042 -9528 END
START 1204 -1028 19228 4639 -14455 -9486 END
START 732 -1388 20396 5162 -13976 -10020 END
START 1516 -2200 21112 5986 -12606 -10531 END
START 2068 -2276 22460 7540 -10670 -10589 END
START 2424 -2588 23352 7774 -9520 -10246 END
START 2472 -2636 24124 7054 -9288 -9473 END
START 2076 -3284 25036 5513 -10203 -8497 END
START 1952 -2980 25900 4154 -11104 -7874 END
START 1880 -3932 28732 2930 -11466 -7715 END
START 2540 -3048 28048 2016 -10947 -7770 END
START 3328 -3504 28400 2134 -9004 -7975 END
START 3644 -4192 30088 2136 -7665 -7252 END
START 4744 -3976 28960 8355 -7458 -7721 END
START 3248 -4468 31984 1460 -5105 -5602 END
START 3688 -3556 32728 -154 -3968 -4577 END
START 3632 -2636 32767 -2148 -3974 -4255 END
START 4448 -2824 32767 -3246 -2715 -4305 END
START 5348 -3416 32767 -4638 -1052 -3661 END
START 5876 -4380 32767 -4225 2012 -2658 END
START 5820 -4616 32688 -4747 4759 -1015 END
START 5284 -4208 31180 -5128 6962 434 END
START 4384 -3684 29560 -5294 8277 1330 END
START 4180 -2968 28204 -4920 9244 1764 END
START 3780 -2224 26920 -4736 10251 2034 END
START 3300 -1648 26020 -4811 11167 2080 END
START 2960 -1208 25116 -4105 11982 1872 END
START 2472 -1044 24220 -4153 12875 1706 END
START 2448 -952 23268 -4554 13617 1737 END
START 1820 -952 21620 -5294 14296 1976 END
START 1680 -492 20212 -5601 14402 2149 END
START 904 -300 19336 -5252 14309 2060 END
START 472 -200 18992 -5766 14260 1758 END
START 188 -164 17412 -5779 14174 1055 END
START 32 -340 17020 -6476 14091 670 END
START 224 -528 15068 -6850 14702 359 END
START 428 -1256 15192 -8936 15544 676 END
START 712 -3148 8700 -10528 16755 1489 END
START -360 -3476 12160 -9656 15651 1226 END
START -616 -3612 11312 -10699 15017 1634 END
START -696 -4368 9560 -7779 13940 1275 END
START -1152 -2988 11552 -8425 12034 1939 END
START -616 -2892 10280 -6255 11898 2026 END
START -1152 -3492 10340 -3856 10353 2096 END
START -1524 -3792 10652 -2765 10326 2504 END
START -1808 -3608 10976 -2514 10531 2931 END
START -1852 -3536 10516 -2953 9777 3308 END
START -2024 -3308 9932 -4314 9520 3858 END
START -2472 -3124 8792 -4992 6812 3924 END
START -2504 -2956 8284 -4913 5339 3997 END
START -2628 -2756 8436 -4433 4142 3893 END
START -3176 -2748 8416 -3707 2851 3828 END
START -3380 -2632 9456 -3346 1229 3680 END
START -3696 -2680 10208 -3574 313 3196 END
START -3464 -3004 10316 -4072 -133 2844 END
START -2856 -3432 10048 -4336 -345 2688 END
START -2240 -4064 9592 -4175 -151 2899 END
START -2024 -4440 8448 -3230 524 3169 END
START -2000 -4944 8212 -1583 847 3617 END
START -2072 -5320 8116 -96 706 4197 END
START -2080 -5420 8116 881 185 4687 END
START -1920 -5216 7940 1232 -628 5261 END
START -1760 -5064 8464 794 -1658 5655 END
START -1276 -4704 8368 -4 -2963 5795 END
START -680 -4772 7416 -296 -3765 6051 END
START -264 -4528 6972 20 -4672 6478 END
START -36 -4256 6404 538 -5616 6614 END
START 56 -4080 6188 1075 -7070 6824 END
START 344 -3900 6024 2405 -10052 7065 END
START 412 -1804 5676 6032 -13065 7023 END
START 732 -3992 7200 8955 -16699 7570 END
START 396 -972 6736 13842 -20869 6942 END
START 1180 -1376 8800 18547 -26220 6265 END
START 9384 12212 12864 1909 -13546 9922 END
START -320 -4516 9280 -2168 -14088 8533 END
START 2740 540 16220 2561 -16102 6023 END
START 2072 732 13684 -633 -15982 5984 END
START 2404 -496 14544 1105 -15378 5625 END
START 1540 660 16912 2220 -16615 5513 END
START 1396 1084 18640 3582 -15793 4831 END
START 1796 1204 20584 4155 -15368 4249 END
START 2292 744 21620 4320 -15858 4046 END
START 2472 1180 22864 3859 -15615 4141 END
START 2024 852 23836 3865 -14558 4047 END
START 1840 1080 22528 3637 -15908 4427 END
START 1816 1820 26400 3762 -13860 4477 END
START 1608 1332 27700 3141 -15132 4422 END
START 2372 3380 28096 1893 -13227 4344 END
START 2308 3188 27976 1280 -11980 3139 END
START 2780 2216 26580 1816 -10755 1921 END
START 3208 1432 27140 3609 -9506 1766 END
START 3496 1288 28012 3991 -8183 2482 END
START 3364 1492 28640 3938 -6876 3507 END
START 3176 2032 28092 2674 -6083 4549 END
START 2372 2636 28036 3269 -4156 4793 END
START 2028 2956 27048 3004 -3228 4895 END
START 1416 3756 27136 4249 -1337 4249 END
START 832 4088 27144 4140 -531 3530 END
START 640 4324 26768 4096 -38 2869 END
START 368 4748 27372 3100 116 2259 END
START 512 4872 27164 2317 719 1454 END
START 732 4744 26940 932 907 706 END
START 1232 4344 26288 403 1640 78 END
START 1676 3964 25860 -231 2451 -402 END