START -5972 -1480 17548 589 466 270 END
START -7088 -72 15920 -155 97 512 END
START -8600 -4520 16628 -73 1845 -6 END
START -6264 -2228 16656 1119 1086 267 END
START -5736 -2296 16788 942 1063 786 END
START -6052 -2284 16940 552 1043 1264 END
START -6100 -2076 16848 244 858 1349 END
START -5868 -1688 16388 -142 792 1374 END
START -5976 -1472 16320 -379 822 1242 END
START -6008 -1192 15824 -499 591 906 END
START -5924 -1284 15428 -716 446 461 END
START -5832 -1676 14856 -370 121 -196 END
START -5216 -2064 14652 168 -250 -510 END
START -4704 -2500 14264 705 -309 -274 END
START -4176 -2832 14932 669 -594 239 END
START -3984 -2964 14608 376 -434 960 END
START -3868 -2936 14280 593 235 1654 END
START -3800 -2468 13776 1105 832 2132 END
START -3972 -2192 13120 1733 1201 2551 END
START -4152 -1916 12872 2242 1088 2784 END
START -4644 -1428 12876 2617 558 2544 END
START -5132 -1172 12948 2515 -273 1868 END
START -4852 -1128 13276 2044 -1266 1242 END
START -4428 -1388 13212 1629 -2014 1111 END
START -4828 -2528 12044 1957 -5662 1157 END
START -4060 -1020 13472 2066 -4743 1588 END
START -4156 -1016 13352 2870 -5751 1881 END
START -4484 -924 13952 3659 -6264 1885 END
START -4812 -404 15152 3111 -7179 1856 END
START -4752 -64 14480 3953 -8655 1432 END
START -4612 -224 13984 4196 -9404 902 END
START -4852 -360 13860 5548 -8946 697 END
START -5400 592 14748 6882 -9684 279 END
START -5084 124 15040 8880 -9813 -259 END
START -4400 392 15800 10193 -9923 -518 END
START -3668 172 15968 10609 -10046 -541 END
START -2616 1028 16412 3651 -4756 579 END
START -3232 136 16788 2923 -5567 1238 END
START -2108 296 16084 2559 -6900 1490 END
START -2480 892 16252 2560 -7139 2029 END
START -3036 1992 17244 3850 -7198 1992 END
START -3208 2596 17784 2733 -6849 1992 END
START -3324 3556 17940 2700 -6542 913 END
START -3364 3584 18148 3013 -6340 118 END
START -3152 3544 18596 3262 -6584 -980 END
START -2052 3408 18804 3041 -6688 -1474 END
START -1680 3176 19644 2546 -6569 -1390 END
START -1700 3104 19824 1566 -6682 -1221 END
START -2096 3164 18868 1219 -6494 -1125 END
START -2628 3528 18772 1991 -6019 -1179 END
START -2928 4440 19336 2852 -5462 -1630 END
START -3040 5132 19776 3341 -4883 -2731 END
START -2584 5180 19932 3688 -4364 -3789 END
START -2100 5060 19872 3636 -4224 -4478 END
START -2000 4112 20140 2990 -4723 -4765 END
START -2128 4052 20956 2034 -5521 -4703 END
START -1848 3552 21492 1736 -5673 -4582 END
START -1832 3636 22508 1964 -5147 -4463 END
START -1308 4392 23768 2731 -4627 -4829 END
START -1052 4236 24756 3205 -3484 -5247 END
START -1140 3740 25484 3417 -2146 -5556 END
START -1364 3280 25840 3493 -636 -5716 END
START -1444 3152 26176 3479 480 -5741 END
START -1540 3120 26384 2990 1084 -5842 END
START -1648 2940 26568 2283 1570 -6038 END
START -1520 2572 26608 1611 1776 -6272 END
START -980 2312 26676 1180 2299 -6526 END
START -524 1676 26704 949 3240 -6534 END
START -388 544 26292 821 4252 -6281 END
START -176 104 26640 413 5490 -5627 END
START -236 -236 26072 -37 6559 -4939 END
START -412 -312 25168 -408 7785 -4167 END
START -544 -32 23992 -672 8397 -3566 END
START -676 236 23000 -662 8697 -3256 END
START -1276 164 22012 -491 9303 -3156 END
START -1488 16 21724 -774 9869 -2941 END
START -1668 96 20936 -1484 10713 -2708 END
START -1752 72 20620 -2877 11534 -2464 END
START -1816 -72 19672 -4530 12178 -2217 END
START -1808 -1956 18300 -6478 12390 -1518 END
START -1600 -1588 14784 -6016 11932 -774 END
START -2356 -1620 14832 -5729 13492 -250 END
START -2344 -2008 14648 -6308 12835 488 END
START -2384 540 16564 -6459 12195 945 END
START -3220 -1252 12912 -4073 11536 519 END
START -2904 552 12848 -4474 9442 572 END
START -3488 20 12128 -3223 8396 162 END
START -3568 224 11700 -3062 7875 -57 END
START -3304 -40 11024 -2648 7902 -179 END
START -3300 -216 10720 -2680 7761 -103 END
START -2888 -244 10084 -2841 6646 -53 END
START -2476 -700 9064 -2795 6149 291 END
START -2760 -48 9108 -3121 5363 597 END
START -2536 -756 8620 -2766 4307 1053 END
START -2860 -820 8572 -2561 3586 1668 END
START -3012 -796 8060 -2287 2992 2137 END
START -3404 -440 7660 -1663 2201 2205 END
START -3472 -260 7244 -892 1370 2093 END
START -3516 -276 7020 319 687 1727 END
START -3444 -376 7092 1523 -22 1365 END
START -3260 -552 7624 2046 -670 1288 END
START -3040 -336 8344 2263 -1501 1402 END
START -3072 -292 9120 2262 -2331 1730 END
START -2908 -4 9744 2101 -3251 2172 END
START -3228 292 10352 1915 -4205 2464 END
START -3296 916 10816 1999 -5120 2595 END
START -3316 1536 12156 2039 -5950 2295 END
START -3056 1328 11928 2794 -7656 1536 END
START -2860 1480 13340 3886 -8830 950 END
START -2304 708 13396 5858 -9622 461 END
START -2116 592 13444 7472 -11049 199 END
START -1536 792 14580 9149 -12161 384 END
START -1552 1536 14836 10674 -11840 790 END
START -1220 1348 14776 14163 -11741 1122 END
START 492 7244 16048 -769 -6545 3072 END
START -3852 -2332 16452 -1000 -7434 2272 END
START -1596 5312 13380 -588 -8012 1414 END
START -2000 -600 15824 712 -7623 1134 END
START -364 2920 15972 2981 -7440 1090 END
START 284 -52 16744 1689 -8221 1873 END
START 1476 1460 16040 2035 -8532 2093 END
START 2132 -48 16840 827 -8088 3494 END
START 1460 1472 16720 3633 -9246 3843 END
START 536 1152 14068 3134 -9393 5388 END
START -468 2556 19400 4798 -10144 5062 END
START -1480 3260 19084 2999 -9946 5283 END
START -1436 4636 21344 4287 -9658 4643 END
START -1012 6124 23552 1819 -11786 4154 END
START 420 4332 20136 1582 -8641 3861 END
START -76 3872 21044 2724 -10090 2672 END
START 644 3092 20604 3322 -7901 2852 END
START 152 1672 21132 3791 -6983 4004 END
START 144 3280 22248 3357 -7124 5022 END
START -652 4116 22892 1841 -8046 5349 END
START -512 3996 22872 1277 -8401 5294 END
START -520 3952 22436 1367 -7878 5518 END
START -172 3416 22032 1664 -7188 5575 END
START 116 2424 20876 2261 -6097 5652 END
START 1048 4712 21936 1351 -6455 6551 END
START 1044 -8 19020 3897 -4140 5694 END
START 356 1048 20604 4464 -5910 6566 END
START -404 -712 21052 2775 -5628 8365 END
START -916 2156 22524 3617 -5792 9190 END
START -928 1496 22316 2280 -5405 10051 END
START -864 2648 23064 1902 -5239 10736 END
START -1100 4028 24036 1999 -4864 10673 END
START -756 3772 23596 2237 -3522 10340 END
START -1844 3980 23632 1738 -2906 10060 END
START -1960 4448 22644 790 -2681 9889 END
START -2072 5000 22220 -23 -3348 10013 END
START -2088 5816 22836 -22 -3152 9995 END
START -2300 6488 24356 -691 -3514 9601 END
START -1964 7692 25244 -1232 -2950 8797 END
START -1604 8440 25132 -1034 -1488 7661 END
START -1404 9144 25404 -673 -141 6221 END
START -956 9616 26292 -924 1652 4803 END
START -548 9108 26340 -1489 3013 3702 END
START -152 8388 26200 -2035 4168 3286 END
START 192 8708 25516 -2503 4937 2979 END
START 92 9072 24788 -2754 5723 2508 END
START -256 9504 24368 -3165 6181 1749 END
START -560 10212 24132 -4071 5938 669 END
START -408 10340 24184 -4827 6235 -683 END
START -536 10244 23000 -5277 7193 -1993 END
START -1008 10340 22496 -4710 7881 -3519 END
START -424 10272 22060 -4162 8602 -5147 END
START 80 9712 22152 -4282 9115 -6156 END
START 576 9536 21648 -5106 9096 -6651 END
START 748 9516 20796 -5271 9498 -7056 END
START 600 9484 20644 -5243 9898 -7478 END
START 452 9412 19936 -5635 10003 -8002 END
START 636 9648 19036 -5349 10448 -8729 END
START 516 8816 18424 -4485 10809 -9334 END
START 292 9072 18188 -3750 10741 -10129 END
START 524 8264 23048 -1455 11816 -11493 END
START -440 9568 17108 -5817 9530 -11450 END
START 216 7252 18572 -4894 9142 -12734 END
START 760 8344 17520 -5105 8678 -12898 END
START 448 5844 16972 -4403 9023 -12912 END
START 444 6148 17024 -4690 9352 -12883 END
START 884 4380 17204 -6003 10326 -12423 END
START 704 2780 16424 -8649 11867 -11567 END
START 624 1396 15004 -10243 11962 -10588 END
START 1204 3252 13652 -9031 12517 -10635 END
START 1168 928 15716 -6686 13629 -10793 END
START 620 64 11728 -5962 13906 -10522 END
START 396 -1376 12740 -3766 15756 -10673 END
START 144 -3112 8176 -546 13564 -10871 END
START 652 -3352 9840 -284 10958 -10230 END
START 716 -4088 9072 -160 7301 -9317 END
START 424 -4392 9580 -299 4909 -8455 END
START 588 -4756 10328 375 3859 -7728 END
START 360 -5208 10968 684 3875 -6923 END
START 512 -5560 11232 828 4095 -6163 END
START 240 -5940 10848 725 3921 -5395 END
START 144 -6176 11128 568 2620 -4501 END
START -84 -6544 10800 632 1613 -3700 END
START -276 -6376 10704 1033 2408 -2617 END
START -1368 -5012 11832 666 1543 -2016 END
START -1580 -4552 13280 212 1166 -1459 END
START -1836 -4160 13384 461 -535 -814 END