START -4880 -1832 18752 374 1011 857 END
START -7184 -1388 14428 -654 39 1056 END
START -4060 -596 14564 343 963 1172 END
START -4364 -1280 16280 113 763 1156 END
START -4720 -1736 15448 -134 945 1382 END
START -4948 -1804 15296 -337 579 1598 END
START -4876 -1896 15160 35 386 1620 END
START -4600 -1964 14800 265 506 1705 END
START -4288 -1892 14476 644 850 1890 END
START -4660 -1364 14620 700 837 2106 END
START -5024 -416 14556 353 458 1838 END
START -5436 196 14228 -4 -115 978 END
START -4972 -48 14008 -206 -711 110 END
START -4048 -524 13472 -206 -847 -293 END
START -3220 -1144 13016 121 -397 -118 END
START -2700 -1548 12540 518 -172 428 END
START -2588 -1360 12096 1367 -2052 1085 END
START -3544 -1028 12876 1337 -4281 1695 END
START -3824 -148 12424 2276 -5345 1639 END
START -4180 -508 12308 3429 -7022 1566 END
START -4884 -720 11420 4055 -8245 793 END
START -4060 1124 12804 5608 -10019 -512 END
START -3480 -28 12020 7063 -9896 -889 END
START -3168 -220 12696 7594 -8951 -640 END
START -3180 -416 13484 8352 -7199 85 END
START -3836 1736 14104 3847 -6705 1611 END
START -2952 984 15056 3046 -4472 2080 END
START -3616 1472 14852 3514 -5776 2158 END
START -3512 1568 14852 1980 -6155 2266 END
START -3772 1328 16720 1973 -7708 2095 END
START -4032 4080 14852 2594 -7746 1686 END
START -4792 3272 16492 2178 -7560 848 END
START -4552 2588 17472 2791 -7911 -212 END
START -3880 3068 16664 2696 -8213 -898 END
START -2712 2536 18572 4022 -7633 -1321 END
START -2476 2864 19272 4394 -6942 -1004 END
START -2972 2680 20012 3569 -6995 -400 END
START -2708 3616 19892 2837 -7385 -287 END
START -3224 3628 20236 2240 -7425 -401 END
START -3140 4424 20680 1965 -7080 -944 END
START -3308 5136 20656 2231 -6335 -1698 END
START -3164 5252 20236 2682 -5823 -2524 END
START -3156 4912 20168 2996 -5955 -3505 END
START -3464 3888 20888 3245 -6152 -4249 END
START -3232 3356 21868 3412 -6353 -4619 END
START -2312 3000 22692 3383 -5664 -4608 END
START -1212 3160 23648 3267 -4847 -4302 END
START -996 3304 23856 2804 -4415 -3773 END
START -1076 3628 24120 2121 -4344 -3436 END
START -1836 3676 24684 1345 -4142 -3350 END
START -2264 3764 25016 835 -3866 -3771 END
START -1884 3784 25516 759 -2933 -4417 END
START -1636 3616 25780 1165 -1767 -5143 END
START -1048 3132 26224 1393 -760 -5648 END
START -656 2500 26760 1205 -41 -5694 END
START -336 1948 27012 697 701 -5486 END
START -480 1372 27572 -124 1443 -5077 END
START -604 732 26904 -1072 2176 -4653 END
START -632 348 26292 -1408 3229 -4155 END
START -600 44 25760 -1294 4416 -3786 END
START -620 -140 24564 -721 5768 -3491 END
START -628 -12 23476 329 6879 -3317 END
START -640 -384 22772 985 7532 -2985 END
START -924 -340 22472 1030 7768 -2551 END
START -1100 -348 21784 653 7897 -2174 END
START -1416 -124 21760 179 7850 -1768 END
START -1544 168 21084 -397 8038 -1629 END
START -1876 356 20032 -585 8515 -1592 END
START -1956 608 19176 -543 9502 -1618 END
START -2148 492 19032 -2061 10424 -1225 END
START -2440 520 18336 -1912 10813 -1432 END
START -2572 508 16320 -3262 11042 -1192 END
START -2376 -340 16084 -3194 11648 -1077 END
START -3040 -660 15128 -3616 10673 -779 END
START -2640 -792 14628 -1977 9783 -764 END
START -2732 1496 16376 -2503 9637 -499 END
START -3524 100 14492 -2930 8533 -746 END
START -3164 -464 13152 -3012 9106 -661 END
START -3840 72 13164 -3789 7790 -709 END
START -3132 88 13424 -2544 8230 -1028 END
START -3284 296 11344 -2637 7199 -985 END
START -3836 -1216 12004 -1308 6622 -1091 END
START -3192 -476 11504 -1581 6016 -901 END
START -3500 -992 11896 -845 6277 -463 END
START -3868 -468 12112 -1173 6034 169 END
START -3580 -608 11832 -940 5685 662 END
START -3760 0 11684 -1449 4413 922 END
START -4008 444 11572 -1726 3293 751 END
START -3616 556 11080 -2065 2629 495 END
START -3456 384 10620 -1889 2352 440 END
START -3488 340 10680 -1432 1831 379 END
START -3268 248 10428 -1181 1914 501 END
START -3504 -4 9360 -731 2203 688 END
START -3776 64 8792 -152 1494 873 END
START -3588 -84 8244 366 820 939 END
START -3640 -160 8112 1227 -26 1008 END
START -3568 12 8384 1732 -985 1035 END
START -3512 -72 9252 1779 -1421 1065 END
START -3268 72 9836 1520 -1993 1380 END
START -3508 816 10012 1322 -2472 1605 END
START -3612 1344 10240 1068 -3813 1493 END
START -3576 1596 10616 1125 -4923 1303 END
START -4008 1576 11088 1541 -5640 1045 END
START -4232 3304 13876 1249 -7074 712 END
START -3212 764 11484 3486 -5634 108 END
START -3008 364 11156 4322 -6803 352 END
START -2384 984 13324 7162 -7788 214 END
START -2156 1196 14028 7444 -11163 -214 END
START -1764 -1020 13156 9903 -13085 -132 END
START -1924 2892 15040 9814 -13904 378 END
START -1140 1872 15044 -1682 -8413 2536 END
START -3172 -952 17652 1774 -8599 2173 END
START -1296 3400 15784 1660 -7939 2403 END
START -2440 3108 18020 2082 -7190 2075 END
START -2292 4576 19016 2422 -6957 912 END
START -2196 3976 19160 561 -7547 478 END
START -1724 2956 18536 -886 -7794 82 END
START -2500 1700 16248 -370 -7509 105 END
START -2120 1780 18928 371 -8082 63 END
START -1140 2496 18916 252 -8705 314 END
START -424 1820 19120 519 -8413 602 END
START 464 2064 19944 832 -8209 1164 END
START 300 1980 19528 292 -8151 1330 END
START -360 1992 19716 -737 -7970 997 END
START -200 2092 19620 -1523 -8313 399 END
START 96 1260 19600 -1133 -7932 -150 END
START 844 900 20328 -54 -7253 115 END
START 2044 796 21376 657 -6152 954 END
START 2848 500 20696 977 -5182 2238 END
START 2612 1776 20700 909 -4778 3287 END
START 2168 1732 19572 324 -5151 3267 END
START 1428 1004 18380 179 -4974 3303 END
START 260 424 17652 934 -5238 3460 END
START -116 1092 18104 1460 -5630 3787 END
START -244 2492 18788 1528 -6006 3700 END
START 636 1948 19656 1710 -6437 3227 END
START 2308 1648 19448 1265 -6172 3753 END
START 3152 0 17376 1642 -5941 4514 END
START 1500 -7044 22184 -987 -9859 6027 END
START 164 7096 15776 7678 2964 5217 END
START -3616 -4412 17580 2304 -5663 6959 END
START -944 7168 21184 4241 -4672 6929 END
START -1744 -720 21164 3800 -5626 7121 END
START -928 6268 20980 4727 -5462 7063 END
START -464 1832 24136 5956 -3382 6301 END
START -396 1948 22320 1946 -3575 7079 END
START -548 492 19836 4164 -825 7172 END
START 616 1104 22612 6652 -1389 7841 END
START -172 52 20508 5424 -3194 8958 END
START -216 -88 22408 2976 -1758 9926 END
START -68 992 21448 -1368 -4607 10627 END
START 2420 164 20256 -3028 -3854 11758 END
START -800 -1556 22160 -3770 -5857 13298 END
START 1504 4684 26680 3654 -6813 13090 END
START 164 3892 23448 1451 -5051 13933 END
START -1520 5608 23132 4656 -1898 12461 END
START -1480 6912 24188 965 -535 11136 END
START -1208 7876 23864 631 -2138 9159 END
START -596 7576 24408 -1320 -2722 8347 END
START -556 7524 25136 -1297 -1689 7592 END
START 4 7384 25772 -2565 222 7413 END
START -368 7912 23660 -602 3437 6824 END
START -548 8588 23800 -1260 3749 6295 END
START -492 9120 23368 -985 4722 5062 END
START -744 9144 23360 -946 5575 3616 END
START -1172 9188 23148 -902 6180 2117 END
START -496 9212 23444 -1594 6785 641 END
START 40 8512 22996 -2780 7125 -409 END
START 448 8040 22092 -3572 6929 -820 END
START 236 8372 21616 -4508 6629 -1211 END
START 144 8352 20688 -5359 6522 -2021 END
START -48 8508 19704 -4701 6713 -3115 END
START -272 7972 19292 -4082 7146 -4170 END
START -332 8148 19216 -3309 7347 -5537 END
START 236 7532 18860 -2556 7838 -6627 END
START 888 7648 19444 -1499 8687 -7229 END
START 1152 7244 19728 -1969 9160 -7273 END
START 848 8548 19216 -3507 8594 -7423 END
START 440 8196 17648 -3865 8487 -8229 END
START -100 8180 16252 -3185 8483 -8935 END
START -928 8344 16404 -2667 8353 -10029 END
START -404 7944 16716 -3057 8123 -10777 END
START -544 8016 16312 -3697 7911 -11425 END
START -1024 7304 18392 -3177 8836 -12317 END
START 136 6828 19152 -4405 7722 -11443 END
START -284 7264 18408 -2509 7439 -12693 END
START -324 5844 17448 -3930 8545 -11744 END
START -1460 6540 17796 -3587 8967 -11714 END
START -1976 6320 17556 -3989 8969 -12136 END
START -2400 5944 17132 -4030 9967 -12729 END
START -2248 3748 16020 -4074 10446 -13393 END
START -1340 3828 17240 -3554 9809 -13978 END
START -364 2584 17216 -4565 9594 -13985 END
START 744 2812 19292 -6042 10670 -13655 END
START 132 -1144 12896 -5647 11793 -12762 END
START 280 -2580 15912 -5732 14109 -11779 END
START 180 -3968 12168 -2836 16328 -10543 END
START -1960 -3264 15060 -1612 11468 -9882 END
START -352 -2864 13088 -1697 7422 -9996 END
START 504 -3980 10860 -1709 6748 -10654 END
START 1076 -5808 10008 -629 7957 -10790 END
START 1356 -7848 11172 61 8175 -9846 END
START 1836 -9644 9420 1386 9629 -7583 END
START 1104 -8524 12028 1531 5154 -5457 END
START 1060 -7800 9660 268 4612 -4077 END
START 532 -6940 10944 43 2991 -2652 END
START -116 -6604 12236 -101 731 -1575 END
START -1536 -5768 13088 -1082 56 -1091 END
START -2068 -5068 12472 -1379 -248 -992 END
START -2148 -5032 11952 -640 -23 -679 END
START -2296 -4832 11080 993 573 0 END
START -2716 -4228 11772 2197 449 677 END
START -3920 -3224 13284 2137 -485 1367 END
START -4832 -2000 14532 579 -2125 1392 END
START -5572 -1544 14456 -226 -2916 1008 END
START -6092 -1296 15572 -336 -3207 322 END
START -5700 -1136 16040 -58 -2562 -256 END
START -5264 -828 16944 202 -1805 -372 END
START -4788 -724 17732 -305 -1613 -305 END
START -4260 -1040 17740 -1209 -1502 229 END