START -4524 -988 16264 3301 600 2177 END
START -7140 -1028 13512 1830 -569 2551 END
START -3632 732 13444 2691 196 2285 END
START -4708 -516 15616 1994 -79 1797 END
START -4152 -668 15256 1449 -325 1669 END
START -4436 -712 15232 669 -643 1721 END
START -4620 -424 14976 -47 -1442 1752 END
START -4580 -268 14956 -459 -1889 1598 END
START -4600 -388 14720 -165 -1897 1450 END
START -4756 -780 14340 611 -1436 1180 END
START -4332 -896 14312 1344 -1018 1138 END
START -4064 -1076 13908 1682 -700 1455 END
START -3836 -604 14068 1555 -980 1723 END
START -3928 -452 14032 1470 -1473 1864 END
START -3960 -268 14164 1324 -4856 1955 END
START -4068 312 13352 1387 -6601 2042 END
START -4560 1208 13788 2199 -8213 1711 END
START -4984 784 14000 2453 -9728 1249 END
START -4904 908 14832 2847 -9828 836 END
START -4508 1364 14696 3141 -9356 469 END
START -4444 1352 15160 4718 -9094 -83 END
START -3980 888 14140 5977 -9760 -366 END
START -3752 1244 14544 7314 -10512 -536 END
START -3368 1800 13708 8864 -10764 -559 END
START -3684 4032 18252 4813 -12993 150 END
START -3456 5392 18576 -142 -5119 969 END
START -4488 3060 18372 1285 -7501 33 END
START -2964 4104 16708 -89 -8968 -472 END
START -2668 3540 16060 -1502 -8106 -733 END
START -3116 3324 17292 -579 -8738 -1430 END
START -2736 3160 17600 -510 -8696 -2048 END
START -2276 2736 17976 539 -8023 -2307 END
START -2220 2664 18668 1299 -7407 -2507 END
START -1472 2872 19264 1541 -7133 -2735 END
START -948 3236 19656 1445 -6939 -2752 END
START -572 3340 19764 1109 -7053 -2674 END
START -1368 3332 19896 773 -7056 -2607 END
START -2156 3440 20116 896 -7104 -2948 END
START -2848 3328 21000 1289 -6635 -3442 END
START -3128 3572 22092 1482 -6445 -4305 END
START -2724 3228 23188 1772 -5917 -5160 END
START -1948 2952 24040 2057 -5411 -5783 END
START -964 2908 25388 1993 -4667 -5957 END
START -488 2800 26320 1608 -3671 -5841 END
START -488 2684 26912 1070 -2581 -5467 END
START -1024 2556 26912 518 -1461 -5435 END
START -1500 2572 26876 72 -501 -5892 END
START -1428 2184 26560 41 424 -6666 END
START -900 1316 26944 275 1295 -7105 END
START -184 772 27084 128 2227 -7157 END
START 532 244 26888 -354 3192 -6894 END
START 1084 -408 26196 -399 4371 -6072 END
START 896 -580 25392 -114 5768 -4982 END
START 248 -268 24848 158 6869 -4285 END
START -380 184 24160 7 7592 -4094 END
START -624 64 23416 -253 8127 -4159 END
START -576 236 22492 -353 8582 -4373 END
START -608 -904 22408 -1302 9052 -4066 END
START -424 -428 20940 -2433 9939 -3630 END
START -296 -1040 20844 -3650 11008 -2924 END
START -332 -1128 20156 -5264 12253 -1935 END
START -352 -1596 18852 -5793 13786 -1014 END
START -1248 -2052 16276 -5459 14568 -460 END
START -2228 -2248 16736 -4123 12664 -470 END
START -2476 -1216 18388 -2797 12082 -529 END
START -2044 -2048 15084 -2169 11166 -433 END
START -2576 -1392 15284 -2047 9703 -290 END
START -2492 -1136 14188 -1497 9445 -252 END
START -2668 -964 14200 -1330 8668 -330 END
START -2668 -1080 13468 -1396 8419 -191 END
START -2724 -980 12936 -1764 8445 47 END
START -2836 -1176 12448 -2071 7977 161 END
START -2880 -628 12080 -2770 7249 220 END
START -3312 -460 10948 -2844 8186 397 END
START -2984 -1196 9704 -2194 5743 478 END
START -2684 -1188 9908 -1914 4949 831 END
START -3216 -1052 9744 -1576 4632 1040 END
START -3292 -672 9008 -1313 3894 1012 END
START -3404 -460 8620 -514 3333 816 END
START -3400 -436 8744 95 2971 814 END
START -3504 -440 8920 320 2013 864 END
START -3700 -748 8640 463 1141 1082 END
START -3508 -712 8784 720 419 1463 END
START -3992 -548 9016 1091 -153 1854 END
START -4060 -356 9592 1485 -968 2005 END
START -3788 -12 9608 1983 -1069 2130 END
START -3932 500 9844 2545 -1382 2119 END
START -4044 856 10372 2701 -2267 1706 END
START -3956 1008 10676 2504 -3142 1125 END
START -3572 1048 11036 2322 -4066 820 END
START -3480 792 11796 2066 -4962 706 END
START -3572 1112 12588 1632 -5853 641 END
START -2700 2164 14096 -145 -7078 560 END
START -2760 1232 13344 1166 -7580 405 END
START -2704 956 12844 2580 -7963 392 END
START -2400 1584 13472 4799 -9169 43 END
START -1848 368 13532 6927 -10199 -449 END
START -1408 224 12988 6842 -10584 63 END
START -1612 720 13256 8315 -11201 693 END
START -1880 1208 14888 9329 -13359 772 END
START -1776 1792 15772 11745 -15204 780 END
START -7808 1140 11320 9671 -17673 1104 END
START 448 7108 16804 614 -6592 2242 END
START -2672 -3868 19272 1133 -9356 1496 END
START -196 4120 14256 -474 -10045 1845 END
START -476 -2496 16460 2207 -8591 1537 END
START 152 1136 15600 3011 -9373 2674 END
START 856 -200 17508 5080 -9621 3605 END
START 248 2272 19508 4669 -10088 4882 END
START -284 2304 21800 4049 -10104 5024 END
START -700 2472 21364 1455 -10133 5240 END
START -1712 2088 20868 1108 -9173 4477 END
START -720 1252 19676 1043 -8419 3159 END
START 128 224 18824 2493 -7413 3017 END
START 688 -200 19136 4494 -7261 3939 END
START 1156 984 21248 5134 -8212 5382 END
START 1336 2064 22844 3670 -8691 6571 END
START 768 1832 24872 2626 -8462 7642 END
START -464 2388 24828 1617 -8039 8321 END
START -1100 3504 22824 323 -7348 7541 END
START -1120 3032 21808 2 -6720 6159 END
START -268 2084 20472 -12 -6584 4994 END
START 1084 592 19452 1531 -6338 4801 END
START 2184 36 19056 3381 -5307 5831 END
START 2668 892 19424 4675 -4744 7397 END
START 2072 2108 20432 4326 -5122 8962 END
START 1212 3556 20328 2871 -5912 9781 END
START -752 2684 22596 4063 -8792 9160 END
START 1272 9320 22304 -120 -5448 8970 END
START -12 2232 18564 2240 -7265 7494 END
START 964 4576 18372 -555 -6613 7038 END
START 1664 3456 18244 4442 -4656 5655 END
START 2220 3108 20164 4100 -3515 6206 END
START 3296 3992 20288 5779 -2298 6266 END
START 3156 3808 22524 4993 -1587 7459 END
START 2408 4728 23132 4603 -1346 8408 END
START 1004 5708 22884 2681 -1839 8746 END
START 192 6380 24020 1865 -3027 7775 END
START 236 6140 25228 -820 -4262 6736 END
START 1164 6924 24700 -1263 -3500 5545 END
START 1560 5964 26020 -2148 -2402 4837 END
START 2312 6120 26060 -2959 -513 4618 END
START 2588 5904 25176 -2599 1404 4749 END
START 2284 6340 24224 -1821 2802 4936 END
START 1532 6528 23352 -1592 3517 4587 END
START 1040 7288 23496 -1458 3868 3885 END
START 740 7584 23840 -3010 3315 2820 END
START 1252 7412 23476 -3978 2561 1659 END
START 1900 7036 23328 -4492 3266 698 END
START 2020 6612 23428 -5193 3947 287 END
START 2768 6648 23020 -6092 4261 65 END
START 2384 6244 22148 -6360 4584 -110 END
START 2600 6584 21556 -5823 5263 -509 END
START 2064 6460 21348 -5089 6283 -1384 END
START 2460 6116 21416 -4270 7630 -2510 END
START 3464 5500 20452 -3524 8936 -2996 END
START 3796 5404 20044 -3353 9347 -3068 END
START 3440 5696 19964 -3719 9156 -3213 END
START 2996 6116 19620 -4507 8891 -3543 END
START 2960 6320 18960 -4778 8841 -4020 END
START 2920 5952 17896 -4137 9076 -4457 END
START 2548 5600 17324 -3096 9467 -4772 END
START 1976 5828 17672 -2849 8868 -5221 END
START 1680 5560 17020 -2646 8518 -5918 END
START 1452 5204 16652 -2182 8626 -6233 END
START 1140 5864 16968 -1923 8154 -6790 END
START 952 5788 17108 -2325 7512 -7389 END
START 884 5516 16716 -2811 6987 -7601 END
START 528 5380 16596 -3026 6450 -7662 END
START 296 5396 16628 -3507 6844 -7836 END
START -156 5468 16368 -3723 8254 -8239 END
START -680 4924 18260 -3631 10299 -8936 END
START 604 4824 18808 -5311 9055 -8782 END
START -2776 3152 17124 -5005 9748 -9567 END
START -1720 1912 19248 -5166 8697 -9176 END
START -844 2916 17496 -3455 7067 -9301 END
START -572 2212 17828 -4408 7686 -9164 END
START -116 1976 17204 -4170 8914 -9267 END
START -152 2180 17464 -5242 11348 -9185 END
START -908 1040 15568 -2848 13721 -9933 END
START -1088 556 16420 -2029 11413 -10298 END
START -676 32 15848 -2167 10606 -10373 END
START -508 -1180 14068 -3066 10643 -9884 END
START -348 -2088 12080 -2658 11773 -8707 END
START -1044 -3268 10900 -2440 12166 -7434 END
START -696 -3376 10032 -2462 10075 -6508 END
START -1896 -3396 11152 -3231 6760 -5691 END
START -664 -3760 9396 -2240 2395 -5360 END
START -1376 -2720 8636 -2267 3129 -5741 END
START -1412 -3816 8816 -1842 2952 -5831 END
START -1488 -5584 9760 -926 3204 -5350 END
START -1220 -5348 10156 450 1748 -4311 END
START -1336 -5512 10644 623 441 -2977 END
START -1384 -5360 11124 252 -688 -1732 END
START -1492 -4656 11564 -348 -1498 -389 END
START -2124 -3244 12416 -972 -2650 219 END
START -2648 -2344 13716 -1303 -3562 -12 END
START -2728 -1932 14620 -1094 -3156 -258 END