START -4872 -568 16768 1599 1678 799 END
START -6044 -88 11152 321 316 1051 END
START -5872 -2276 14620 803 1357 750 END
START -4328 -204 15940 839 631 606 END
START -4048 -636 15348 736 1163 841 END
START -4328 -608 15016 710 1215 952 END
START -4288 -760 14396 1082 1121 931 END
START -3756 -528 14052 1426 1149 965 END
START -3936 -884 13452 1848 1283 917 END
START -3560 -1156 13592 2164 1306 946 END
START -3852 -1444 13880 1640 1063 1071 END
START -3588 -1564 13844 691 77 1127 END
START -3360 -1636 13768 -23 -440 1255 END
START -3180 -2128 12920 99 -399 1531 END
START -2676 -2048 11888 1438 -137 1934 END
START -2904 -1584 11696 2518 14 2351 END
START -3768 -880 13144 2534 -1660 2161 END
START -3944 -372 13736 1715 -5961 1686 END
START -3940 124 13716 2254 -8860 1374 END
START -4192 504 14892 2680 -10469 1239 END
START -4940 600 15332 3471 -11861 337 END
START -4196 1408 14872 5203 -11438 -682 END
START -3180 1332 13220 6949 -10015 -1043 END
START -3532 1040 13588 8595 -8175 -1315 END
START -3488 760 13452 8534 -7489 -1137 END
START -2648 1432 13568 2961 -3258 144 END
START -4000 984 15252 2208 -4800 510 END
START -2544 2556 15148 2038 -7104 1037 END
START -2620 3364 15768 932 -8270 1103 END
START -1948 4036 16684 498 -9531 656 END
START -1520 4472 15992 159 -8328 494 END
START -3304 3272 16676 429 -7817 -93 END
START -3312 3192 16972 905 -7707 -749 END
START -2564 3204 16572 1859 -7470 -1209 END
START -2212 3156 17368 2874 -7368 -1167 END
START -1880 3768 19012 3057 -7698 -1134 END
START -1352 4340 19456 2328 -8020 -1264 END
START -1692 4576 19748 1598 -8278 -1481 END
START -2868 4244 20164 1085 -8328 -1918 END
START -3348 3832 20512 852 -7922 -2672 END
START -3076 3896 20116 1322 -7241 -3396 END
START -2600 4100 20300 2872 -6235 -4135 END
START -1228 4700 21228 3286 -5849 -4855 END
START -628 4176 21552 2829 -5665 -5069 END
START -1176 3224 21584 2791 -5585 -4831 END
START -1816 2952 22084 2463 -5383 -4420 END
START -2444 3424 22960 2470 -4685 -4280 END
START -2740 4168 23504 2067 -4190 -4635 END
START -2260 4940 24232 1362 -4354 -5763 END
START -1256 4480 24348 766 -4269 -6682 END
START -692 3832 25008 622 -3668 -6952 END
START -392 3028 25508 885 -2536 -6804 END
START -780 2352 26492 1677 -780 -6658 END
START -1040 2408 26652 1640 301 -6632 END
START -924 2240 26612 1269 980 -6774 END
START -588 1764 26700 620 1042 -6638 END
START 56 1356 26768 102 1423 -6451 END
START 336 504 26288 137 2411 -5949 END
START 68 -12 26052 711 3618 -5253 END
START -412 -68 25916 950 4756 -4736 END
START -872 20 25964 640 5354 -4396 END
START -540 40 25432 121 5654 -4189 END
START -620 -12 25180 -170 6193 -3915 END
START -392 -184 24760 -364 6994 -3707 END
START -120 -432 24160 -346 8138 -3366 END
START -96 -388 23340 -226 9304 -2922 END
START -592 -276 21968 13 10434 -2599 END
START -984 -812 21036 -892 11450 -1962 END
START -1316 132 19880 -1436 11951 -1419 END
START -2020 -392 19560 -2084 11556 -1052 END
START -2228 208 19332 -2407 10818 -1057 END
START -2596 160 18800 -2394 10209 -1346 END
START -2196 256 18328 -2653 10411 -1542 END
START -2208 232 17340 -3464 10814 -1485 END
START -1988 -88 15092 -3870 11466 -1373 END
START -3268 -964 13024 -4632 12933 -922 END
START -3228 -1524 14608 -5330 12946 -400 END
START -3552 -536 15396 -2385 12035 -688 END
START -3564 -768 14620 -2947 9708 -505 END
START -3388 -476 14044 -2742 7915 -259 END
START -3528 -456 13756 -2458 7472 108 END
START -3580 -384 12724 -1924 8154 159 END
START -3716 76 12488 -1359 8326 224 END
START -3740 140 12072 -932 7676 13 END
START -3488 -28 11776 -797 6395 -229 END
START -2980 -212 11592 -956 5926 -134 END
START -2920 -752 11428 -1592 6743 296 END
START -3108 -324 11852 -2228 5230 466 END
START -2972 -620 10920 -2358 3980 782 END
START -2908 -676 10000 -1856 4145 1245 END
START -3152 -464 10216 -1458 4075 1749 END
START -3444 112 9312 -1082 1967 1779 END
START -3764 532 9224 -840 1519 1652 END
START -4156 796 9144 -508 906 1159 END
START -3856 876 8764 -239 235 730 END
START -3824 716 8948 99 -143 651 END
START -3868 624 9124 399 -553 705 END
START -3996 536 9148 730 -1048 845 END
START -3820 688 8976 1335 -1454 985 END
START -3936 1024 9484 1641 -2151 1060 END
START -4344 1268 9900 1515 -2981 876 END
START -4352 1408 10180 1195 -3904 598 END
START -4268 1240 10704 1200 -4479 400 END
START -3892 1300 11360 1463 -4902 438 END
START -3420 1260 11964 1409 -5355 560 END
START -3628 1004 12388 1027 -6125 500 END
START -2720 1400 12764 401 -7156 392 END
START -2624 1276 13204 640 -8219 216 END
START -2572 1576 13284 2010 -9757 -199 END
START -2764 644 14704 2571 -10969 -638 END
START -2256 -20 13764 3762 -11287 -599 END
START -1736 -72 13880 4830 -10973 -199 END
START -1172 292 15380 6141 -11512 257 END
START -972 1028 15696 7612 -13632 451 END
START -1500 -1100 15920 13072 -15191 -136 END
START -1932 1528 16204 3113 -8682 1113 END
START -3128 -804 19456 -1415 -9617 1820 END
START -1476 2392 16664 -3022 -11431 1491 END
START -1240 -1376 17156 -245 -9795 481 END
START -396 216 18720 423 -10085 694 END
START 364 -1312 18636 1788 -9618 1651 END
START 528 528 20092 2525 -8871 3126 END
START 616 1012 20876 2123 -8168 4307 END
START 208 3176 19724 988 -8063 4919 END
START -864 4132 18028 1013 -7891 4090 END
START -956 4568 17440 745 -7384 2649 END
START -816 2708 17028 645 -8565 1499 END
START -556 1652 16360 249 -9804 1102 END
START 816 1728 17536 2038 -9535 1212 END
START 1172 684 18420 1780 -10093 1896 END
START 2048 796 19500 1708 -10094 2922 END
START 2328 1016 19840 809 -10372 3787 END
START 2448 1112 19792 687 -10454 4447 END
START 1904 1512 20464 -1262 -10125 5254 END
START 1892 1568 20528 -2318 -12183 4718 END
START 1676 396 20136 -1545 -12138 4434 END
START 2420 816 19788 -84 -11050 4582 END
START 2800 188 20424 1532 -9633 5056 END
START 3068 1532 28328 3124 -11922 5275 END
START 2148 3340 8736 -267 -3676 6254 END
START 4532 1016 32744 7195 -8863 5540 END
START 2576 4224 19668 -291 -8219 7226 END
START 1224 1040 19536 4925 -8437 5775 END
START 1932 4592 20004 1537 -6941 6204 END
START 1672 404 20388 4812 -5392 4869 END
START 2660 2796 21912 3891 -3746 5209 END
START 2784 2656 26012 5016 -4115 5709 END
START 1788 608 22100 5748 -5662 6436 END
START 1096 2360 19220 9637 -2935 6542 END
START 1880 3788 21420 3336 -3250 7947 END
START 2440 2492 24396 326 -3867 8087 END
START 2428 3536 24144 -131 -8902 7921 END
START 3936 4332 24888 -2497 -7923 8571 END
START 3212 3556 25236 -4328 -6168 9226 END
START 3888 5400 26360 -1480 -6212 8901 END
START 2064 4064 22960 1670 -1937 7858 END
START 2244 5552 27780 550 -414 7065 END
START 2864 5844 26684 871 1364 6315 END
START 2716 6616 27256 1209 2732 5855 END
START 2664 6800 26432 -226 3576 5730 END
START 2312 7308 26040 -1158 4516 5527 END
START 1592 7772 24976 -3462 4030 5225 END
START 1360 8140 23828 -4612 4452 4140 END
START 952 8224 22804 -4304 5078 2848 END
START 656 8240 22668 -3473 6107 1179 END
START 928 7864 22776 -2538 7549 -422 END
START 1404 7564 23732 -2573 8483 -1281 END
START 2020 7552 23452 -2969 9852 -1908 END
START 2364 7540 23064 -4248 10469 -2483 END
START 2472 7584 22000 -5137 10465 -2992 END
START 2024 7700 21400 -6153 10051 -3479 END
START 1872 7564 20628 -5645 10889 -4200 END
START 1652 7420 19852 -4620 12030 -5111 END
START 1468 8088 19836 -3607 12827 -6035 END
START 988 8200 19312 -3499 12830 -7395 END
START 1440 8200 18788 -3707 13048 -8269 END
START 1444 8416 18444 -3799 12713 -8660 END
START 988 8576 18572 -3963 12275 -8968 END
START 560 8448 18968 -4658 11850 -9042 END
START 300 8416 18928 -5574 11472 -9317 END
START 532 8540 18136 -4939 11930 -10079 END
START -256 7912 18900 -5638 13149 -10972 END
START 696 7160 18816 -5931 13125 -12309 END
START 1224 5316 18288 -6998 14437 -13146 END
START -100 1532 16816 -6139 15198 -13336 END
START 2700 1040 16376 -4189 13118 -13104 END
START 2564 -240 13940 -3976 14310 -12441 END
START 2420 -1876 14564 -5645 14117 -10897 END
START 1392 -32 16232 -5146 13473 -10128 END
START 1332 -2928 14908 -5899 12655 -9254 END
START 1192 -6272 9540 -2518 13023 -9020 END
START 1172 -4132 10448 -3134 12787 -8496 END
START 1040 -4896 8768 -1535 10279 -8590 END
START 352 -4788 10364 -166 9967 -8268 END
START 564 -5292 10320 384 7548 -8063 END
START 692 -5936 10140 445 6726 -7366 END
START 504 -6316 10424 176 5423 -6269 END
START 528 -6216 10536 94 4227 -5184 END
START -72 -5872 11120 -94 3162 -4060 END
START -476 -5680 10744 -134 1909 -3380 END
START -880 -5560 10760 470 1159 -2803 END
START -1512 -5196 11832 466 1056 -2671 END
START -1684 -5552 12412 118 1153 -2754 END
START -1640 -4928 11056 1024 2380 -2301 END
START -2368 -4724 12116 1740 1760 -1618 END
START -2652 -4064 13196 1167 -615 -1273 END
START -2788 -3452 13940 -4 -1835 -919 END
START -3040 -2980 14400 -729 -2435 -529 END