START -5332 -1196 16592 2545 1195 604 END
START -5936 -1416 12460 1485 -179 921 END
START -5128 112 15632 1973 263 712 END
START -5024 -788 15480 1879 -75 732 END
START -5116 -624 15936 1599 -14 873 END
START -5240 -756 15824 1257 -194 831 END
START -5248 -672 16092 748 -508 753 END
START -4956 -892 16456 94 -509 628 END
START -4504 -1188 15996 -84 -272 681 END
START -3880 -1484 15736 73 257 903 END
START -3580 -1528 15156 47 809 1249 END
START -3844 -1520 14680 131 1101 1466 END
START -3900 -1456 14332 242 178 1544 END
START -3752 -1224 14308 60 -434 1737 END
START -4172 -796 15456 -822 -2167 1952 END
START -3748 -856 13384 -210 -3552 1894 END
START -3700 -160 13552 149 -5286 1779 END
START -3892 332 13340 859 -6435 1390 END
START -3776 -8 12720 1924 -6604 1004 END
START -3808 156 13900 2328 -7176 923 END
START -3704 20 13260 2432 -7374 753 END
START -3980 376 13676 4800 -7899 220 END
START -4268 292 13112 5644 -10524 -201 END
START -3440 344 13340 8113 -11747 -444 END
START -3472 608 14112 9368 -12964 -390 END
START 896 -1944 12692 -1218 -9291 1221 END
START -2280 1056 14720 863 -2804 1619 END
START -2436 2248 15696 1512 -5029 1530 END
START -2564 3016 15812 804 -6437 1554 END
START -3540 2692 16124 2709 -6509 776 END
START -3404 2940 17408 561 -6956 377 END
START -3760 2828 16456 712 -7633 -501 END
START -3216 2876 17344 1034 -7659 -1176 END
START -2736 2676 18396 1313 -7759 -1427 END
START -2100 2844 18908 1240 -7744 -1683 END
START -1240 3348 19112 1062 -7659 -1853 END
START -604 3680 19456 864 -7346 -1855 END
START -1084 3684 20084 664 -6683 -1806 END
START -1672 3592 20012 569 -6321 -2055 END
START -1876 3608 19992 742 -5782 -2449 END
START -2188 3616 19612 1287 -5481 -2979 END
START -1836 3612 19356 1983 -5427 -3549 END
START -1188 3804 19412 2508 -5389 -3822 END
START -888 4492 19636 2582 -5591 -4165 END
START -268 4160 21008 2440 -5555 -4414 END
START -540 3948 20840 1722 -5193 -4473 END
START -788 3668 21096 1385 -5145 -4540 END
START -1112 3608 20796 964 -4825 -4610 END
START -964 3116 21408 1831 -4027 -4895 END
START -680 2992 21856 2418 -3240 -4902 END
START -688 3452 22476 2806 -2780 -5176 END
START -836 3676 23512 2954 -2233 -5784 END
START -776 3388 23876 2445 -1973 -6322 END
START -376 2748 24236 2155 -1973 -6713 END
START -256 2196 25088 1514 -1824 -6622 END
START 132 1604 25972 709 -1415 -6386 END
START 108 816 26596 792 -456 -6074 END
START 308 884 26696 265 426 -5837 END
START 368 376 26460 1 1308 -5664 END
START 524 28 26076 127 2279 -5436 END
START 488 -700 25756 395 3393 -5090 END
START 712 -816 25604 487 4470 -4616 END
START 396 -804 25044 463 5417 -4049 END
START 336 -712 24628 475 5958 -3617 END
START -124 -648 24024 474 6342 -3304 END
START -284 -544 23776 362 6625 -2856 END
START -572 -216 23548 110 7066 -2544 END
START -744 -112 22652 60 7536 -2440 END
START -916 52 22164 214 8146 -2414 END
START -1252 460 21700 176 8711 -2543 END
START -1264 40 21172 -482 9179 -2679 END
START -1140 60 20204 -1462 9689 -2648 END
START -824 -780 19744 -2498 10622 -2061 END
START -836 -648 19156 -4546 11481 -993 END
START -1324 -1472 18092 -5272 11171 -192 END
START -1560 388 17640 -4415 11499 -26 END
START -1696 -256 16664 -3514 11585 22 END
START -2820 -1476 13964 -3000 9178 -436 END
START -2368 52 17144 -3306 9015 -481 END
START -2044 428 17220 -4881 9961 -65 END
START -2624 -1276 14236 -3134 10183 -487 END
START -2632 -952 13256 -3825 9090 -208 END
START -2604 -708 12852 -3619 8769 36 END
START -2592 -684 11848 -2534 8047 244 END
START -2660 -604 12140 -1336 6955 457 END
START -2912 -608 12088 -1036 6318 600 END
START -2632 -696 11892 -1129 6886 1024 END
START -3156 -364 11688 -1760 6138 1115 END
START -3480 188 11340 -2615 4596 984 END
START -3476 120 11316 -3333 3231 761 END
START -3300 276 10788 -3161 2325 827 END
START -3556 132 10032 -2430 2873 975 END
START -3768 648 10704 -2150 2624 1228 END
START -4088 236 10928 -1469 735 1000 END
START -4004 468 11152 -1474 330 926 END
START -4104 316 10624 -965 516 780 END
START -3888 396 10672 -206 486 753 END
START -3792 412 11020 350 851 823 END
START -3844 672 11108 459 527 824 END
START -4060 676 11308 417 38 703 END
START -3900 704 11280 358 -512 530 END
START -3548 584 11236 300 -866 600 END
START -3788 352 11004 332 -1304 583 END
START -3532 112 11000 521 -1654 541 END
START -3236 -44 11252 914 -2110 398 END
START -3072 -176 11084 1495 -2184 542 END
START -2852 4 11372 1972 -2361 650 END
START -2544 -216 11164 2327 -3561 663 END
START -2540 620 12576 1269 -3558 802 END
START -2668 1100 13140 445 -5752 488 END
START -2948 1788 13068 1312 -7674 -221 END
START -3088 -1512 12212 1641 -9053 -814 END
START -2344 -120 11824 3301 -9911 -1071 END
START -1484 -868 11792 4696 -8958 -1140 END
START -820 -728 12324 6757 -7814 -748 END
START -1264 16 12888 8363 -8656 -667 END
START -1112 380 14096 11088 -11159 -475 END
START 2020 4856 20300 4857 -6243 1146 END
START -344 4728 18080 -3277 -6749 580 END
START -1576 2960 14528 -1187 -8399 -572 END
START -136 1532 16076 -3458 -7334 -712 END
START -1232 564 13844 -873 -6684 -1594 END
START -372 152 14556 280 -7310 -1397 END
START -532 -188 14872 3411 -7048 -912 END
START -84 576 18124 4778 -6954 11 END
START -380 880 18820 3935 -7468 997 END
START -168 1380 19588 2787 -7923 1535 END
START 468 2120 20008 552 -9174 1819 END
START 840 2316 18948 -417 -10122 1599 END
START 920 2064 19132 -440 -9987 1464 END
START 1440 816 20208 -76 -9282 1844 END
START 1320 1268 19992 1219 -8338 2700 END
START 808 1808 20716 2684 -7896 3341 END
START 692 2680 21184 2523 -7821 3828 END
START -148 3436 21352 2493 -7900 3084 END
START 620 2920 21612 1145 -8023 2164 END
START 1164 1396 21340 203 -8597 1244 END
START 2332 -148 19536 -181 -8350 1126 END
START 3200 -1104 20288 846 -8386 1673 END
START 3232 -2720 20912 93 -9117 4002 END
START 3056 -1208 20992 -3674 -11688 6156 END
START 1356 -1288 23708 3023 -3235 7193 END
START 740 1836 26260 2657 -13229 7926 END
START 1208 5988 23364 3315 -3731 8386 END
START -1692 3136 27184 2383 -7810 6648 END
START -600 -228 19788 -925 -8067 6222 END
START -1436 2912 25084 4661 -6792 4509 END
START 84 -1312 21572 1760 -4542 6836 END
START 0 900 23048 8541 -1018 6685 END
START -1048 3028 27040 1227 -5715 8935 END
START -1392 3376 27888 3942 -3635 8173 END
START -3996 6640 25300 1296 -2560 7189 END
START 1548 8392 32632 -599 -1593 3696 END
START -14084 15464 19616 2808 1059 -6980 END
START -22560 -11596 22016 -386 -7813 -1992 END
START 1880 8040 23120 2517 -9110 -2387 END
START 4080 1976 31108 -4717 -4451 1627 END
START 7816 1808 18340 -3189 324 7218 END
START 3044 -1552 29164 -6610 1604 9240 END
START 5384 3100 24592 -4740 4013 10132 END
START 2536 5956 23664 -2217 6499 6456 END
START 1032 5700 23192 -2243 6815 3225 END
START 1616 4964 21240 -2435 6435 1011 END
START 1760 2200 19784 -2027 5598 372 END
START 1384 684 19896 -3637 4683 1266 END
START 1308 1460 19368 -4069 3582 2186 END
START 884 1244 19852 -5261 2430 3682 END
START 620 2112 20752 -6180 1500 4842 END
START 716 3376 20844 -4558 3160 5762 END
START -204 5600 22736 -3430 5388 5821 END
START -736 7232 22144 -2674 8538 4210 END
START -856 7700 20356 -1732 10574 2313 END
START -1128 8216 19964 -333 10637 355 END
START -1200 8164 19944 -425 10165 -1605 END
START -644 7572 19380 -1432 9466 -2833 END
START 328 6240 19624 -2826 7841 -3106 END
START 540 7356 18576 -3718 7074 -3174 END
START -12 6604 18932 -5265 5791 -3273 END
START 684 6824 18032 -5142 6139 -4473 END
START 908 5652 17416 -3177 8134 -5123 END
START 800 6160 16852 -399 9969 -6169 END
START 800 5900 16348 294 11078 -6845 END
START 400 6608 16096 361 10449 -7786 END
START 472 6092 15748 -358 9152 -8616 END
START 464 6132 15776 -1843 8446 -8917 END
START 904 4700 16684 -2489 5770 -8715 END
START 288 5816 15176 -2792 4830 -9156 END
START -304 4836 15636 -4430 4407 -9249 END
START -344 5136 15124 -3624 4577 -10510 END
START 60 3784 14928 -4888 6070 -11088 END
START -616 3892 16092 -5030 7491 -11531 END
START -740 1644 15648 -4664 8131 -12445 END
START -180 2192 15624 -2287 10757 -12828 END
START 376 -1352 15668 -3190 11879 -11500 END
START 88 144 17460 -2351 11376 -10703 END
START -144 -3728 13948 -1070 10605 -9680 END
START -380 -3132 11764 -2386 7521 -8553 END
START -636 -3276 13572 -2735 5393 -7996 END
START -668 -2168 13636 -1857 5843 -7974 END
START -1028 -3444 14652 -880 3868 -8408 END
START -292 -4700 13796 -566 4859 -8275 END
START -76 -5720 13092 330 5925 -7604 END
START 160 -6332 13288 451 5686 -6915 END
START 556 -6892 12632 101 5159 -5830 END
START 936 -7644 11928 2 4415 -4555 END
START 1212 -8792 10076 1020 5124 -2930 END
START 1220 -6140 9620 151 1567 -2613 END
START -100 -6192 14380 745 354 -1409 END
START 960 -5580 13668 -29 -2179 -289 END