START -4004 -796 17016 1668 1411 809 END
START -5736 -1328 11888 585 290 1197 END
START -4448 -1072 14036 1260 970 1250 END
START -4284 -480 15432 1338 627 1205 END
START -4204 -672 14580 1470 1394 1459 END
START -4300 -656 14328 1747 1547 1626 END
START -4236 -536 14240 1954 1461 1786 END
START -4324 -316 14224 1932 1114 1875 END
START -4284 -64 14128 1741 626 1849 END
START -4084 152 13864 1570 239 1905 END
START -4020 672 13652 1384 -301 1741 END
START -4044 988 13692 1085 -962 1387 END
START -3876 1028 13636 554 -1405 1006 END
START -4180 732 13136 224 -1603 656 END
START -3744 764 12416 688 -1745 569 END
START -3792 964 12772 1279 -2128 701 END
START -4012 1272 13188 1948 -2998 676 END
START -4108 2136 14116 2108 -6139 346 END
START -4464 2572 13636 3113 -8621 -276 END
START -4552 1512 14064 3711 -10281 -825 END
START -3968 1060 13736 4580 -10353 -1207 END
START -4044 1524 13912 5897 -11365 -1508 END
START -3212 1820 13616 8334 -11640 -1645 END
START -2912 2372 14032 10546 -12287 -1619 END
START -3476 3888 12828 370 -5778 528 END
START -3196 1832 15568 1237 -4790 -40 END
START -3296 3760 16520 850 -5936 -668 END
START -3584 3136 15708 -465 -6724 -1287 END
START -3304 2940 16076 -120 -7929 -2004 END
START -2736 3468 16172 229 -7840 -2281 END
START -2244 3100 17080 836 -7926 -2441 END
START -1476 3528 17860 1091 -7905 -2351 END
START -1580 3748 18620 929 -7715 -2052 END
START -2632 4076 19008 493 -7694 -2056 END
START -3552 4308 19644 -15 -7855 -2628 END
START -3900 4480 20020 -125 -7828 -3586 END
START -3660 4740 20884 19 -7958 -4576 END
START -3008 5212 21640 308 -7514 -5317 END
START -2212 4584 22704 1638 -6134 -5767 END
START -2368 4212 23496 2621 -4601 -5946 END
START -2572 4096 24260 2877 -3494 -6100 END
START -3144 3724 24700 2210 -3316 -6394 END
START -2884 3484 25276 1097 -3531 -6616 END
START -2696 2944 25484 273 -3248 -6796 END
START -1780 2668 25728 378 -2515 -6950 END
START -1092 2120 26080 888 -1119 -6800 END
START -1268 1660 26452 1264 302 -6542 END
START -1436 1332 26312 1382 1434 -6164 END
START -1724 1320 25800 1213 2096 -5979 END
START -1840 1028 25688 882 2547 -6078 END
START -1520 464 25196 935 3135 -6043 END
START -1212 160 25360 846 3721 -5802 END
START -700 0 25300 578 4256 -5525 END
START -536 -352 24864 262 5067 -4963 END
START -892 -720 24144 89 5986 -4207 END
START -1308 -744 23116 304 6941 -3540 END
START -1764 -464 22320 824 7943 -3071 END
START -2252 -80 21816 781 8433 -2816 END
START -2564 -460 21608 -783 8531 -2563 END
START -2420 168 20472 -1114 8879 -2680 END
START -2088 -628 19940 -2436 9501 -2366 END
START -2320 -856 19160 -2509 9820 -2155 END
START -2264 -412 18860 -2956 9349 -1787 END
START -2524 -688 18320 -2987 9201 -1506 END
START -2700 -1236 17760 -3122 9777 -1093 END
START -2020 72 18044 -2680 10483 -770 END
START -1736 -680 16740 -3091 11374 24 END
START -2536 -328 16764 -2588 10795 82 END
START -2672 1244 18016 -2709 9861 170 END
START -4056 -56 14164 -1712 9251 -268 END
START -3768 -76 14684 -1831 7981 -370 END
START -3472 -244 13564 -1085 8395 -304 END
START -3376 -140 12912 -1075 7854 81 END
START -3696 188 12652 -1221 6474 80 END
START -3524 268 12436 -1712 5596 -37 END
START -3636 -136 11604 -1925 5251 -42 END
START -3476 -588 11352 -1801 5488 236 END
START -3768 -496 10760 -2247 5108 592 END
START -3436 -164 9424 -1810 5698 665 END
START -3388 148 9468 -1902 4593 768 END
START -3548 28 9360 -1194 2258 661 END
START -3664 -12 9416 -785 1211 445 END
START -3672 -20 9516 -581 538 342 END
START -3460 -384 9280 -262 406 357 END
START -3608 -144 9284 279 130 550 END
START -3532 -232 9124 666 -256 829 END
START -3568 -116 9400 980 -685 1006 END
START -3744 160 9640 1198 -1213 1118 END
START -4052 364 10076 1190 -1853 1044 END
START -4216 408 10336 870 -2990 788 END
START -3896 280 10468 620 -3989 793 END
START -4128 204 10732 446 -4598 823 END
START -4008 328 11500 557 -5296 932 END
START -3720 352 11696 471 -5701 1007 END
START -3736 620 12052 596 -6167 841 END
START -3272 864 12336 1141 -7690 644 END
START -3024 812 12316 1606 -9179 376 END
START -2588 -764 13856 4027 -10594 -78 END
START -2008 328 13012 4746 -11840 -68 END
START -1620 -480 14504 5545 -11844 219 END
START -1536 -60 14064 7045 -11365 480 END
START -1056 -36 14960 10693 -14148 157 END
START -816 3508 17096 11194 -14401 -75 END
START 1192 3980 17468 -3429 -8451 1603 END
START -952 -2944 15752 -2959 -9279 1336 END
START 664 1692 13584 811 -8833 1324 END
START 400 -96 16020 1401 -8247 1885 END
START 348 1456 17032 1464 -9266 2369 END
START 684 2016 17736 1226 -9436 2707 END
START 916 2240 18688 1310 -9342 3034 END
START 608 2948 18540 1078 -9188 3038 END
START 916 2812 18156 1437 -8961 2384 END
START 1132 2072 17524 1106 -8928 1961 END
START 1688 980 16532 1532 -9362 1450 END
START 2936 -128 16324 1951 -9940 1620 END
START 3256 -1032 16772 3001 -10201 2706 END
START 3372 -256 17684 3616 -10322 4198 END
START 2332 1036 19224 3669 -10545 4675 END
START 2240 792 19516 3376 -10318 4753 END
START 2236 860 20196 3080 -10274 4918 END
START 2076 792 20440 2841 -10006 5064 END
START 2240 2568 20392 77 -11695 6425 END
START 1948 2080 20416 3940 -8062 6294 END
START 44 2376 22248 3324 -9648 7258 END
START 384 3396 21060 3534 -7904 7772 END
START -1644 2496 24616 8077 -11019 7067 END
START 948 10508 27728 1693 -5192 8099 END
START -912 920 24412 3790 -9352 7998 END
START -1280 6308 23520 1420 -8886 8246 END
START -1344 3548 25480 3934 -8356 7119 END
START -872 5720 25632 545 -7178 7325 END
START 68 3768 25620 1513 -6408 6849 END
START 584 3664 25288 256 -5790 7207 END
START 1180 4040 25816 1587 -4894 6878 END
START 1612 2904 25648 520 -3857 6733 END
START 2196 2452 26088 -73 -2949 7076 END
START 2924 3620 27872 -219 -3659 7420 END
START 3196 3216 27580 -1879 -2517 8418 END
START 2928 4492 27096 -2231 -1900 8570 END
START 2776 5360 27044 -2270 -362 7982 END
START 2684 5932 26768 -3579 784 7368 END
START 1936 6164 26128 -4150 1427 6629 END
START 1344 6496 25232 -4432 2157 5724 END
START 880 6660 24560 -4366 3437 4970 END
START 960 7000 23624 -3223 4936 4251 END
START 188 7488 23592 -2265 6150 3589 END
START -388 8400 24260 -2677 6180 2425 END
START -260 8676 24324 -4375 6188 1177 END
START -472 8944 23848 -6010 6009 14 END
START -328 9056 23524 -7758 5445 -862 END
START 132 8792 22128 -8315 5632 -1802 END
START 92 8280 21548 -7439 6291 -2628 END
START 328 8588 21484 -6299 7169 -3505 END
START 812 8576 21804 -5642 8177 -4661 END
START 984 8408 21060 -5036 9467 -5808 END
START 1516 8388 20556 -4323 10521 -6958 END
START 1484 7940 20024 -3794 11639 -7987 END
START 1780 7740 19228 -3395 12080 -8600 END
START 1360 7848 19196 -3220 11948 -9058 END
START 1076 8156 19236 -4145 11259 -9283 END
START 628 8672 18680 -4719 10623 -9885 END
START 500 8048 18704 -5277 9944 -10198 END
START 252 8060 18500 -5950 9520 -10565 END
START 964 7284 17536 -5506 10070 -11201 END
START 896 6480 17692 -4199 11353 -11464 END
START 104 6452 17272 -2586 11942 -12338 END
START 544 5436 17732 -2336 12405 -13051 END
START 668 4268 16284 -3348 12409 -13379 END
START 1360 3408 15696 -5390 11989 -13051 END
START 376 584 10280 -6593 12481 -12621 END
START 2988 1360 17704 -8143 13082 -11892 END
START 2680 2168 18420 -8084 17153 -11456 END
START 2044 -3992 13840 -4552 19947 -10936 END
START 1740 -3156 10552 -1523 16341 -10550 END
START 1800 -4052 9796 -914 12765 -10078 END
START 2064 -4396 9896 -415 7583 -9887 END
START 2236 -5872 9444 772 5289 -9522 END
START 2304 -7044 10468 2131 5266 -8677 END
START 2196 -7824 10256 3190 6553 -7841 END
START 2812 -8648 10092 3634 6864 -6107 END
START 1692 -7852 10328 3308 5312 -4660 END
START 1572 -7252 10688 2459 2732 -3470 END
START 912 -6692 11480 1354 680 -2806 END
START 376 -6372 12236 654 -662 -2296 END
START 0 -6164 13160 460 -912 -1616 END
START -724 -5948 13728 666 -700 -956 END
START -1204 -5528 14416 934 -167 -336 END
START -1408 -4744 15096 816 -231 393 END
START -1664 -4016 15148 472 -689 1047 END
START -2156 -2868 14924 462 -883 1804 END