START -5440 -1464 16336 631 951 736 END
START -4008 -468 8532 -508 26 1146 END
START -9252 -5540 15744 -327 1596 532 END
START -5456 -1520 15576 293 574 956 END
START -5820 -1600 16028 239 736 1064 END
START -5856 -1260 15796 259 592 861 END
START -5508 -1372 15672 125 697 697 END
START -5192 -1208 15552 -146 628 772 END
START -4968 -1316 14908 -217 660 786 END
START -4988 -1844 14600 -213 675 794 END
START -4376 -1992 13964 -316 625 963 END
START -4312 -2280 13260 -243 470 1171 END
START -3696 -2552 11960 473 358 1537 END
START -3304 -2452 11228 1597 340 2021 END
START -3036 -2592 11160 2450 -309 2584 END
START -2636 -2548 11376 2501 -1109 3308 END
START -2956 -2104 11428 1807 -1918 4103 END
START -3460 -1452 11600 1186 -3338 4411 END
START -3592 -532 11592 997 -4212 4225 END
START -4304 468 11944 557 -7223 3474 END
START -4380 604 11464 2173 -8469 2566 END
START -4012 816 11460 3520 -10093 1493 END
START -3580 208 12388 5040 -10735 960 END
START -3400 -36 11888 5664 -11449 996 END
START -2924 -72 13868 6873 -12835 1079 END
START -2792 1204 13560 9894 -14636 1178 END
START -2704 2264 14128 13279 -16603 1177 END
START -1620 2740 21692 4820 -17655 2166 END
START -2184 5660 18700 136 -6154 2572 END
START -5052 2136 16436 2695 -8949 190 END
START -2616 3292 15544 1809 -7832 -648 END
START -2620 3688 16788 1362 -8037 -1215 END
START -2036 3904 17052 1296 -9666 -1712 END
START -1652 3736 17720 349 -10139 -1664 END
START -2016 3700 18268 -338 -10645 -1592 END
START -2392 3732 18760 10 -10353 -1972 END
START -2488 3972 19844 628 -10069 -2485 END
START -2140 4260 20744 947 -9721 -3050 END
START -1560 4448 21384 1077 -9178 -3591 END
START -1248 4332 21292 1124 -8415 -3893 END
START -912 4408 21568 1777 -7799 -4106 END
START -776 4064 21688 2018 -7456 -4274 END
START -772 4128 22448 1961 -7321 -4223 END
START -1084 4128 23300 1922 -7050 -4393 END
START -1208 4296 24132 2013 -6247 -4649 END
START -1040 4780 24804 2324 -5429 -5051 END
START -1156 4836 25432 2468 -4429 -5580 END
START -1156 4568 25836 1809 -3920 -6136 END
START -808 3948 26276 1007 -3581 -6418 END
START -568 3420 26564 703 -2948 -6483 END
START -320 2952 27384 573 -2067 -6349 END
START -220 2824 27988 328 -1143 -6267 END
START 108 2544 27900 99 50 -6245 END
START 8 2216 27836 263 1237 -6183 END
START -8 1980 27604 250 2254 -6256 END
START -68 1664 26996 136 3146 -6257 END
START 32 1276 26532 8 3992 -6249 END
START 196 912 26128 -32 4716 -6173 END
START 508 648 25592 -71 5572 -6033 END
START 444 176 24920 -9 6392 -5775 END
START 424 116 24224 -181 6991 -5391 END
START 352 -52 23564 -282 7557 -5075 END
START -36 -156 22992 -366 8209 -4793 END
START -88 -300 22396 -514 8751 -4507 END
START -236 -148 21512 -640 9252 -4312 END
START -276 -592 21168 -853 9630 -4042 END
START -744 -1448 20524 -2236 10008 -3616 END
START -688 132 19848 -2825 10739 -3420 END
START -768 -636 18980 -4144 11847 -3208 END
START -816 -1316 20020 -5708 11046 -2715 END
START -1284 -1324 15740 -5517 11198 -1918 END
START -1236 -1652 18840 -4343 11969 -1362 END
START -1604 -1288 15660 -4196 10605 -1134 END
START -1696 -84 16848 -3763 10360 -1061 END
START -2192 -548 15360 -3772 11159 -924 END
START -2444 -1416 14772 -3379 11354 -1150 END
START -2204 -1000 14256 -3436 11885 -1011 END
START -2460 -1040 13092 -2190 10833 -1086 END
START -2048 -1324 13148 -2589 9531 -650 END
START -1956 -2392 11032 -2079 9065 38 END
START -2420 -1212 11764 -2979 8186 597 END
START -2660 -1248 10820 -2693 7959 1078 END
START -3056 -812 10824 -2658 6715 1329 END
START -3792 -224 10728 -2689 5229 1162 END
START -3840 -316 10048 -2195 3896 732 END
START -3812 -216 10024 -1795 3545 296 END
START -3624 -600 9248 -907 3259 106 END
START -3144 -824 9164 -516 2523 124 END
START -2692 -1184 8988 -485 1957 461 END
START -2688 -1296 8680 -514 1296 991 END
START -2576 -1172 8684 -443 655 1473 END
START -2768 -784 8540 -113 -45 1835 END
START -2820 -580 8820 611 -456 1781 END
START -3076 -160 9000 1066 -792 1555 END
START -3152 56 9608 1344 -1243 1017 END
START -2860 -144 9892 1461 -1959 665 END
START -2564 -256 10196 1537 -2646 703 END
START -2276 -448 10880 1623 -3274 860 END
START -2404 -448 11432 1644 -3739 1133 END
START -2196 36 12724 1732 -4204 1248 END
START -2456 84 13288 222 -7868 1077 END
START -2088 1444 15084 2126 -6750 771 END
START -2132 1008 14776 3032 -8216 424 END
START -1844 704 14672 4861 -9741 -595 END
START -980 288 14232 5975 -9159 -862 END
START -1440 -740 13788 5621 -8365 -95 END
START -1836 -424 13756 6528 -7190 435 END
START -2268 352 14080 7914 -6909 798 END
START -2608 -1072 15532 11568 -8676 881 END
START -6724 280 11076 5614 -10781 835 END
START -1920 3248 19088 2134 -3166 1900 END
START -3268 -2148 17824 -289 -5889 1251 END
START -1028 4716 15292 -1645 -8268 400 END
START -2060 -1636 13488 -2125 -7282 331 END
START -868 -508 15696 1779 -7343 36 END
START -704 -2612 15152 1119 -7797 1569 END
START -512 -796 14816 4965 -7178 2593 END
START -1252 -1484 17532 4441 -7411 3977 END
START -1296 -140 17412 3385 -8214 4484 END
START -1492 592 16756 1184 -9848 5272 END
START -1452 2380 16648 1102 -11553 4831 END
START -1196 2016 17832 702 -12691 4280 END
START -644 1744 18552 1014 -12612 3709 END
START -1340 -228 24312 690 -14697 3628 END
START 1004 -400 18672 2684 -12025 5048 END
START 84 352 19204 3392 -11120 6077 END
START -352 2088 21372 3226 -11136 6950 END
START -988 2864 22684 2648 -11536 6917 END
START -704 3104 23088 1966 -11259 6762 END
START -528 2932 22344 2281 -10657 6634 END
START -860 2008 21060 5510 -10535 5912 END
START -152 3856 22684 2045 -7887 6411 END
START -220 -124 23100 3318 -9056 6240 END
START 248 2008 23548 3567 -8463 7020 END
START 72 1996 25052 3973 -7466 8197 END
START -228 2900 25400 2807 -6218 9342 END
START -480 4384 25564 2132 -5909 9526 END
START -368 4680 25576 2555 -6365 8801 END
START -804 4432 25844 2611 -6420 7910 END
START 20 4200 26492 1813 -5665 7121 END
START 196 3868 27448 1476 -5045 6731 END
START 1048 3828 28092 886 -4303 6890 END
START 1780 3696 28360 1228 -2300 7373 END
START 1904 4760 28640 1489 -43 7915 END
START 1920 5660 28148 1172 2158 7764 END
START 1496 6324 27360 176 3746 7248 END
START 1004 6800 25980 -1122 4308 6551 END
START 704 7132 24516 -2554 3886 5633 END
START 756 7000 23776 -3608 3295 4633 END
START 744 6684 23828 -4833 2890 3989 END
START 976 6384 23660 -5671 2544 3341 END
START 1052 6480 23364 -6142 2794 2865 END
START 1076 7100 23468 -6827 2937 2421 END
START 1068 7416 23208 -6744 3767 1627 END
START 1212 7436 23156 -6511 5498 875 END
START 992 7816 22428 -6304 7321 244 END
START 1120 8040 21224 -5670 8703 -557 END
START 580 8696 20704 -4734 9686 -1594 END
START 832 8892 20508 -4653 10069 -2895 END
START 1600 8996 19868 -4577 10555 -3962 END
START 1336 8380 19636 -4291 10464 -4496 END
START 1620 8476 19784 -5201 10044 -4871 END
START 1616 8828 18876 -5692 9979 -5405 END
START 1284 8892 18764 -5876 9649 -6299 END
START 1164 9384 17620 -5532 9867 -7631 END
START 892 8896 17036 -3938 10246 -9424 END
START 1260 8016 17916 -3376 10238 -10865 END
START 1432 6392 17740 -3419 10680 -11618 END
START 1700 5320 17088 -3046 11195 -11480 END
START 1760 4508 16592 -2797 11096 -10880 END
START 1224 3924 16392 -3189 10945 -10266 END
START 1060 3872 15356 -3438 10955 -9812 END
START 588 3436 15380 -4344 10862 -9570 END
START 140 2452 15124 -5854 11586 -9430 END
START 344 2492 14528 -4765 13584 -9591 END
START -28 1244 18056 -5834 13160 -9918 END
START -168 1740 16172 -4962 14726 -10261 END
START -1588 -2548 13628 -1807 14445 -10464 END
START -444 -700 13640 -735 13853 -9995 END
START -892 -1368 14116 -138 12209 -9875 END
START -892 -2096 13660 6 9950 -9905 END
START -396 -3180 13532 208 9145 -9682 END
START -556 -3684 13296 -341 8159 -9162 END
START -116 -4600 12608 -572 7072 -8453 END
START -612 -5168 11940 42 6861 -7390 END
START -1112 -6136 11932 513 7535 -6633 END
START -812 -6624 9544 1402 7362 -5885 END
START -1264 -6356 10712 1848 7274 -4965 END
START -1508 -6436 10752 1948 6163 -4305 END
START -1392 -6316 10968 1004 3539 -3761 END
START -1380 -5972 11152 68 1621 -3264 END
START -1492 -5972 11484 -394 700 -2494 END
START -1788 -6076 11880 -197 378 -1712 END
START -2140 -6116 12520 117 429 -835 END
START -2460 -6176 12788 177 638 -49 END
START -2612 -5696 12620 473 478 655 END