START -5200 -1496 20208 873 1066 650 END
START -7896 -2968 15604 134 -60 741 END
START -4480 324 16192 396 887 845 END
START -5520 -1104 16476 336 802 775 END
START -5628 -1284 16568 -57 714 884 END
START -5392 -1244 16652 -248 301 884 END
START -5116 -1244 16512 -319 608 1119 END
START -5096 -1076 16276 -566 1082 1399 END
START -5256 -980 15936 -740 1075 1263 END
START -4948 -720 15280 -964 830 1081 END
START -5060 -892 14968 -1072 422 849 END
START -4532 -1084 14660 -1148 173 727 END
START -4548 -1148 14452 -1222 196 745 END
START -4300 -1292 13672 -887 228 645 END
START -4080 -1540 13040 108 399 680 END
START -3688 -1476 12944 1007 869 1205 END
START -3900 -1260 13276 1459 699 1811 END
START -4132 -1096 14004 1087 -1 2271 END
START -4364 -696 14456 -178 -1168 2780 END
START -4792 -352 14576 -1494 -2291 2975 END
START -5252 -180 14172 -1998 -2797 2676 END
START -5384 -280 14200 -981 -5180 2085 END
START -5088 -608 13736 -614 -4940 1671 END
START -4796 -652 13108 11 -4491 1583 END
START -4568 -480 13156 928 -3839 1454 END
START -3932 -712 13572 1536 -4743 1381 END
START -3828 520 14400 1777 -5569 1584 END
START -4024 -172 14468 2386 -7215 1766 END
START -4172 -4 15168 2530 -9579 1777 END
START -4724 1544 14992 4224 -10917 1071 END
START -4548 1216 16336 5267 -12012 373 END
START -4040 1268 14900 7649 -11518 -515 END
START -3248 1428 15316 8505 -11007 -1137 END
START -4232 3772 17836 -567 -8818 244 END
START -132 4596 17352 2396 -5254 580 END
START -2296 2212 17152 1809 -4829 367 END
START -2500 2880 17684 1645 -5359 242 END
START -2772 3472 17904 468 -6389 113 END
START -3656 3308 17624 -30 -6511 -636 END
START -3276 2988 17088 -397 -7495 -1437 END
START -3276 2552 16904 1052 -6984 -2510 END
START -2564 2412 17332 1477 -7244 -3071 END
START -1508 2268 18656 2094 -7019 -2933 END
START -1068 2468 19696 1976 -6640 -2443 END
START -960 2760 19988 1432 -6458 -2132 END
START -1768 2956 19744 1162 -6200 -2076 END
START -2624 3460 19752 1442 -6205 -2559 END
START -2968 3616 20384 2009 -6074 -3465 END
START -2940 3424 21056 2505 -5759 -4427 END
START -2468 3260 21904 3367 -5378 -5117 END
START -1548 3488 22868 4056 -4686 -5334 END
START -1408 3544 24036 4034 -4085 -5241 END
START -1852 3720 25068 3096 -3582 -5261 END
START -2160 3636 25308 1600 -3366 -5624 END
START -2108 2956 24848 751 -2897 -6120 END
START -1500 2796 24532 1289 -1845 -6768 END
START -1020 1676 24408 2692 202 -7003 END
START -872 1336 24480 4305 2007 -6914 END
START -800 1276 24912 5224 3389 -6792 END
START -572 1216 25156 4825 4003 -6342 END
START -892 1212 24908 3792 3761 -5764 END
START -944 1456 24980 2577 3559 -5596 END
START -1184 1252 24452 1509 3604 -5466 END
START -1084 832 24156 1339 4010 -5340 END
START -1048 836 23684 1209 4709 -5040 END
START -916 1044 23188 1146 5699 -4838 END
START -976 288 22752 776 6771 -4330 END
START -1000 196 22460 793 7789 -3904 END
START -1304 52 21980 406 8547 -3524 END
START -1268 232 21196 -364 9188 -3114 END
START -1768 -40 20408 -1945 9646 -2615 END
START -1292 -412 20428 -3245 8639 -2305 END
START -2020 -12 19776 -4575 10454 -1762 END
START -2432 -688 18744 -2411 11115 -2079 END
START -2632 -1228 17944 -1936 10299 -1919 END
START -2584 -700 18832 -1877 10053 -1671 END
START -2536 -476 18668 -2500 10111 -1235 END
START -2672 -1176 15496 -1857 10118 -913 END
START -3212 -376 16052 -1394 10069 -658 END
START -3648 -456 15292 -889 9514 -625 END
START -3680 -232 14616 -915 8729 -568 END
START -3872 -204 13964 -1189 8095 -705 END
START -3424 -200 13320 -2105 7018 -729 END
START -3392 -492 12904 -2728 5869 -642 END
START -3364 -784 12488 -3497 4945 -395 END
START -3632 -496 12580 -3710 4242 25 END
START -3712 -264 12656 -3760 4308 351 END
START -3784 -224 12400 -3885 4510 870 END
START -3748 -352 10648 -3150 3710 1274 END
START -4228 632 10892 -3150 3536 1358 END
START -4156 1068 10620 -2386 2286 1056 END
START -4600 888 10256 -2118 1913 473 END
START -4152 472 9936 -1993 1496 -50 END
START -3724 -112 9296 -1607 1615 -318 END
START -3384 -628 8724 -836 655 -89 END
START -3132 -852 8564 -75 286 420 END
START -2820 -856 8892 618 229 1153 END
START -2892 -756 9240 1168 -348 1913 END
START -3276 -256 9804 1320 -993 2518 END
START -3512 392 10288 1014 -1689 2745 END
START -4180 988 10972 758 -2425 2415 END
START -4572 1320 11024 546 -3211 1738 END
START -4140 1348 11160 485 -3681 910 END
START -3864 916 11356 790 -4011 332 END
START -3252 672 11392 1548 -4366 239 END
START -2500 64 11588 2078 -5255 449 END
START -1932 564 12592 2412 -4720 931 END
START -2104 1484 13416 2658 -7581 1176 END
START -1924 1200 14436 4437 -9905 923 END
START -2080 1688 13172 4037 -11765 926 END
START -2132 1856 13608 6776 -13725 121 END
START -1108 1396 13880 9283 -13475 94 END
START -1180 2148 15380 9970 -14371 489 END
START 5188 8028 14740 -5215 -7576 3265 END
START -1576 -100 9716 -2387 -8240 2116 END
START 88 2408 15776 -152 -11464 2045 END
START 184 3608 14356 -2379 -12493 2357 END
START 360 2276 17020 -1238 -13008 2115 END
START 64 2120 18488 -1226 -13740 2166 END
START -628 964 19760 2361 -13573 1453 END
START -16 912 18344 -1841 -11533 2767 END
START -272 16 18360 1023 -9360 2757 END
START -204 1436 16660 2206 -9600 3268 END
START 264 1840 18192 4365 -8708 3414 END
START 152 2992 19708 5063 -9189 3468 END
START 672 3316 20612 4661 -9662 3325 END
START 388 3196 21960 3260 -9985 3048 END
START 172 3100 22572 1364 -9966 2563 END
START 2200 -560 29100 -1487 -8474 2557 END
START 584 624 21700 -127 -8782 1844 END
START 1208 -592 20796 1219 -8466 2202 END
START 1424 12 22256 2688 -6676 3050 END
START 1792 956 21832 2897 -5807 4280 END
START 1604 1712 23376 3128 -5911 4818 END
START 860 2032 24672 2961 -7381 4398 END
START 1624 1696 24444 1451 -5963 4551 END
START 1280 1608 24244 479 -6034 4259 END
START 1432 868 24004 -391 -5349 4126 END
START 1756 168 22848 -503 -3934 4845 END
START 2024 -424 20612 175 -2968 5836 END
START 2404 -3112 25048 5930 -5568 5109 END
START 2176 6108 15464 -267 47 7326 END
START 1388 -2376 23084 7182 -3484 5781 END
START 1396 -140 19756 -3356 -5472 7762 END
START 2028 1828 18264 4783 -5214 6103 END
START 1832 -2108 21012 -1184 -5886 8031 END
START 2224 1504 19620 2572 -5849 7723 END
START 2308 -176 22472 2355 -4486 8238 END
START 2872 236 22380 3211 -3440 9106 END
START 2276 344 20724 3624 -2428 10008 END
START 2356 1872 22320 4701 -1862 10369 END
START 1324 1748 23540 1487 -2664 10751 END
START 1012 2668 22252 -574 -4818 10403 END
START 1212 2804 21852 -1989 -5118 9493 END
START 1312 2464 21092 -1406 -3824 8791 END
START 2124 2520 21012 -35 -2570 8553 END
START 1892 3220 22304 925 -1594 8673 END
START 1324 3800 23744 958 -742 8606 END
START 1152 4724 24284 63 -30 8145 END
START 1120 5640 25240 -1299 -164 7293 END
START 1280 5836 25584 -2337 133 6140 END
START 1264 5940 25840 -2746 1390 5260 END
START 1864 6020 26192 -2892 2875 4360 END
START 2136 5872 26048 -2370 5141 3763 END
START 2520 5916 25624 -2121 7106 3283 END
START 2644 6360 24988 -2368 8087 2999 END
START 2456 7108 24008 -2420 8832 2210 END
START 2016 7936 23432 -2696 9417 918 END
START 1972 8216 22848 -3321 9681 -401 END
START 2436 8028 21660 -3513 10297 -1599 END
START 2520 7996 20416 -2554 11440 -2608 END
START 1992 8424 19792 -2077 11902 -3665 END
START 1896 8532 19144 -2509 11885 -4893 END
START 1732 9000 18412 -3297 10859 -5940 END
START 1648 8188 17096 -3630 10034 -6876 END
START 1692 8396 16912 -3926 9191 -7560 END
START 1640 8256 16544 -3768 8753 -8295 END
START 1448 8924 16944 -3721 8522 -9296 END
START 1324 8716 17636 -3737 9129 -10563 END
START 988 9652 18000 -5031 11238 -11868 END
START 732 8192 18552 -1571 9563 -12724 END
START 1164 9308 17732 -3847 8572 -13353 END
START 1036 7048 18592 -3770 7732 -13761 END
START 1208 6048 17596 -5981 8704 -12721 END
START 704 5788 17644 -5883 10033 -12282 END
START 152 4720 18428 -7753 10267 -11757 END
START 1280 4912 18492 -8737 13361 -11737 END
START 608 2708 16052 -8922 16836 -11286 END
START -404 3308 16140 -6453 15043 -12308 END
START -160 -300 13916 -4878 14255 -12899 END
START 908 -804 12844 -3764 15550 -12772 END
START -196 -1656 14300 -3264 12465 -12216 END
START 772 -3680 10056 -1338 13216 -11198 END
START 1048 -4016 9896 -129 10955 -10261 END
START 1444 -5152 8528 1159 9447 -9228 END
START 1840 -5952 8844 315 6703 -8225 END
START 2344 -6288 8384 54 5446 -7199 END
START 1256 -6204 10184 -524 3910 -6554 END
START 2428 -6992 6024 172 5698 -5964 END
START 1104 -7320 8808 654 3984 -4749 END
START 888 -7704 9224 1646 1615 -3499 END
START 344 -7368 10828 1356 -984 -2067 END
START -240 -6404 11984 592 -2316 -869 END
START -1084 -5484 13004 113 -2608 48 END
START -1560 -4052 13944 82 -2832 370 END
START -2444 -3104 14832 -10 -3056 210 END
START -3164 -2724 15004 989 -2155 -307 END
START -3408 -2556 16328 2052 -1214 -532 END
START -3296 -2896 17516 1833 -717 -453 END
START -2952 -2936 18108 900 -575 247 END