START -6296 -752 16628 986 904 2037 END
START -7704 1844 13788 -114 27 2296 END
START -6332 -560 15136 322 523 1673 END
START -6332 -248 14440 487 -134 1247 END
START -6064 -668 15248 796 45 1248 END
START -6208 -1040 15328 903 174 1323 END
START -5472 -1276 15028 1147 178 1581 END
START -5276 -1208 14728 1089 465 2123 END
START -5124 -788 14660 894 363 2278 END
START -4664 -460 13900 684 202 2165 END
START -4476 -188 13028 662 166 2003 END
START -4092 -52 12316 605 -568 1670 END
START -3736 -160 11796 526 -1068 1509 END
START -3700 -384 10936 769 -1532 1444 END
START -2972 -324 10560 1373 -2299 1593 END
START -3540 -276 10980 1415 -3426 1912 END
START -3528 188 11380 1270 -4578 2130 END
START -4188 508 10968 1633 -8639 1974 END
START -4388 1640 11188 2910 -11088 1682 END
START -4836 1156 10636 5588 -12338 952 END
START -5160 1744 12480 6400 -14626 178 END
START -4744 3308 12508 9754 -14766 -1048 END
START -4636 2724 13740 12325 -16780 -2006 END
START 40 -1864 29836 2400 -14864 -161 END
START 2024 8804 15856 1146 -3961 -399 END
START -5060 2360 18284 1473 -8403 -1171 END
START -2360 3484 17220 1571 -7938 -1271 END
START -2452 3100 16288 1695 -7764 -1210 END
START -2584 3296 17144 1517 -9106 -1488 END
START -2780 3032 17496 1166 -8742 -1779 END
START -2924 2892 18204 1002 -9187 -2363 END
START -2936 2700 18744 869 -9410 -2604 END
START -2772 2932 19532 1396 -9074 -2577 END
START -2316 3560 20208 1823 -8601 -2620 END
START -1984 4344 20524 2071 -7957 -2814 END
START -1764 4476 20520 2287 -7387 -3220 END
START -2756 4392 20636 1602 -7215 -3687 END
START -3236 4252 20912 769 -7638 -4247 END
START -3184 3788 21364 516 -8057 -4913 END
START -3168 3460 22232 1129 -7592 -5403 END
START -2748 3488 23340 1677 -6814 -5601 END
START -2216 3864 24408 1888 -6021 -5712 END
START -2072 4240 25240 1553 -5468 -6070 END
START -2004 4024 25768 1637 -4881 -6506 END
START -2212 3376 26036 1899 -3435 -6868 END
START -1820 3244 27020 1957 -2288 -7092 END
START -1720 2916 27456 1293 -1045 -7175 END
START -1084 2348 27652 735 -7 -7253 END
START -784 1856 27388 363 856 -7105 END
START -640 1328 27092 127 1613 -6991 END
START -164 1044 26576 -25 2561 -6721 END
START -236 532 26388 122 3629 -6441 END
START -140 380 26080 -235 4310 -6201 END
START -196 -20 25484 -677 5065 -6109 END
START -44 -552 24428 -910 5508 -5853 END
START -20 -1068 24128 -976 5828 -5437 END
START -52 -1124 24112 -1417 6115 -5003 END
START 100 -1548 23088 -1506 6931 -4541 END
START 220 -1296 22020 -733 8185 -4022 END
START 8 -2196 21732 -1193 9393 -3180 END
START -180 -1288 21160 -1798 9950 -2403 END
START -708 -1580 20564 -2629 9940 -1806 END
START -860 -812 19672 -3413 10137 -1626 END
START -1336 -1100 19580 -5019 10603 -1364 END
START -1624 -1920 17532 -5588 10518 -1061 END
START -1620 -952 16620 -5077 11060 -966 END
START -2136 -1436 16064 -4793 11408 -743 END
START -2500 -2148 13396 -3814 11018 -917 END
START -2192 -1064 15364 -4444 11054 -350 END
START -2628 -992 14688 -4000 10914 -405 END
START -2564 -1576 13492 -3191 10618 -420 END
START -3056 -904 13640 -3418 9245 -199 END
START -3100 -664 13200 -3101 7973 -50 END
START -3452 -648 12912 -3286 6591 -256 END
START -3344 -628 12324 -3371 6237 -419 END
START -3136 -792 11744 -3525 6036 -328 END
START -3348 -1248 10872 -3448 6233 -105 END
START -3304 -1184 10884 -3153 5468 159 END
START -3232 -1824 9760 -2256 5767 596 END
START -2924 -1380 9652 -2082 5396 1077 END
START -3408 -1076 9720 -2026 3820 1506 END
START -3564 -832 9688 -2163 2088 1674 END
START -3988 -400 9652 -2236 1665 1404 END
START -4124 -520 9260 -1910 979 879 END
START -3656 -720 8828 -1144 473 549 END
START -3212 -1060 8568 -17 159 539 END
START -3056 -1160 8672 957 -35 873 END
START -3152 -1092 8856 1409 -458 1267 END
START -3272 -1060 9608 1499 -1437 1398 END
START -3128 -1072 10116 1153 -2486 1620 END
START -3232 -840 10356 935 -3098 1813 END
START -3264 -396 10804 1094 -3728 1755 END
START -3300 -92 11328 1454 -3957 1533 END
START -2804 16 11440 1830 -4316 1351 END
START -2712 -64 11840 2148 -4883 1198 END
START -3040 -148 13624 1584 -7381 1091 END
START -2236 156 13272 2713 -8487 690 END
START -2308 -1644 12428 5032 -10108 341 END
START -1820 -2260 12360 5926 -11481 949 END
START -1060 -744 14772 7672 -10908 1901 END
START -1440 -1452 15896 8357 -12284 2918 END
START -1120 864 15716 11679 -13345 2578 END
START -1404 -688 14348 17568 -15284 1308 END
START 3228 8860 17940 804 -5180 3581 END
START -2476 -5324 17948 -593 -7321 3085 END
START 928 5492 14496 1297 -7985 2653 END
START -408 -3072 14140 4487 -5687 2983 END
START 708 828 17240 4316 -7355 4709 END
START 148 516 17824 3490 -8550 5802 END
START 280 2768 18472 4084 -8029 5779 END
START 360 1996 18756 3388 -7650 5616 END
START 700 3320 17488 3937 -6940 4725 END
START 472 2012 16652 3350 -6511 4039 END
START 612 2532 15100 4275 -6699 3316 END
START 632 1188 15260 4754 -7113 3471 END
START 204 1500 15876 4983 -8321 4438 END
START -260 2032 16952 4847 -9504 5631 END
START -772 2932 17668 5109 -9864 6083 END
START -1180 4004 18168 4899 -9791 6043 END
START 48 7152 19852 734 -15531 5034 END
START -1120 2144 18420 2409 -12000 4613 END
START -108 2712 21084 2038 -11225 4563 END
START 240 2960 22468 3333 -10682 5033 END
START -12 2916 23704 3186 -9398 6436 END
START -284 3868 23400 2545 -8685 7543 END
START -384 4664 23872 1282 -8446 8421 END
START -60 3976 23312 4429 -6860 7203 END
START -1156 5040 21364 3676 -7765 6145 END
START 752 2548 21588 1911 -6013 5529 END
START 1040 1272 21192 3976 -5410 5394 END
START 1324 536 24416 2668 -6366 6556 END
START 1616 1768 24652 845 -6856 7929 END
START 800 1944 25276 -404 -6955 8961 END
START 96 1892 25480 -784 -5450 9995 END
START -544 3608 26340 475 -4551 9836 END
START -472 4140 26956 230 -4325 8895 END
START -100 2564 26220 601 -4012 8225 END
START 904 3520 26216 1166 -2199 8273 END
START 868 4464 27124 762 -934 8601 END
START 716 5584 27360 -490 -302 8632 END
START 592 6280 26788 -1818 657 8176 END
START 684 6852 25068 -1411 1929 7619 END
START -172 7228 24372 -38 3303 6929 END
START -600 7792 24948 568 4001 5977 END
START -556 7992 25568 -254 4628 5138 END
START -704 8212 25216 -1232 5052 4355 END
START -208 8792 25288 -2440 5144 3633 END
START -480 9388 25300 -4205 5204 2762 END
START -364 9524 24440 -5257 5599 1438 END
START -92 9424 23412 -5888 6186 256 END
START 36 9444 22668 -5731 7001 -858 END
START 144 9180 21972 -5313 8060 -2026 END
START 272 8984 21648 -4775 8835 -3294 END
START 1028 8508 21140 -4637 9349 -4313 END
START 1596 8508 20764 -4390 10164 -5040 END
START 1964 8576 20312 -4308 10935 -5617 END
START 2020 8732 19996 -5177 11127 -6085 END
START 1964 9392 18868 -5401 11164 -6713 END
START 1400 8768 17468 -5720 10862 -7221 END
START 1032 9764 17072 -5448 10268 -8155 END
START 1108 9876 15988 -5015 10545 -9527 END
START 860 8220 16552 -3427 9841 -10704 END
START 732 8704 16172 -4060 9633 -11200 END
START 1076 7888 15692 -3376 9293 -11906 END
START 608 7692 15720 -3989 8476 -12021 END
START 552 7076 15904 -4075 7451 -12535 END
START 664 6268 15536 -4970 6904 -12655 END
START 472 5504 15456 -4037 7240 -12703 END
START 4 4704 15552 -3942 7866 -12702 END
START -176 4864 16116 -3879 8462 -12868 END
START 28 4476 15328 -4232 10066 -13573 END
START 240 3260 15120 -4736 11459 -14078 END
START 1096 3128 15772 -4486 13140 -14741 END
START 1168 524 13764 -6127 12883 -14476 END
START 1140 -3200 12960 -4689 12990 -13761 END
START 2100 -5104 11108 -1188 13582 -12173 END
START 1780 -3728 12772 -2450 11152 -10818 END
START 1528 -5660 12496 -1241 9175 -9428 END
START 1908 -5972 11508 105 7632 -7841 END
START 1120 -6660 12132 842 7197 -6713 END
START 1020 -7168 11072 2173 5714 -6250 END
START 1292 -7680 10508 2943 5516 -5413 END
START 944 -8044 10372 3555 4797 -4287 END
START 604 -7832 11264 3209 3552 -3113 END
START 24 -7184 13020 1681 1459 -1714 END
START -364 -6212 13716 -263 -251 -674 END
START -1388 -5404 14484 -990 -875 32 END