START -4096 -24 17520 -264 -577 133 END
START -4596 1668 11708 -1947 -1878 300 END
START -4640 -628 15580 -1692 -2 173 END
START -4080 492 17332 323 -803 -225 END
START -4072 620 17016 699 204 -92 END
START -4360 1252 17448 656 570 19 END
START -5316 1476 17016 662 971 64 END
START -5568 2208 17012 616 708 -78 END
START -5852 2764 16540 722 401 -501 END
START -5932 3440 16832 1018 57 -1083 END
START -6236 4076 17772 748 -213 -1967 END
START -6140 4528 17864 276 -439 -3001 END
START -5276 5028 17780 122 -730 -3745 END
START -4732 5548 17800 433 -369 -4060 END
START -4804 5760 17708 764 408 -4307 END
START -5608 6060 17756 961 1122 -4570 END
START -6124 6356 17064 1057 1499 -5120 END
START -6952 6256 16860 1078 1428 -6032 END
START -7204 6204 16944 1107 970 -7423 END
START -7088 5996 17316 1246 458 -9039 END
START -6412 5404 17456 1332 -272 -10781 END
START -4808 4592 17864 1191 -652 -11890 END
START -4024 3524 18196 1313 -770 -12477 END
START -3552 2160 18060 2039 -502 -12195 END
START -3904 1472 18592 2548 116 -11879 END
START -4212 1296 18676 1996 381 -11892 END
START -4032 956 18760 1045 263 -12145 END
START -3772 744 18464 118 -199 -12594 END
START -3244 72 17924 -347 -354 -13178 END
START -2772 -880 17308 -162 -457 -13495 END
START -2432 -2076 16628 477 -285 -13639 END
START -2432 -3296 16868 1154 -311 -13268 END
START -1996 -3896 16644 1116 -263 -13002 END
START -1796 -5160 16524 913 -1118 -12465 END
START -1108 -5268 16020 861 -1133 -11889 END
START -808 -5960 16172 48 -1079 -11078 END
START -604 -6612 16028 -481 -674 -10127 END
START -528 -6928 16340 -751 -323 -9275 END
START -380 -7788 16576 -935 553 -8047 END
START -116 -8184 16260 -716 547 -7048 END
START -192 -8092 16124 -651 873 -5949 END
START -9676 -12448 8588 -1443 9725 -3196 END
START -1456 -7212 15524 -4094 -1327 -5352 END
START 2208 -7548 14164 -1663 3783 -3883 END
START -760 -8516 14668 41 1691 -3614 END
START -500 -8648 16404 -478 276 -2653 END
START -404 -8840 15996 -547 1105 -1917 END
START -72 -8376 15796 -878 800 -1118 END
START -672 -8320 15504 -880 175 -419 END
START -328 -8308 15556 -614 69 449 END
START -680 -8020 15516 -37 633 1333 END
START -960 -7488 15664 759 1279 2117 END
START -1036 -6808 15176 1693 2136 2775 END
START -1180 -6268 14952 2612 2668 3363 END
START -1624 -5636 14988 2697 2344 3757 END
START -1444 -5136 15472 2127 1356 3824 END
START -940 -5172 15104 1570 958 4014 END
START -800 -5224 14772 1819 1074 4410 END
START -432 -4884 15016 2126 1297 4844 END
START -544 -4804 15020 2256 1825 5492 END
START -1048 -4560 14892 2311 1945 6382 END
START -1784 -3916 15092 1712 1115 6853 END
START -2484 -3616 15056 766 -148 6703 END
START -2144 -3432 14728 264 -1030 6449 END
START -1680 -3748 14716 509 -1202 6174 END
START -1724 -4608 15164 1283 -1615 6409 END
START -1080 -4340 15628 2007 -1468 7554 END
START -1356 -4060 16108 2237 -1264 8860 END
START -2208 -3392 16856 1462 -1777 9617 END
START -2356 -3068 16488 421 -1921 9982 END
START -2156 -3008 15308 346 -1830 10194 END
START -2224 -2940 14992 1083 -2119 10316 END
START -1880 -2732 15700 2526 -2785 10832 END
START -1208 -1428 15072 3042 -2547 11620 END
START -2632 -1228 18444 3847 -3732 12235 END
START -2452 -472 17424 3349 -3922 12926 END
START -2720 96 17340 2531 -5027 12919 END
START -3096 840 17004 3522 -3709 12700 END
START -3012 1300 17012 3668 -4592 12411 END
START -2764 1376 17140 3996 -3600 12593 END
START -3448 2208 17928 4309 -3568 13147 END
START -4460 3320 18492 5932 -3285 13278 END
START -3976 6764 20684 379 -3984 13920 END
START -5360 5304 18560 1970 -2807 12847 END
START -3704 6772 16760 -1884 -4056 12559 END
START -5520 6788 18860 -642 -1754 11032 END
START -4960 6020 17496 -1073 -2472 9326 END
START -4276 5752 18192 336 -1070 8385 END
START -4752 6136 18420 337 -3947 8270 END
START -5172 6616 19044 893 -3547 8115 END
START -4984 7172 18660 536 -3617 7851 END
START -5232 7972 19448 -548 -4249 7382 END
START -5016 8196 19544 -1060 -3934 6354 END
START -5128 8240 19004 -1801 -3476 5113 END
START -4720 7704 18576 -1897 -2257 3769 END
START -4072 7252 19020 -1212 -3126 2773 END
START -3636 7064 18548 -43 -2780 2102 END
START -3376 6960 18460 -304 -2396 1751 END
START -3420 6768 18292 -36 -1594 1540 END
START -3360 7048 17760 437 -1539 1496 END
START -3672 7500 18200 608 -1368 1405 END
START -4216 8284 18324 -82 -1938 702 END
START -4696 9492 18232 -83 -2540 -704 END
START -4308 9116 18496 1067 -3338 -2363 END
START -3704 8344 17484 1149 -3073 -3520 END
START -3104 7872 17044 766 -1972 -4128 END
START -3232 8232 17556 207 -1723 -5282 END
START -3192 7872 17904 -244 -2285 -6144 END
START -2708 7388 16896 -3 -1564 -6759 END
START -2756 7228 16788 195 -1814 -7252 END
START -2396 7144 16528 553 -1713 -7887 END
START -2020 6968 16892 277 -2659 -8616 END
START -1920 6760 16904 198 -2773 -9150 END
START -1536 6624 16732 494 -2641 -9577 END
START -1496 6752 16636 1312 -2144 -9953 END
START -1328 7056 17296 1741 -2517 -10674 END
START -1032 6928 16924 2111 -2950 -11464 END
START -640 6540 16528 2585 -2217 -11991 END
START -360 6228 17784 2794 -4371 -12660 END
START -56 5820 16428 3567 -4678 -12760 END
START -112 6136 16280 3612 -4162 -13183 END
START 264 6184 16508 3681 -2696 -13988 END
START 596 5556 15340 985 721 -13472 END
START 492 5536 17104 484 2697 -14034 END
START 176 3776 17720 5 -194 -14374 END
START 704 2316 17176 -429 -4758 -14233 END
START 904 2488 18236 2760 -3996 -14401 END
START 1268 1772 18460 4172 -4765 -14587 END
START 1456 1504 19340 3666 -5126 -14403 END
START 1088 880 19632 3089 -3911 -14283 END
START 1268 -52 19328 1449 -3301 -14342 END
START 1832 -1260 19744 416 -3566 -14222 END
START 2640 -1508 18780 957 -2738 -13887 END
START 3208 -3472 18384 2513 -3474 -13476 END
START 3684 -4460 19504 3804 -3380 -12286 END
START 4000 -5016 19852 4410 -4792 -11042 END
START 4064 -5552 20180 3904 -5355 -9438 END
START 4112 -6140 20452 189 -4822 -7572 END
START 4400 -5424 20644 534 -2979 -5998 END
START 4280 -6048 19720 -406 -1900 -4442 END
START 3436 -5476 20940 -330 -2624 -3418 END
START 3564 -4660 20712 126 -1949 -2698 END
START 5036 -3672 19288 -886 813 -1659 END
START 3016 -4344 19852 -602 483 -955 END
START 2616 -3732 19828 -200 1161 -144 END
START 2332 -3248 19580 -1121 1401 687 END
START 1208 -1984 19248 -1728 480 1090 END
START 1492 -1620 17856 -1459 1533 1655 END