START -4408 2608 20096 1398 246 -1651 END
START -5552 4384 16876 105 -693 -1243 END
START -5888 3196 18864 1074 158 -1489 END
START -4400 3644 18140 648 -13 -2085 END
START -4236 4428 18420 647 652 -2434 END
START -4520 4932 18148 631 1287 -2938 END
START -5180 5172 17676 472 1602 -3709 END
START -5032 5060 17152 299 1453 -4647 END
START -5016 4800 16920 424 1458 -5420 END
START -5356 4544 17084 631 958 -5959 END
START -5136 4764 17124 375 149 -6372 END
START -5412 4984 17664 289 -186 -6946 END
START -5228 5200 17936 285 -390 -7648 END
START -4884 5252 17820 266 -345 -8526 END
START -4456 5044 17568 441 -155 -9276 END
START -4540 4560 17376 1094 142 -9789 END
START -4456 4020 17856 2073 1018 -10117 END
START -5036 3720 18060 2608 1871 -10270 END
START -5300 3772 18028 2272 2011 -10612 END
START -5656 3540 17864 1570 1326 -11465 END
START -5580 2768 17340 1474 399 -12530 END
START -5108 1964 17904 1488 -234 -13208 END
START -4576 736 18088 1801 62 -13829 END
START -4264 -676 18200 2802 1433 -13723 END
START -3752 -1396 18536 3895 3070 -13344 END
START -3248 -2072 18536 3993 3882 -12836 END
START -2812 -2448 18068 2957 3375 -12346 END
START -2716 -3200 16892 1730 2093 -12010 END
START -2240 -3400 16516 1001 915 -11621 END
START -2752 -4128 16552 489 214 -11740 END
START -2372 -5140 17052 316 -141 -11896 END
START -1936 -6492 16852 475 303 -11229 END
START -1184 -7224 16948 935 501 -10403 END
START -964 -7580 16628 870 803 -9151 END
START -416 -7728 16128 555 969 -7762 END
START -728 -7560 15924 279 580 -6691 END
START -840 -7636 16156 -38 190 -5876 END
START -1112 -7932 16344 -226 170 -5014 END
START -816 -8184 16416 -389 629 -4031 END
START -1236 -7848 16212 -511 983 -3084 END
START -992 -7748 15792 -410 890 -2501 END
START -660 -7884 15216 -112 809 -1959 END
START -120 -8128 14968 148 679 -1132 END
START -204 -7984 14776 637 399 103 END
START -692 -7372 15268 962 748 1175 END
START -1316 -6852 15544 925 1007 2018 END
START -1748 -6308 15180 892 1181 2859 END
START -2200 -5840 14936 875 1184 3513 END
START -3036 -5204 15316 843 665 3880 END
START -3192 -4468 15756 382 349 3988 END
START -3356 -4024 15968 -392 381 3940 END
START -2856 -3916 15804 -952 82 3718 END
START -2332 -4164 15360 -1242 220 3712 END
START -1924 -4700 14496 -1142 276 3928 END
START -1336 -5092 14440 -791 -231 4336 END
START -760 -5368 14000 -741 -593 5052 END
START -372 -5648 13864 -267 -1086 5979 END
START -500 -5628 14488 373 -1799 7182 END
START -772 -5300 14660 463 -1681 8051 END
START -1300 -4936 15924 163 -3721 8105 END
START -972 -5464 14372 809 -2799 8144 END
START -456 -5780 13268 1434 -2905 8652 END
START 52 -4936 12704 3038 -2922 9358 END
START -264 -4268 13752 4066 -4841 10112 END
START -424 -3236 15940 5286 -8350 10555 END
START -1072 -3860 16180 6094 -12233 10726 END
START -576 -1936 16640 7592 -15345 10281 END
START -196 -2360 15592 8704 -14993 10589 END
START -248 -2248 25440 1930 -4264 14076 END
START 296 -2432 14544 -199 -1411 13573 END
START -708 -796 18876 2884 -5145 14732 END
START -544 2040 19108 248 -3421 15981 END
START -2356 2952 20048 -981 -4737 16087 END
START -3232 1444 18916 -3097 -4797 15407 END
START -3444 3556 17844 -2316 -4903 13438 END
START -2860 2832 17756 -1797 -4774 11939 END
START -2616 2544 17340 -1273 -4464 11085 END
START -1956 2208 17548 247 -4099 10769 END
START -1476 1684 17664 759 -3806 11165 END
START -1460 3184 18264 206 -4764 11972 END
START -1732 4016 18764 -612 -5908 12187 END
START -1676 5560 18576 -1891 -6312 12101 END
START -2224 6068 17560 -934 -6509 11305 END
START -2404 6788 19440 218 -5671 10006 END
START -2312 6880 19964 1680 -5408 8755 END
START -292 6308 23704 994 -4947 9267 END
START -1764 6600 19232 644 -4843 7605 END
START -2392 7956 21544 1212 -3947 6981 END
START -2480 8116 20740 1091 -3435 6121 END
START -2340 8428 20108 1282 -2899 5033 END
START -2064 8124 19848 1634 -2715 4091 END
START -1840 8344 19968 2096 -2659 3451 END
START -1828 8436 20608 1848 -2844 2766 END
START -1876 8720 21172 936 -3484 1943 END
START -1532 8464 20980 119 -3826 1089 END
START -1260 8320 21072 -72 -3573 442 END
START -1108 8136 21356 -20 -2807 -429 END
START -860 8156 20972 294 -1645 -1214 END
START -996 8192 20824 559 -513 -1961 END
START -908 8088 20452 838 327 -2771 END
START -632 7936 19896 852 643 -3380 END
START -500 7800 19684 638 427 -3788 END
START -832 7980 19500 56 -187 -4454 END
START -328 8252 19640 -733 -686 -5251 END
START -240 8312 19700 -1329 -826 -6171 END
START 380 7948 19120 -1391 -363 -7187 END
START 564 7444 18540 -1232 430 -7841 END
START 752 6948 17880 -729 1122 -8221 END
START 664 7004 17568 -264 1397 -8595 END
START 632 6904 17240 -71 1280 -9132 END
START 552 6872 16636 -305 802 -9559 END
START 800 7004 16748 -320 161 -9951 END
START 780 6736 16664 -523 -302 -10325 END
START 984 6812 16428 -267 -216 -10808 END
START 988 7200 16548 19 9 -11397 END
START 844 7180 16072 386 278 -12112 END
START 816 6788 15896 850 622 -12742 END
START 1156 6564 15516 716 515 -13315 END
START 1184 6576 15320 301 -386 -13713 END
START 884 5992 15116 -106 -1624 -14533 END
START 828 5332 15252 -8 -2656 -15506 END
START 1036 4328 15300 158 -2911 -16353 END
START 1720 3976 16896 1065 -1622 -17093 END
START 2020 1064 12136 1610 271 -16453 END
START 2544 -216 15896 2583 1030 -16409 END
START 2692 -532 17084 4158 990 -15449 END
START 3484 -1472 16852 1341 -549 -13183 END
START 2672 -1992 15208 715 -2046 -12749 END
START 2184 -2464 16036 -363 -3324 -12083 END
START 1856 -3008 17556 1007 -4882 -12428 END
START 2104 -3468 17400 4291 -5052 -13764 END
START 3448 -5628 19496 2629 -4419 -13088 END
START 4724 -5552 20236 3577 -3139 -11888 END
START 4636 -7168 20892 3372 -2224 -9868 END
START 4600 -6556 20840 3428 -1758 -7818 END
START 3896 -6452 20532 2141 -1479 -5790 END
START 3312 -5488 20548 2232 -1549 -4951 END
START 2756 -4832 21172 1591 -1517 -4495 END
START 2848 -4568 21492 810 -1167 -4479 END
START 2960 -4476 21372 -415 -933 -3929 END
START 3248 -4780 20968 -1627 -581 -2889 END
START 2940 -4436 20368 -2187 -196 -1730 END
START 2404 -3792 19944 -2639 43 -626 END
START 1888 -3364 19796 -2981 -14 179 END
START 1764 -2896 19336 -3642 111 942 END