START 292 -3504 14548 2251 -994 7483 END
START -176 -3648 15508 2430 -875 7700 END
START 212 -2796 15968 2333 -2011 7871 END
START 260 -2632 15708 2650 -4013 7958 END
START 4 -2664 14936 3676 -3643 8076 END
START -976 -2780 14956 3865 -3422 8461 END
START -1484 -3100 15072 4147 -3843 8857 END
START -2128 -3276 15112 4508 -5099 9250 END
START -2404 -3532 16648 4672 -6918 9787 END
START -2544 -1944 15692 4987 -7641 10051 END
START -2192 -1112 15932 5585 -9280 9721 END
START -1108 -892 15652 5265 -9726 9740 END
START 764 -648 17112 -6372 -2156 12264 END
START -1196 960 13508 854 -2665 10204 END
START -1476 -2292 16240 539 -2640 10992 END
START -1676 -664 16632 1117 -3400 11312 END
START -1852 -588 17672 -1025 -4561 12305 END
START -2140 648 16308 -1248 -5752 12521 END
START -2012 1108 18256 140 -6057 12420 END
START -2044 1748 18420 508 -5393 12692 END
START -2128 3448 20360 977 -4597 12877 END
START -2176 2196 16832 -1653 -4940 12690 END
START -2048 3928 19112 -1770 -4747 11877 END
START -2088 4960 19216 -2101 -4237 11588 END
START -2356 4956 18884 -1620 -4447 10993 END
START -2400 6132 19108 -1102 -4920 10830 END
START -3468 6704 20152 -747 -5012 10959 END
START -3976 8256 20760 -91 -5158 10521 END
START -4056 8124 20740 -433 -5394 9735 END
START -4152 8252 20312 -1551 -4634 8730 END
START -3088 7460 9416 -206 -8805 8348 END
START -2276 10324 21176 -3523 -6602 5970 END
START -3184 8576 20984 -329 -3879 4604 END
START -2464 7508 20224 855 -2730 4348 END
START -2480 6976 19724 1356 -1676 4285 END
START -2392 6852 19176 1415 -1496 4036 END
START -2128 6872 18640 1518 -1830 3553 END
START -1968 6568 18688 1290 -2446 3230 END
START -1992 7276 19136 1102 -2866 2862 END
START -2136 7180 19892 1093 -2872 2120 END
START -1844 7568 20196 373 -2624 1544 END
START -2088 7748 19964 378 -2685 522 END
START -1828 7328 20124 323 -2436 -368 END
START -1556 7500 20236 567 -1851 -1016 END
START -1516 7404 20456 492 -1200 -1851 END
START -1436 7620 20484 550 -365 -2585 END
START -1044 7692 20152 370 533 -3024 END
START -1212 8152 19460 361 881 -3549 END
START -1064 8272 19312 -38 751 -4293 END
START -956 8848 18640 -567 500 -5139 END
START -920 8644 17860 -728 319 -6061 END
START -496 8932 17620 -829 236 -6793 END
START -300 8992 17132 -528 370 -7485 END
START -272 8656 16444 -155 522 -8115 END
START 76 8932 15920 418 720 -8444 END
START -60 9224 15600 820 572 -8998 END
START -196 9368 15528 784 35 -9903 END
START -120 9272 15464 332 -563 -10772 END
START -208 9148 15492 -72 -1459 -11985 END
START 308 8648 15288 -642 -1874 -13313 END
START 900 8244 14752 -561 -1978 -14125 END
START 1148 7004 14252 258 -2140 -14625 END
START 1116 5828 14340 644 -2571 -14874 END
START 1304 5072 14212 1280 -3131 -14992 END
START 1084 4132 14760 1805 -3749 -15137 END
START 1316 3596 15584 2280 -3434 -15622 END
START 1740 2656 16636 2655 -2028 -16086 END
START 3148 928 20484 4987 -2170 -16333 END
START 2728 -272 17568 4414 -822 -16189 END
START 3124 -1840 17540 4413 -532 -15246 END
START 3668 -2544 17572 2505 -1108 -13699 END
START 3848 -3208 17624 1970 -1848 -12194 END
START 3188 -3464 18068 2785 -3495 -11065 END
START 2804 -2960 19596 4385 -4984 -10943 END
START 3068 -3260 20724 2856 -4489 -10542 END
START 3152 -4036 20752 2888 -3850 -10234 END
START 3472 -4504 21448 2945 -3061 -9800 END
START 4056 -4504 21576 2429 -2100 -8799 END
START 4136 -4712 21580 1883 -1383 -7721 END
START 4028 -4976 20792 1361 -764 -6268 END
START 3568 -5216 19908 1416 -470 -4781 END
START 3168 -4776 19672 1409 -634 -3657 END
START 2984 -4280 19736 1132 -923 -2750 END
START 2604 -3036 20252 579 -1213 -2197 END
START 2104 -2684 20240 -492 -1296 -1790 END
START 2044 -2064 20296 -1136 -1215 -1490 END
START 1864 -1760 20216 -1850 -992 -1138 END
START 1824 -1256 19688 -2157 -738 -714 END
START 2076 -880 19312 -2304 -445 -23 END