START -4356 -1536 18064 1359 918 1489 END
START -3612 200 11128 148 81 1990 END
START -7588 -5380 16868 409 1189 1652 END
START -5628 -692 17408 38 854 1605 END
START -5880 -336 17312 -203 408 780 END
START -5988 8 16964 -397 192 -203 END
START -5368 12 17084 -90 79 -914 END
START -5092 -220 17128 76 373 -1100 END
START -4708 -444 17420 -165 708 -861 END
START -4520 -32 17124 -530 750 -300 END
START -5160 568 16604 -492 593 -17 END
START -5636 1288 16748 -454 93 -326 END
START -5932 1928 16752 -558 -356 -957 END
START -5632 2264 16608 -239 -374 -1537 END
START -5448 2560 16412 395 206 -1835 END
START -5540 2972 16860 949 807 -2070 END
START -5364 3476 16804 1000 1239 -2233 END
START -5580 4084 16512 1199 1440 -2564 END
START -5776 4280 16360 1240 1025 -3473 END
START -5584 4220 16488 989 595 -4376 END
START -5400 3780 16112 1027 464 -4825 END
START -5504 3612 16244 1213 356 -5382 END
START -5096 3744 16132 1812 405 -5886 END
START -5084 3940 16720 2693 321 -6289 END
START -5104 3924 17000 3211 667 -6508 END
START -5760 4044 17796 3226 458 -6846 END
START -6176 4132 18440 2776 -49 -7539 END
START -6748 4064 19024 2024 -266 -8338 END
START -6560 3800 19364 1725 -471 -9505 END
START -6224 3008 19576 2123 619 -10513 END
START -5584 2144 19764 2719 1580 -11148 END
START -5088 1308 19800 3424 2843 -11384 END
START -4552 184 19020 3878 3722 -11249 END
START -4368 -552 18984 3575 3726 -10935 END
START -4296 -1024 18632 2473 2880 -10819 END
START -4028 -1776 18200 1228 1974 -10942 END
START -3764 -2600 17644 858 2103 -10789 END
START -3696 -3372 17136 927 2346 -10543 END
START -2752 -3828 16180 1360 2569 -10277 END
START -2640 -4604 16008 1063 2308 -9596 END
START -2756 -5164 15320 705 1128 -8902 END
START -2980 -5592 15824 422 315 -8264 END
START -3184 -5924 15780 353 197 -7813 END
START -3116 -6364 15248 1021 1275 -7320 END
START -3000 -6604 15304 1585 1704 -6746 END
START -3036 -6504 15404 1349 1645 -6250 END
START -2976 -6532 15244 877 1001 -6043 END
START -2980 -6612 15572 93 -5 -5587 END
START -2720 -6796 15044 -210 -262 -5175 END
START -2512 -7228 14144 640 377 -4393 END
START -2720 -7264 14712 1438 591 -3771 END
START -2356 -7292 15460 1175 152 -3472 END
START -1788 -7576 15184 1120 136 -2826 END
START -1788 -7852 14856 1555 311 -1726 END
START -2112 -7644 15296 1657 350 -561 END
START -2576 -7116 15848 985 2 330 END
START -3116 -6604 15852 91 -456 716 END
START -3020 -6212 15272 -105 -632 982 END
START -2776 -6084 14676 623 -343 1427 END
START -2912 -5956 15116 1354 -158 1684 END
START -2564 -5912 15448 1385 -409 1796 END
START -2384 -6316 15000 1322 -503 2279 END
START -2112 -6348 14700 1670 -181 3239 END
START -2128 -6444 14988 1614 -27 4390 END
START -2252 -6008 14932 1044 -254 5237 END
START -2024 -5256 15072 424 -530 5903 END
START -1920 -4676 14692 182 -1151 6119 END
START -1640 -4540 14236 209 -1773 5909 END
START -1156 -4952 14296 693 -1974 5973 END
START 492 -5232 13580 2908 -7088 6290 END
START -880 -4988 15296 1173 -4154 7029 END
START -360 -5316 14368 2035 -5561 8026 END
START -640 -4788 15324 1970 -6560 9052 END
START -968 -4200 16640 1467 -8987 9882 END
START -1156 -3920 15724 2629 -10510 10341 END
START -1116 -3076 16012 2771 -10896 10851 END
START -1048 -2232 14512 4574 -10430 11193 END
START -1660 -1260 14860 8726 -9302 10910 END
START 628 -1328 23068 7522 -8590 11852 END
START -400 5804 20620 1248 -3053 12731 END
START -2960 -2128 17000 651 -3797 11869 END
START -1192 952 17856 402 -5026 11662 END
START -1448 1332 17132 -629 -3385 11628 END
START -1468 1632 17108 -959 -4902 11196 END
START -1272 1764 16252 259 -4345 11115 END
START -1576 2288 16780 2496 -3705 10750 END
START -1748 2808 17964 1722 -4262 11088 END
START -2116 3632 19264 1019 -3814 11371 END
START -2868 3664 18968 -1096 -3830 11025 END
START -2916 4620 18184 -1394 -4958 9582 END
START -2476 3920 16844 -2047 -5268 8539 END
START -1900 3448 16616 -33 -5204 7739 END
START -1284 3056 17380 1725 -5104 7990 END
START -1208 3320 19048 2838 -5122 9032 END
START -1620 4272 20440 2526 -5386 10331 END
START -2448 5552 20776 1230 -5930 10697 END
START -3024 6596 19772 966 -6346 10077 END
START -3120 7372 19716 487 -6406 8472 END
START -2584 7204 19596 848 -6359 6435 END
START -1916 6252 19936 913 -5867 5406 END
START -1792 5940 20388 1133 -5297 4990 END
START -1300 5640 20856 894 -4665 5059 END
START -1360 5556 20652 647 -4036 5251 END
START -1432 5956 19904 765 -3541 5033 END
START -1612 6488 19452 1284 -2950 4286 END
START -1848 6856 19212 1951 -2762 3230 END
START -1516 6904 19648 2167 -2757 2340 END
START -1216 6880 20196 1838 -2883 1831 END
START -1112 6848 20432 1257 -3037 1659 END
START -1544 6928 20616 676 -2930 1638 END
START -1760 7604 20892 90 -2685 1075 END
START -1940 8168 21220 -59 -2013 -18 END
START -1804 8088 21052 138 -1303 -1248 END
START -176 6148 5064 2192 -3231 -1592 END
START -416 8400 17212 307 -1025 -3031 END
START -960 7996 20712 452 445 -3645 END
START -428 7728 19220 221 600 -4065 END
START -496 7928 19296 171 567 -4689 END
START -204 8060 19100 -320 428 -5269 END
START -236 8228 18688 -753 201 -5931 END
START -304 8352 18152 -1098 171 -6622 END
START -428 8568 17420 -1164 343 -7428 END
START -352 8448 17324 -511 424 -8473 END
START -248 8360 17220 -378 402 -9128 END
START -120 8352 17560 -125 572 -9687 END
START 244 8112 17092 127 971 -10035 END
START -368 8348 16992 336 765 -10226 END
START -580 9388 17056 -221 -130 -10783 END
START -576 9480 17356 -981 -1058 -11837 END
START -452 9412 17080 -1634 -1445 -12881 END
START -308 9008 16756 -1285 -1363 -14046 END
START 72 8740 16768 -593 -963 -15204 END
START 140 8144 16968 -471 -658 -15896 END
START 304 7676 16764 -691 -956 -16711 END
START 620 6444 16360 -1268 -1169 -17447 END
START 1180 5908 15980 -2812 -71 -17931 END
START 1480 104 12420 -1419 -2380 -18312 END
START 3672 2836 14620 809 -1110 -18852 END
START 4440 -1288 14952 -470 155 -17708 END
START 4676 -2120 15796 -1698 729 -16142 END
START 3976 -4980 14648 -2631 623 -14134 END
START 6020 796 26968 -602 -132 -13669 END
START 3272 -6228 17108 -3108 -1921 -13269 END
START 4604 -5756 18748 1111 -3012 -13658 END
START 5056 -7284 17416 1460 -2077 -12385 END
START 5996 -7996 20988 4379 -1244 -11271 END
START 6032 -7444 19592 4432 -1026 -9372 END
START 6012 -8532 20288 4716 -471 -7410 END
START 5556 -7472 20652 3377 -700 -5420 END
START 4992 -7444 21104 2288 -1122 -3942 END
START 4272 -6132 21208 513 -953 -2738 END
START 3764 -5752 20548 109 -21 -2232 END
START 3440 -5004 20196 509 1042 -1759 END
START 3208 -4456 19792 416 1871 -1008 END