START -4040 1152 19000 1286 1584 1017 END
START -5236 2128 15836 -324 457 1347 END
START -4972 2208 17432 333 758 1003 END
START -4276 2700 17304 428 931 487 END
START -4612 3368 16824 955 1368 13 END
START -4916 4164 17172 1168 1638 -738 END
START -5008 4948 17052 1307 1752 -1645 END
START -4912 5500 16600 1484 1965 -2403 END
START -5340 5968 17264 1577 1352 -3143 END
START -5312 6204 17420 1067 618 -3832 END
START -5484 6624 17888 390 184 -4357 END
START -5232 7036 18032 -201 -162 -4900 END
START -4936 7620 17792 -419 -72 -5708 END
START -4788 7680 17132 33 516 -6750 END
START -4888 7324 16868 666 739 -7921 END
START -4980 6812 16552 1485 1218 -8976 END
START -5424 6024 16688 2226 1354 -9978 END
START -5812 5356 17488 2261 876 -10918 END
START -5444 4360 17656 2152 372 -11543 END
START -4648 3552 17892 2139 705 -11716 END
START -4104 3392 17784 2324 776 -11669 END
START -4676 3032 18264 2318 722 -11951 END
START -4964 2340 18600 2203 288 -13046 END
START -4788 848 19056 1971 363 -13782 END
START -4856 -272 19608 1654 500 -14131 END
START -3840 -1740 19196 1739 1055 -14212 END
START -3060 -3076 18876 2214 2022 -13673 END
START -2324 -4332 18312 2671 2581 -12843 END
START -1632 -5200 17800 2608 2864 -11680 END
START -1604 -5872 17336 2292 2416 -10603 END
START -1752 -6244 17628 1371 1608 -9947 END
START -1892 -6368 17488 307 1066 -9614 END
START -1920 -6792 16984 -237 611 -9421 END
START -1880 -7464 17144 -287 408 -9063 END
START -1236 -8024 16660 214 1201 -8279 END
START -1096 -8108 15848 1335 2240 -7265 END
START -1124 -8288 16180 1588 2154 -6101 END
START -984 -8340 16036 827 1119 -5185 END
START -1000 -8224 15876 -70 366 -4120 END
START -1108 -8440 16084 -678 91 -3301 END
START -1028 -8424 15672 -890 486 -2598 END
START -892 -8480 14964 -615 1146 -1743 END
START -604 -8372 14224 156 1437 -645 END
START -520 -7828 13976 745 1171 348 END
START -664 -7664 14328 671 512 1113 END
START -1072 -7216 14296 400 -236 1717 END
START -1152 -7212 14188 246 -407 2236 END
START -1412 -7308 13752 473 68 2851 END
START -1240 -6936 13356 1137 221 3404 END
START -1136 -6604 13560 1628 153 3944 END
START -1072 -6312 13544 2006 32 4447 END
START -848 -6084 13560 2191 118 4929 END
START -724 -5768 13808 1953 -30 5604 END
START -740 -5044 13884 1402 -311 6179 END
START -768 -4172 13844 898 -816 6208 END
START -524 -4084 13956 836 -1387 5926 END
START -80 -3940 14052 778 -2143 5712 END
START 12 -4676 14592 1226 -3318 5801 END
START 292 -4424 15088 1580 -4204 6621 END
START -388 -4640 16244 1298 -7722 7609 END
START -1272 -5100 17272 227 -9912 8753 END
START -2348 -4972 17608 1064 -11144 9426 END
START -2584 -2840 17272 2764 -10319 9628 END
START -2624 -2628 16960 4962 -8904 9610 END
START -2780 -1668 16388 7986 -7531 9651 END
START -2980 52 17260 10277 -7593 9132 END
START -480 3036 17776 3560 -2409 10986 END
START -2024 980 17812 -1435 574 10546 END
START -2432 1108 19520 -2982 -4675 9751 END
START -1220 1092 18016 -4305 -3147 9355 END
START -1412 460 15336 -4628 -3759 9019 END
START -488 -424 14724 -2199 -3316 9080 END
START -704 -108 14428 6 -3137 9925 END
START -912 644 16448 1385 -3424 10669 END
START -1792 1572 16996 291 -4440 11116 END
START -2008 3492 17264 1030 -4687 10592 END
START -2004 4924 17276 -2181 -5954 9904 END
START -1360 2524 18824 -1879 -7692 9275 END
START -608 3208 16964 -1220 -6561 9215 END
START -1184 3168 17696 466 -6178 9291 END
START -1620 4072 19108 791 -6599 9470 END
START -1948 4960 19996 883 -6885 9497 END
START -2392 5592 20460 517 -6982 9531 END
START -2816 6436 20776 491 -7232 9125 END
START -2872 7056 20748 417 -6907 8237 END
START -2340 6300 20360 590 -6100 7139 END
START -1772 5836 19744 1471 -4995 6215 END
START -1164 5508 19676 2206 -4480 5747 END
START -1172 5708 20124 2793 -4319 5810 END
START -1580 5924 21164 2875 -4304 6084 END
START -1648 6380 21608 2166 -4444 6168 END
START -1612 6996 21840 1315 -4481 6196 END
START -2004 7872 21900 641 -4144 5463 END
START -2016 8020 21492 650 -3678 3664 END
START -1568 7308 21272 513 -2890 2258 END
START -912 6784 20696 754 -2107 1396 END
START -488 6512 20412 1325 -925 1258 END
START -1176 6496 20240 1798 -267 1125 END
START -1212 6832 19836 1720 49 854 END
START -1308 7496 19596 1531 163 571 END
START -1848 8332 19732 1474 -160 -416 END
START -1864 8436 19196 943 193 -1710 END
START 1104 9516 21228 4201 -7272 -3364 END
START -1260 9556 19584 482 -736 -4224 END
START -1008 6564 17324 -1757 550 -4568 END
START -760 10544 16292 423 1095 -5596 END
START -968 8936 16980 573 1217 -6114 END
START -880 10920 16520 641 735 -7311 END
START -804 9596 16884 366 34 -8488 END
START -468 10532 16296 -535 -370 -9525 END
START -136 9576 16500 -556 -334 -10898 END
START 340 9364 16104 -1045 -517 -12016 END
START 820 8372 15948 -574 -949 -13210 END
START 952 7644 15496 -587 -1249 -13716 END
START 1612 7084 15804 31 -1505 -14118 END
START 1508 6600 15696 375 -1867 -14398 END
START 1468 6504 15980 411 -2091 -14695 END
START 1428 6580 16276 479 -2298 -15285 END
START 1580 6156 16452 729 -2479 -16131 END
START 1564 5400 16884 525 -2964 -16704 END
START 1420 4252 16676 951 -3360 -17409 END
START 2024 3048 16936 1702 -3495 -17790 END
START 2884 2732 17528 1569 -3939 -17819 END
START 3500 1496 18244 1060 -4354 -17902 END
START 4524 472 18244 415 -3628 -17600 END
START 5164 -1784 18552 -123 -1673 -16177 END
START 4780 -2404 17580 -989 1761 -14238 END
START 4280 -3496 16952 -1334 3054 -12346 END
START 3272 -3264 14420 2702 2100 -11842 END
START 2772 -2244 18260 3573 -971 -11923 END
START 3324 -1472 16876 2638 -3070 -12218 END
START 4084 -2604 18640 1995 -3663 -12567 END
START 4036 -3532 19264 1596 -3180 -11987 END
START 4080 -4304 19556 1830 -2348 -11040 END
START 4056 -4640 19008 2527 -1870 -10003 END
START 4896 -5836 19856 1998 -1261 -8199 END
START 4520 -4400 20044 2316 -1419 -6936 END
START 4784 -4800 20968 1052 -1433 -5615 END
START 4364 -3868 20236 461 -1377 -4662 END
START 3876 -4320 20440 -439 -1259 -3709 END
START 3344 -3932 20028 -1073 -1146 -2868 END
START 3120 -4112 19264 -1417 -868 -1826 END
START 2660 -3140 19248 -593 -700 -1125 END
START 2440 -2896 19460 -659 -392 -639 END
START 2124 -1860 19284 -546 -144 -376 END
START 1792 -1592 19376 -850 -216 -141 END
START 1720 -1036 18956 -1245 66 103 END
START 1552 -828 18636 -1238 501 467 END
START 1192 -224 18460 -1176 688 734 END
START 1240 208 18528 -1097 725 989 END
START 1204 660 18636 -1005 586 1154 END