START -4380 -876 17172 1202 902 329 END
START -3976 680 9972 -18 -188 721 END
START -7532 -4508 15888 -9 1073 114 END
START -4600 -44 16612 619 540 592 END
START -5076 572 16844 779 533 668 END
START -5136 1808 16884 702 227 267 END
START -5284 2876 16988 565 -62 -464 END
START -4844 3784 17176 575 -167 -1269 END
START -4148 4660 17152 687 333 -1762 END
START -4032 5372 17084 793 1042 -1754 END
START -4520 6488 16712 770 1672 -1700 END
START -5548 7724 16696 710 1360 -2159 END
START -6864 8732 17216 416 829 -3067 END
START -7788 9440 17320 104 454 -4686 END
START -7900 9124 17048 578 465 -6684 END
START -7536 8616 17044 1689 574 -8269 END
START -7792 7500 17076 2961 -255 -9538 END
START -6104 7116 17052 3575 -110 -10849 END
START -5556 5524 18168 4150 325 -11646 END
START -4540 4484 18592 4176 997 -12130 END
START -4044 3056 19100 3808 1050 -12459 END
START -3812 1820 18792 3424 807 -12296 END
START -3812 748 18964 3036 660 -12601 END
START -3812 -576 18292 2671 571 -12865 END
START -3488 -1948 18124 2864 671 -13052 END
START -2872 -3284 18512 3372 1113 -12803 END
START -2360 -4388 18360 3379 2103 -12333 END
START -2204 -4812 17608 3486 2258 -11268 END
START -2224 -4876 17280 3314 1950 -10608 END
START -2300 -5168 17080 2658 1120 -10314 END
START -2304 -5612 16952 2021 213 -10086 END
START -1948 -6396 16940 1712 -246 -9714 END
START -1988 -6952 17044 1573 -165 -8872 END
START -1676 -7148 17040 1430 21 -8054 END
START -1772 -7300 16612 1240 240 -7363 END
START -1748 -7448 16432 1471 -208 -6709 END
START -1784 -7832 16556 1513 -383 -6030 END
START -1892 -7828 17012 1195 -74 -5208 END
START -1936 -7804 16396 944 330 -4503 END
START -1760 -7712 16460 905 508 -3860 END
START -1808 -7912 16028 924 699 -3084 END
START -1788 -7972 15456 967 788 -2145 END
START -1900 -7724 15580 865 361 -1284 END
START -2156 -7100 15352 760 -136 -673 END
START -2596 -6660 15948 600 -695 -96 END
START -2516 -6196 16288 227 -699 386 END
START -2848 -5712 16404 107 22 794 END
START -2876 -5236 15984 305 318 830 END
START -2376 -4912 15344 428 504 859 END
START -2360 -5188 14992 639 640 996 END
START -2176 -5412 14820 824 584 1565 END
START -2724 -5620 14980 835 613 2364 END
START -2472 -5048 14860 410 188 2943 END
START -2428 -4652 14548 -22 -85 3389 END
START -2408 -4116 14248 -164 -619 3690 END
START -2564 -3760 14116 -184 -935 3312 END
START -2144 -4244 14052 -15 -708 2841 END
START -1720 -4800 13468 554 -634 2671 END
START -840 -5280 13068 1288 -734 2861 END
START -92 -5572 13156 2157 -928 3756 END
START 472 -5632 13968 2513 -1552 5015 END
START -416 -6656 14092 2011 -5516 6137 END
START 592 -4520 14372 1861 -5348 7263 END
START 736 -5640 13556 2302 -7725 8187 END
START 372 -4364 14452 3135 -7710 9516 END
START -816 -3448 16484 3802 -9134 10466 END
START -1788 -2852 17188 5790 -10967 10227 END
START -1436 -1736 16284 7299 -11361 10550 END
START -1268 -572 16132 10888 -12152 9926 END
START -1056 140 15724 13927 -12023 9459 END
START -836 3244 14444 1943 -3665 11758 END
START 8 -1388 15572 1555 399 11329 END
START -1652 -1440 16640 1250 -5221 12150 END
START -532 3020 14576 2324 -5430 12955 END
START -2344 1664 19340 500 -6384 13442 END
START -1688 2440 17808 -743 -7361 12457 END
START -1548 3032 17908 -702 -5840 11136 END
START -792 2384 17256 -294 -5131 9965 END
START -232 1732 16332 1821 -4369 9732 END
START 160 1904 17180 3132 -3959 10817 END
START -136 3056 18176 2772 -4198 11871 END
START -328 4344 19008 1735 -4964 12262 END
START -196 4304 18908 1086 -5385 12255 END
START -1168 5300 18764 -109 -6242 11584 END
START -1272 5884 18308 34 -5643 10142 END
START -976 5804 18592 353 -5830 9255 END
START -1512 5424 19356 1731 -5702 9026 END
START -1304 6208 20716 1336 -6101 9155 END
START -1364 6728 21052 499 -6078 9166 END
START -1716 7292 20736 59 -6059 8834 END
START -2076 8200 21012 283 -5685 7829 END
START -2180 8448 21592 507 -4700 6164 END
START -1692 7616 21312 867 -2999 5015 END
START -1632 7572 21340 1353 -2146 4298 END
START -1432 7396 21400 1751 -1876 3752 END
START -1092 7420 21572 1259 -1845 3438 END
START -844 7648 21304 -69 -2329 3194 END
START -764 7596 20720 -873 -2712 2623 END
START -556 7396 20404 -674 -2407 1743 END
START -284 6932 20092 -265 -1777 800 END
START 68 6716 19960 4 -1271 186 END
START 248 6616 19980 213 -836 -50 END
START 108 6672 19448 502 -320 -246 END
START -4 7076 19548 518 -150 -574 END
START -76 7404 19176 156 -187 -1132 END
START -240 7584 19184 93 -175 -1888 END
START -24 7668 18708 -186 82 -2769 END
START -276 7376 19488 1366 -1295 -3831 END
START 1024 7852 15676 -2996 1050 -3360 END
START 32 5996 17812 -475 -271 -4280 END
START 892 7296 17476 -474 213 -4574 END
START 700 7348 17024 -226 510 -5134 END
START 500 7672 17068 -204 529 -5647 END
START 464 7724 16680 -174 522 -6498 END
START 584 7772 16488 -38 295 -7254 END
START 616 7876 16956 -112 -168 -8041 END
START 684 7612 16720 -337 -632 -8856 END
START 1248 7616 16544 -760 -1085 -9325 END
START 1240 7340 16844 -955 -1656 -9563 END
START 1328 7696 17216 -1137 -1663 -9926 END
START 1228 7856 17344 -1195 -1262 -10531 END
START 1412 7792 16888 -902 -558 -11236 END
START 1248 7916 16452 73 438 -11803 END
START 984 8212 16160 1150 868 -12504 END
START 952 8484 16244 1518 744 -13280 END
START 800 8476 16608 853 461 -14073 END
START 1160 8848 16676 -1294 1764 -14763 END
START 224 4228 16844 1138 -1947 -15552 END
START 1336 8568 16356 -823 -2231 -16214 END
START 2124 4236 17308 -1221 -2819 -16827 END
START 2792 5016 15892 -2130 -1784 -16929 END
START 3152 1756 16656 -4638 -687 -16064 END
START 3604 548 16668 -5577 2014 -15776 END
START 3324 852 18828 -2125 1425 -15428 END
START 2728 -4968 13476 -1369 1530 -13933 END
START 3904 -2912 18092 1040 337 -12734 END
START 3180 -3448 16928 3312 -3930 -13034 END
START 4188 -3908 18360 3484 -4135 -12663 END
START 4524 -5072 19288 3284 -1962 -11836 END
START 4928 -5896 19672 3893 -1755 -11037 END
START 5188 -6292 19796 3496 -1133 -9307 END
START 5236 -6316 20396 3274 -1801 -7819 END
START 5264 -6340 20868 2202 -2318 -6319 END
START 4972 -6232 21292 1603 -2404 -4735 END
START 4396 -5380 22024 1532 -1768 -3378 END
START 3452 -4580 22524 699 -468 -2541 END
START 3144 -3928 22204 -198 588 -2169 END
START 3092 -3740 21112 -1082 1627 -1566 END
START 2784 -3632 20048 -1023 2411 -737 END