START -3600 1044 17532 608 1196 -607 END
START -3464 3536 8308 -877 -33 -131 END
START -5432 780 21080 -1418 1231 -329 END
START -5152 1064 17776 581 -425 -1141 END
START -4064 1620 17448 512 -696 -1360 END
START -4368 1884 17600 359 -524 -1456 END
START -4436 2328 17688 417 -399 -1548 END
START -4308 2996 17864 472 97 -1565 END
START -4352 3956 18068 127 492 -1565 END
START -4504 4824 17980 -350 507 -1941 END
START -4792 5620 17140 -878 142 -2755 END
START -4752 5956 16488 -753 -497 -3537 END
START -4880 6120 15752 -27 -303 -4177 END
START -5972 5968 16092 1007 105 -4716 END
START -6296 6404 16328 1471 152 -5424 END
START -6940 6764 16520 1594 -153 -6308 END
START -6636 7312 16804 1764 -259 -7493 END
START -6232 7432 17236 1722 -163 -8840 END
START -5452 7472 17068 1329 -190 -10074 END
START -5448 6664 16516 1164 -430 -11368 END
START -5064 5424 16040 1896 -484 -12353 END
START -5188 4244 16552 2586 -696 -13196 END
START -5132 2976 17672 2410 -972 -13916 END
START -4284 1892 18208 2142 -888 -14532 END
START -3060 584 18496 2254 -531 -14744 END
START -1980 -108 18576 2018 -95 -14608 END
START -1484 -1148 18352 1614 -154 -14171 END
START -1988 -2376 18208 1006 -269 -13621 END
START -1660 -3308 17948 810 -172 -13230 END
START -1424 -4092 18196 725 -89 -12834 END
START -700 -4840 18144 431 -274 -12436 END
START -308 -5336 18308 103 -450 -11720 END
START 628 -6040 17552 -271 -228 -10957 END
START 808 -6816 17388 -502 -263 -9710 END
START 476 -6928 17144 -616 -411 -8796 END
START 344 -7700 17392 -1010 -214 -7787 END
START -40 -7868 17040 -1255 -227 -7174 END
START 304 -8044 16708 -1342 -374 -6513 END
START 888 -8216 16464 -1130 5 -5731 END
START 1252 -8280 16236 -1063 360 -4759 END
START 1020 -8564 16316 -1284 208 -3793 END
START 940 -8620 15872 -1486 -194 -2824 END
START 884 -8844 15172 -1218 -19 -1710 END
START 784 -8932 15128 -401 337 -570 END
START 548 -8472 15296 228 496 338 END
START 372 -8128 15164 505 752 1020 END
START 212 -7996 15248 1011 806 1714 END
START 548 -7636 15296 1644 1179 2532 END
START 104 -7172 15352 1946 1863 3467 END
START -152 -6380 15420 2106 1965 4131 END
START -208 -5796 15300 1906 1716 4748 END
START -340 -5428 15308 1706 1438 5271 END
START -676 -5176 15440 1321 672 5545 END
START -484 -4856 15512 1053 209 5752 END
START -280 -4796 15156 873 -42 6078 END
START -140 -4732 14864 873 -88 6570 END
START -4 -4308 15116 1030 -321 7171 END
START -148 -4076 14964 1321 -350 7974 END
START -828 -3340 15276 1827 -544 8848 END
START -1532 -2468 15700 2152 -649 9386 END
START -2024 -1524 16120 2248 -947 9331 END
START -2156 -1984 16468 1659 -645 8774 END
START -1976 -2668 16508 2331 -408 8447 END
START -1024 -3212 16372 2888 -512 8574 END
START -320 -3112 16348 3255 -217 9561 END
START -556 -2296 16428 3133 -329 10723 END
START -1260 -1656 16764 2652 -787 12052 END
START -2664 -540 17432 2137 -986 13224 END
START -2920 1108 16664 1019 -850 13785 END
START -3648 1996 17524 1113 -2551 13723 END
START -3596 2084 17208 769 -1701 13053 END
START -3516 1696 16756 215 -3275 12352 END
START -2752 1584 17236 1913 -2426 11632 END
START -2856 1616 17676 1743 -4549 11618 END
START -3016 2020 17464 3681 -3921 11734 END
START -196 6940 21520 -2282 -6048 13730 END
START -2568 4672 15796 1535 -440 13445 END
START -3616 5052 17320 -1111 -953 13549 END
START -4368 6312 19404 -2060 -4804 12479 END
START -3700 6504 16968 -874 -1687 11403 END
START -4384 6592 17180 -2187 -2798 10146 END
START -4912 7024 20000 -29 -1282 9345 END
START -4548 6612 18360 -499 -2846 8665 END
START -5328 7568 19556 -690 -4001 8079 END
START -5076 8040 18432 332 -2743 7817 END
START -5408 8764 18808 -320 -3260 7157 END
START -5648 9508 19236 -568 -2234 6082 END
START -5256 9532 19184 -1544 -2113 4532 END
START -5068 9136 19452 -1351 -2324 3219 END
START -4852 8952 19088 -823 -2362 2404 END
START -5000 9148 19100 -683 -2043 1483 END
START -4956 9144 19044 -1269 -2528 460 END
START -4704 8848 18840 -938 -2205 -383 END
START -4716 8876 18212 -679 -2142 -1163 END
START -4632 9108 18820 -499 -1542 -2264 END
START -4128 8828 18380 -433 -1260 -3284 END
START -3940 8648 18536 -210 -1485 -4225 END
START -3476 8648 18024 186 -1029 -5025 END
START -3256 8844 17692 -117 -727 -5882 END
START -3156 8832 16960 -219 -255 -7039 END
START -2460 8780 16120 179 202 -8146 END
START -1948 8432 15432 938 294 -8940 END
START -1496 8240 14908 1857 147 -9542 END
START -1372 7996 14576 2804 327 -10022 END
START -1304 8016 14528 2440 -293 -10553 END
START -1304 8020 14604 1728 -1437 -11204 END
START -1724 7008 13780 1386 -2958 -11808 END
START -1620 6464 15448 1876 -4750 -12576 END
START -1540 6304 16108 2249 -6023 -13198 END
START -1164 5956 16956 2644 -7536 -13995 END
START -196 5560 17704 3361 -7885 -14682 END
START -516 4708 17060 4646 -7325 -15130 END
START -8 2852 16584 4898 -2364 -14648 END
START -432 3292 17844 4063 -6244 -15125 END
START 80 3220 18476 4172 -4461 -15281 END
START 572 1888 17920 3877 -3895 -14974 END
START 1596 1488 18648 4349 -6064 -15156 END
START 1572 1100 19536 3843 -698 -14243 END
START 1900 -88 19736 2767 -631 -13688 END
START 1936 -988 20236 3408 -850 -12939 END
START 1676 -1044 19828 4277 -2309 -12537 END
START 1684 -612 19780 2703 -2705 -12386 END
START 1808 -1620 20172 1786 -4063 -12411 END
START 3024 -2840 19828 2123 -3887 -11868 END
START 3776 -3656 20648 3320 -4538 -10834 END
START 3692 -3832 20748 3644 -3601 -9468 END
START 3896 -3400 20788 3097 -3429 -8462 END
START 3200 -3876 20912 2004 -1674 -7510 END
START 3668 -3932 20200 627 -186 -6157 END
START 3292 -3824 19824 -30 -729 -5151 END
START 2808 -3552 19972 58 -945 -4451 END
START 2556 -3540 20504 -10 -1632 -3890 END
START 2672 -2944 20108 -630 -1613 -3400 END
START 2420 -2892 20288 -620 -622 -2750 END
START 2184 -2472 19412 -678 -400 -2200 END
START 1860 -1960 19140 -668 -565 -1785 END
START 1672 -1764 18196 23 -551 -1293 END
START 1664 -1336 17844 428 -726 -674 END