START -3980 2556 18288 1570 1288 -1146 END
START -6248 2660 15800 441 121 -939 END
START -3124 4572 16716 1019 826 -1146 END
START -4356 3040 17224 805 819 -1600 END
START -4040 3912 17148 937 1137 -1586 END
START -4496 4880 17128 933 974 -1734 END
START -4804 5692 17588 579 298 -2350 END
START -4684 6368 18004 -74 -19 -2954 END
START -5148 6796 18124 -713 247 -3789 END
START -5280 6880 17628 -1037 1094 -4663 END
START -5736 6764 17028 -531 1765 -5594 END
START -5840 6804 16084 575 1940 -6528 END
START -6060 6736 15392 2088 1807 -7431 END
START -5816 6480 15400 3324 863 -7990 END
START -6240 6256 16480 3785 -236 -8528 END
START -6328 5852 17620 3517 -1277 -9256 END
START -5884 5884 18468 3404 -1019 -10016 END
START -5976 5028 19040 3834 160 -10735 END
START -5488 4308 19024 4402 1011 -11328 END
START -5128 3576 19496 4435 1531 -11966 END
START -5164 2676 19684 3817 990 -12731 END
START -4448 1372 19720 3554 646 -13423 END
START -3836 -144 19764 3485 1290 -13445 END
START -3200 -1280 19676 3175 1860 -13072 END
START -2884 -2592 18856 2600 2451 -12519 END
START -2708 -3416 17540 2625 2798 -12020 END
START -2428 -4208 17000 2507 2565 -11340 END
START -2376 -5084 16568 2213 1918 -10564 END
START -2368 -5708 16964 1396 991 -9786 END
START -2124 -5876 16676 530 194 -9219 END
START -2008 -6216 16132 47 -167 -8888 END
START -1980 -6936 15936 139 -176 -8403 END
START -1720 -6924 16376 10 138 -7763 END
START -1980 -7208 15980 -115 46 -7191 END
START -1584 -7356 15756 56 56 -6372 END
START -1792 -7292 16052 32 87 -5526 END
START -1732 -7240 16372 -494 -26 -4882 END
START -1520 -6992 16324 -1305 34 -4217 END
START -1572 -6996 15396 -1659 85 -3656 END
START -1120 -6752 14916 -1283 270 -3096 END
START -1268 -6868 14736 -835 569 -2428 END
START -1504 -6832 14284 -425 746 -1777 END
START -1380 -7148 13788 -8 700 -1025 END
START -1104 -6996 13648 844 537 -28 END
START -1152 -6808 13624 1646 593 1032 END
START -1072 -6384 14064 1974 734 1907 END
START -1176 -5732 14404 1561 544 2543 END
START -1636 -5068 14388 1061 268 2837 END
START -2056 -4992 14024 819 224 2797 END
START -1724 -5340 13436 926 430 2764 END
START -1716 -5864 12924 1331 750 2814 END
START -916 -6220 12096 2246 812 3400 END
START -268 -6160 12024 3520 416 4487 END
START 4 -5940 12732 4540 -363 5996 END
START 40 -5508 13816 4597 -1167 7512 END
START -324 -4236 15464 3936 -2092 8895 END
START -1116 -3228 15756 3139 -5619 9220 END
START -1032 -2916 15144 3761 -6928 9053 END
START -848 -2984 15216 4027 -7602 8915 END
START -560 -3336 14568 5156 -7694 8618 END
START -164 -3280 14804 5749 -7319 8943 END
START 356 -3136 15352 7463 -7037 9761 END
START 304 -2940 16816 8382 -8716 11055 END
START 56 -1508 17292 11926 -9525 11982 END
START -2432 -4012 12448 9550 -10997 12938 END
START -1600 3476 17884 -1492 -1363 14445 END
START -2736 252 16952 -43 -2384 13238 END
START -1384 5824 15208 773 -2339 12633 END
START -3304 708 17096 2124 -2014 12598 END
START -2476 3876 19752 2933 -2271 12545 END
START -2716 4372 18588 790 -2047 12596 END
START -3016 5676 18928 1537 -1662 11549 END
START -2600 5348 15176 -705 -4701 11738 END
START -2496 8244 17528 105 -4142 10360 END
START -3008 3880 19004 -1421 -3216 9943 END
START -2364 6988 19216 -2070 -3993 9434 END
START -3196 2352 15604 -3474 -4792 9100 END
START -2880 6368 17340 -2965 -5438 8331 END
START -3268 4972 19712 -3084 -7155 7913 END
START -2576 3700 21052 -3215 -5900 7881 END
START -2040 5420 20260 -3234 -5283 8118 END
START -2048 6500 18744 -2755 -3919 8219 END
START -2040 6812 19596 -1400 -3875 7798 END
START -2976 7360 20196 -1181 -4134 7227 END
START -2964 7784 20384 -1176 -4255 6604 END
START -2912 7540 20452 -1085 -4262 6331 END
START -3144 8028 20820 -831 -4214 5773 END
START -2780 8340 21180 -834 -3968 4684 END
START -2484 7636 20852 -325 -3288 3943 END
START -2200 7672 21464 258 -2579 3724 END
START -1760 7940 21632 632 -1452 3394 END
START -1820 8440 21528 411 -704 3118 END
START -1896 8640 21160 267 -318 2584 END
START -2064 8920 20668 18 -162 1935 END
START -1916 8760 19904 -202 -201 1314 END
START -2024 8704 19648 -129 -549 596 END
START -1828 9048 19596 -102 -615 8 END
START -1728 9196 19572 -168 -375 -771 END
START -1600 8944 19112 44 94 -1595 END
START -1576 9156 18688 111 395 -2281 END
START -1696 9168 18416 -8 598 -3391 END
START -1188 8852 17992 265 1006 -4317 END
START -912 7992 17572 288 1479 -4673 END
START -860 8336 17144 329 1596 -5026 END
START -648 8604 16764 190 1373 -5542 END
START -892 8896 16484 38 918 -6244 END
START -940 9044 16204 -266 160 -7033 END
START -728 9088 16012 -710 -817 -8016 END
START -480 8548 15884 -1239 -1783 -8978 END
START 192 8224 15856 -1677 -2433 -9836 END
START 676 7484 15344 -1388 -2536 -10328 END
START 996 7040 15152 -864 -2371 -10443 END
START 420 7164 14992 36 -2210 -10670 END
START 520 7140 15128 591 -2471 -11471 END
START 468 6532 14760 1339 -2656 -12250 END
START 448 5684 14860 1986 -2956 -12990 END
START 688 5340 15492 2271 -3282 -13288 END
START 640 5404 15776 2419 -3191 -13706 END
START 276 5168 15748 2719 -2718 -13989 END
START 152 5624 15892 2924 -2625 -14584 END
START 408 4604 15524 2984 -2914 -15194 END
START 812 4204 14704 3095 -3054 -15341 END
START 672 3604 14700 3507 -3670 -15432 END
START 1080 3316 15400 3001 -3911 -15733 END
START 3112 1440 11748 2520 -3308 -15032 END
START 2052 520 17252 3336 -4949 -15357 END
START 2704 268 18152 5651 -5511 -15507 END
START 3392 -1512 19092 4829 -4851 -14481 END
START 4152 -1564 19740 4829 -4797 -13370 END
START 4676 -2728 20044 3797 -4508 -11926 END
START 4644 -2984 20420 3625 -4153 -10417 END
START 4400 -3884 21212 3061 -4271 -9206 END
START 4356 -4292 21216 2827 -4136 -8158 END
START 4308 -4836 21240 3345 -3531 -6955 END
START 4360 -4532 22268 3201 -2247 -5839 END
START 3824 -3360 21712 2430 -638 -4909 END
START 3804 -3220 22084 2990 -729 -4178 END
START 4160 -2148 22088 1919 -283 -3517 END
START 3952 -2620 21636 1685 -332 -2729 END
START 3968 -1788 20700 891 -516 -1657 END
START 3872 -1024 21068 -1201 -117 -641 END
START 3528 -804 20728 -2573 -39 170 END
START 3452 -288 20308 -3358 -30 842 END