START -4128 3608 20124 1156 1861 -741 END
START -6348 4832 14860 -143 872 -746 END
START -5472 4388 17812 494 1290 -1404 END
START -4400 4108 16832 429 1289 -2025 END
START -3916 4608 16856 571 1901 -2193 END
START -4480 4780 16876 860 1783 -2572 END
START -4444 5384 17336 490 890 -3054 END
START -4544 5480 16792 128 526 -3570 END
START -4368 6184 16600 456 97 -4160 END
START -4040 6704 16064 982 -798 -4738 END
START -3996 7776 17148 716 576 -5274 END
START -3712 8684 17128 806 1142 -6066 END
START -4040 9592 17428 437 1171 -7216 END
START -4224 9420 16940 308 1578 -8649 END
START -5116 8740 16220 736 1651 -9757 END
START -5464 7968 16292 1319 680 -10783 END
START -6336 6660 17148 1405 -291 -11860 END
START -6452 5400 16932 1765 -323 -12608 END
START -6156 4364 17144 3160 -329 -13076 END
START -5052 3448 17888 4441 249 -13309 END
START -4504 2760 18584 4988 1103 -13296 END
START -4704 1844 18980 4864 1350 -13440 END
START -4516 1696 19424 4029 1249 -13836 END
START -4768 632 19100 2840 1172 -14657 END
START -4300 -700 18392 2493 941 -15271 END
START -3288 -2324 17416 3250 1044 -15290 END
START -2660 -3840 17460 4291 1532 -14730 END
START -2336 -5064 18104 4149 820 -13845 END
START -1600 -5748 18232 3049 69 -12706 END
START -1228 -6488 18096 2215 -398 -11558 END
START -980 -6736 18016 1502 -512 -10246 END
START -1516 -6968 18240 392 -331 -9483 END
START -1236 -7524 17372 -44 -95 -8932 END
START -1232 -7840 16420 242 426 -8236 END
START -1364 -8284 15840 946 319 -7441 END
START -1040 -8580 15672 1697 7 -6472 END
START -780 -8332 15748 1920 -69 -5341 END
START -920 -8144 16564 1370 -522 -4313 END
START -812 -7816 16580 287 -810 -3565 END
START -980 -7644 16460 -598 -792 -2962 END
START -1032 -7736 15940 -985 -985 -2518 END
START -640 -8020 15576 -639 -813 -1826 END
START -224 -8272 15220 475 152 -646 END
START -112 -7920 15220 1603 1105 723 END
START -784 -7512 15332 1939 1539 1945 END
START -1132 -6672 15644 1672 1138 2765 END
START -1160 -6032 15320 1062 751 3162 END
START -1436 -5560 15100 597 414 3498 END
START -1744 -5168 15256 357 345 3548 END
START -1604 -5280 15056 285 759 3757 END
START -1480 -5064 15248 688 941 4336 END
START -1108 -4312 15736 359 599 5014 END
START -884 -3696 15668 -637 276 5510 END
START -580 -3276 15124 -1282 -228 5806 END
START -456 -3592 14200 -1465 -297 5885 END
START -232 -4216 13300 -1228 -636 6033 END
START -60 -5088 12540 -337 -694 6666 END
START -404 -5800 13028 779 -2856 7709 END
START -816 -5008 15088 1031 -2287 9124 END
START -1392 -4152 16724 403 -3092 10597 END
START -2228 -2684 17704 -480 -3779 11243 END
START -2284 -1076 16320 166 -6480 10690 END
START -2152 -1828 16744 1598 -7531 9950 END
START -1500 -532 15628 2841 -7858 8883 END
START -1288 -1308 15464 5364 -7314 8465 END
START -1200 -668 16540 6343 -6697 9116 END
START -936 -1248 16668 8510 -7116 9917 END
START 3216 3144 19068 3792 -2575 11785 END
START -1592 356 18000 -5174 -1332 13487 END
START -2180 960 16312 -4610 -3435 12915 END
START -1568 1492 12212 -3746 -3348 12292 END
START -2052 1028 13656 782 -2398 11635 END
START -2072 2252 14840 2743 -3190 11552 END
START -2340 3572 17448 3575 -2981 11359 END
START -2576 3232 19484 716 -4116 11676 END
START -2988 3940 19504 -1460 -5722 11351 END
START -2968 4136 17264 -1270 -5079 10895 END
START -4 3136 14612 135 -7259 11734 END
START -1320 6396 18360 -1223 -3299 10771 END
START -2380 708 18720 3077 -3139 10688 END
START -1988 7144 19156 1466 -4618 11051 END
START -2848 5344 19556 1305 -5373 10552 END
START -2716 7040 19720 -24 -6587 10107 END
START -2412 7000 20124 -537 -6917 9586 END
START -2736 7232 20980 -499 -6648 9333 END
START -3028 8508 22144 -344 -6209 8735 END
START -2940 8272 21900 -636 -5798 7684 END
START -2376 7796 21636 -477 -4996 6841 END
START -2172 7492 21688 -444 -4042 6086 END
START -2000 7144 21164 -501 -3296 5412 END
START -1784 7048 20744 181 -2656 5076 END
START -1864 7084 20536 905 -2409 5056 END
START -1744 7484 21012 1413 -2147 5077 END
START -1944 8092 21068 1268 -1905 4889 END
START -2092 8396 21096 685 -1897 4130 END
START -2216 8444 20760 335 -1518 2936 END
START -2072 7900 19984 77 -1026 1579 END
START -1316 7316 19328 408 -614 642 END
START -952 6372 19204 1008 -242 591 END
START -960 7360 19396 1005 -155 598 END
START -1348 7924 19172 914 -213 156 END
START -1488 8404 19072 662 -407 -512 END
START -1372 9116 18508 282 -611 -1512 END
START -1212 9136 18160 -172 -784 -2661 END
START -828 9624 17624 -480 -454 -3802 END
START -448 9372 17044 -471 70 -4742 END
START -428 9284 16368 -439 214 -5386 END
START -520 9216 16012 -168 110 -6121 END
START -432 9324 15236 177 8 -6908 END
START -280 9120 14952 695 98 -7396 END
START -532 9436 14728 892 68 -7965 END
START -980 9928 14404 1131 -284 -9000 END
START -908 10052 14136 1173 -1007 -10330 END
START -636 9844 14084 977 -1975 -11668 END
START -380 9552 14432 688 -3017 -12677 END
START -364 9108 14752 395 -3477 -13509 END
START -404 8696 14516 606 -3380 -14081 END
START -724 8420 13808 1756 -2870 -14725 END
START -700 8440 13684 3151 -2457 -15539 END
START -472 8916 13708 4195 -2441 -16728 END
START 40 8240 14296 4117 -3081 -18368 END
START 1332 7984 15592 2281 -3223 -19344 END
START 1504 3948 15144 2898 -7578 -20172 END
START 3356 4408 15368 624 -8870 -20351 END
START 4836 48 16696 557 -9800 -19582 END
START 5968 -744 17980 -51 -7178 -18107 END
START 5920 -2824 19444 1430 -4968 -16509 END
START 7080 -3096 19972 2002 -3499 -14137 END
START 5696 -3348 20264 4218 -3595 -13568 END
START 5912 -4192 21140 3852 -4983 -12609 END
START 6160 -4488 22208 3187 -5907 -11664 END
START 6144 -5092 22852 1947 -5364 -10407 END
START 6340 -5832 22872 2772 -4200 -9450 END
START 6964 -6520 22360 1968 -1634 -7280 END
START 6172 -5976 21812 2127 420 -5507 END
START 5384 -5712 22272 2187 -214 -4045 END
START 4948 -3652 22184 2111 -827 -3250 END
START 4528 -4100 21972 83 -885 -2145 END
START 4116 -3400 21484 -973 -759 -1239 END
START 4004 -3216 21220 -1649 -409 -301 END
START 3952 -2152 20976 -2315 344 873 END