START -4972 28 17212 544 412 165 END
START -4492 1728 11204 -559 -371 372 END
START -7412 -3324 17076 -202 433 -238 END
START -4660 256 16940 486 -172 -211 END
START -4684 252 16864 668 33 -42 END
START -5212 472 17352 745 173 -38 END
START -5484 932 17468 636 402 -176 END
START -5824 1488 17240 171 353 -363 END
START -6312 1748 17172 -266 145 -794 END
START -5964 2008 16576 -101 9 -1322 END
START -6372 2356 16724 184 170 -1790 END
START -6040 2688 16956 400 39 -2423 END
START -5628 3060 16992 629 250 -2911 END
START -5808 3296 16852 1119 612 -3122 END
START -6072 3500 17712 1431 701 -3369 END
START -5812 3920 18360 1078 707 -3754 END
START -5928 3856 18188 658 1040 -4050 END
START -6276 4200 17924 656 1261 -4400 END
START -6104 4464 18144 754 872 -5136 END
START -5876 4544 18260 652 537 -5839 END
START -6044 4080 18184 681 616 -6444 END
START -6164 3632 18420 804 777 -6936 END
START -6228 3140 18256 866 1179 -7362 END
START -6588 2688 18344 824 932 -7895 END
START -6136 2380 18536 257 477 -8556 END
START -5908 1856 18336 -435 226 -9029 END
START -5540 1216 18024 -835 -53 -9637 END
START -4652 352 17580 -652 511 -9903 END
START -4420 -560 17336 380 1501 -9861 END
START -4388 -1344 17352 1290 2460 -9732 END
START -4012 -1716 16872 1655 2749 -9394 END
START -4024 -1792 16440 1915 2878 -8894 END
START -4040 -1640 16464 1167 1917 -8726 END
START -3892 -2000 16372 -44 694 -8807 END
START -4044 -2524 15976 -450 411 -8761 END
START -4176 -2916 15904 -558 239 -8764 END
START -4040 -3236 15916 -276 483 -8846 END
START -3936 -3628 15560 430 851 -8524 END
START -3876 -3832 15368 1263 1498 -7989 END
START -3432 -3736 15732 1238 1507 -7594 END
START -3640 -4100 16020 75 790 -7213 END
START -3392 -4576 15536 -685 328 -6791 END
START -3532 -5360 14696 -138 479 -6506 END
START -3292 -5656 15024 436 1013 -6125 END
START -3472 -6296 15096 633 1463 -6012 END
START -2704 -6684 14620 1118 788 -5445 END
START -2532 -7064 15156 1338 295 -4421 END
START -2704 -6908 15124 993 63 -3633 END
START -2612 -6672 15504 720 -211 -3186 END
START -2404 -6408 15560 581 -279 -2757 END
START -2164 -6496 15760 708 -7 -2305 END
START -2256 -6400 16000 951 377 -1739 END
START -2336 -6260 16180 1010 406 -1135 END
START -2184 -6168 15764 1405 459 -259 END
START -2716 -5664 15944 1600 588 519 END
START -2968 -5232 15956 1269 347 959 END
START -3208 -4860 15432 1292 -12 1169 END
START -3352 -4584 15616 1337 -195 1446 END
START -3420 -4540 15956 1035 -157 1642 END
START -3340 -4548 16020 437 -99 1784 END
START -3108 -4524 15080 153 -113 1894 END
START -3212 -4844 13800 867 311 2191 END
START -2904 -5004 13476 2287 134 2303 END
START -2368 -5408 13880 3185 -149 2482 END
START -1916 -5888 14700 3561 -62 3369 END
START -1608 -5848 15500 3102 -220 4559 END
START -1336 -5332 16276 1937 -359 5549 END
START -1296 -4760 15400 912 -838 6266 END
START -1408 -3952 14864 1058 -1340 6957 END
START -1900 -3528 14748 1436 -2279 6927 END
START -1924 -3368 15916 1522 -2910 6784 END
START -1488 -4012 15364 1211 -5796 6674 END
START -596 -3952 16092 1661 -7080 6928 END
START -108 -4620 16904 988 -7179 8195 END
START 392 -4148 15068 1924 -7739 9495 END
START -352 -4000 16920 3005 -6958 10473 END
START -844 -2576 18020 2450 -7768 11121 END
START -1572 -1960 16948 3711 -8145 11057 END
START -1440 -1636 16100 4639 -7850 10984 END
START -2000 -1564 15328 5620 -7678 10483 END
START -1860 -1352 15244 7215 -7901 10086 END
START -2984 -1240 19892 1525 -3613 11503 END
START -1608 112 16948 -296 -3111 12238 END
START -1388 844 17416 328 -4578 12441 END
START -2084 1508 16972 472 -4278 12216 END
START -1996 2416 17948 -1577 -5382 11754 END
START -1816 1900 15760 -1342 -4491 11010 END
START -2260 1776 16252 122 -4384 10529 END
START -2212 1496 16772 1348 -5043 10789 END
START -2420 2456 19056 2191 -4383 11379 END
START -2432 3560 20016 904 -4703 11467 END
START -2400 4252 19460 -390 -4929 10990 END
START -2084 3948 18196 -1781 -5420 10287 END
START -1744 4132 17608 -882 -5639 9459 END
START -2048 3728 18404 -105 -5322 9250 END
START -2220 3512 18696 127 -5270 9402 END
START -1836 4264 19500 1214 -4416 9549 END
START -2028 4732 20280 1073 -4318 9570 END
START -2036 5604 20356 20 -4774 9235 END
START -2004 5632 19716 -1050 -5337 8633 END
START -2192 5768 19540 -521 -4916 7840 END
START -2232 5536 19620 488 -4113 7256 END
START -2320 5860 20096 1313 -3325 6941 END
START -2544 6320 19956 1225 -2843 6602 END
START -2604 7156 20412 1637 -2434 5830 END
START -2700 7460 20044 1378 -1988 5002 END
START -2624 7484 20016 976 -1932 4091 END
START -2336 7756 19788 423 -2157 3249 END
START -2460 7484 19740 70 -1962 2242 END
START -2092 7184 19416 0 -1771 1302 END
START -1880 7008 19196 143 -1319 637 END
START -1892 6724 19040 731 -1022 -63 END
START -1688 6500 19088 1113 -716 -620 END
START -1668 6476 19036 1295 -596 -984 END
START -1604 6768 19384 840 -812 -1268 END
START -1808 7328 19456 -203 -1041 -1977 END
START -1428 7064 19404 -757 -927 -3007 END
START -1268 7912 19108 -770 -790 -3930 END
START -1100 7424 18964 -740 -529 -4814 END
START -416 7848 19088 -571 -66 -5626 END
START -388 7540 18960 -610 448 -6154 END
START -60 7780 18652 -677 621 -6692 END
START 112 7680 18036 -879 538 -7131 END
START 400 7748 17720 -1065 233 -7443 END
START 168 8304 17788 -741 122 -7773 END
START -196 8860 17740 -305 491 -8467 END
START -416 9824 17912 1287 1858 -9450 END
START 2876 9704 17504 4434 -5558 -10334 END
START -1272 12488 16684 -1607 1001 -10329 END
START -1164 9236 16704 -1368 777 -11798 END
START -1032 10520 15844 -915 -427 -13257 END
START -816 9300 15944 -1237 -1008 -14713 END
START -252 8568 16820 -860 -1481 -16033 END
START 592 7620 17256 -1505 -1871 -17216 END
START 1732 5884 17560 -1645 -1753 -18008 END
START 2600 4292 17488 -1241 -1371 -18156 END
START 2308 2204 17684 -1057 -882 -17760 END
START 2216 1236 17516 -1296 417 -17192 END
START 2288 304 17040 -890 1698 -16609 END
START 1876 -720 17484 -2718 2262 -15789 END
START 2668 -764 16680 -2562 3804 -15551 END
START 2704 -2776 14788 69 1615 -16091 END
START 1584 -4604 11968 894 2712 -15355 END
START 1816 -7772 15896 -1168 1070 -14388 END
START 3184 -2600 21848 -669 -1766 -13732 END
START 3268 -6364 19036 -307 -2441 -13004 END
START 3904 -8512 17972 376 -1673 -11454 END
START 3700 -7868 18368 2165 -635 -9817 END
START 3856 -6900 18240 3356 712 -8831 END
START 3612 -6620 17788 4143 1400 -8040 END
START 3340 -6504 18060 4412 799 -7121 END
START 2976 -6692 19096 2878 -358 -6106 END
START 2700 -6268 19248 402 -1524 -5113 END
START 2720 -6788 19612 -804 -2047 -4377 END
START 3060 -6620 19052 -1532 -1816 -3138 END
START 3200 -6328 18692 -614 -985 -1902 END
START 2612 -5256 19304 273 -224 -964 END