START -1100 -5012 13952 213 -143 4914 END
START -1104 -4980 13760 225 -80 5039 END
START -996 -4932 13748 209 -39 5224 END
START -1064 -5236 13436 544 -285 5435 END
START -1124 -5496 13980 1646 -2330 5951 END
START -160 -4836 13272 2078 -4151 6682 END
START -32 -4804 14196 2686 -4557 7436 END
START -12 -4096 14508 3321 -5555 7732 END
START -316 -3100 15040 4133 -7085 7905 END
START -844 -4180 15104 3809 -7491 8508 END
START -900 -2660 14888 3631 -7537 8715 END
START -1380 -3744 15572 3630 -7092 9383 END
START -1924 -3364 15832 5027 -7706 9645 END
START -1344 -2520 15840 6320 -7907 10120 END
START 1380 1024 16576 -336 -2471 13046 END
START -1608 -520 16140 -536 -3582 11796 END
START -1668 -972 18072 -519 -3775 11652 END
START -1132 1776 16884 -785 -3717 11217 END
START -2008 476 18280 -1012 -4375 11027 END
START -1936 184 18884 -1918 -5234 10951 END
START -1800 724 17940 -1884 -5170 10953 END
START -1308 84 17996 -376 -4820 11218 END
START -1356 1164 18128 719 -4259 11495 END
START -876 1524 18488 2026 -3573 11634 END
START -520 1824 18976 1760 -3570 12250 END
START -136 5144 20028 176 -4301 12788 END
START -1408 3448 17660 1599 -4252 12162 END
START -1468 4260 19048 -612 -5522 11924 END
START -1820 4836 18928 -697 -5774 11483 END
START -1572 5396 17908 54 -5690 10913 END
START -1600 5280 18272 1423 -5774 10760 END
START -1460 5652 19020 2946 -5141 11369 END
START -2432 6804 19672 3701 -4496 11738 END
START -3456 8080 19728 4119 -3627 11402 END
START -4068 10352 19820 4897 -3067 9911 END
START -4368 9048 20348 6629 -2902 7673 END
START 116 8732 24544 1480 -1822 7512 END
START -4276 10436 21868 941 -5986 4853 END
START -2648 9392 20636 2086 -5085 3908 END
START -2124 8288 20320 667 -3941 3889 END
START -2288 9280 20572 1440 -3535 3570 END
START -2484 7880 20200 950 -3069 3183 END
START -2276 9408 19568 1831 -2177 2777 END
START -2748 9368 19688 2036 -1967 1881 END
START -2896 10080 20532 1671 -2225 584 END
START -2648 9544 20424 473 -2299 -376 END
START -2700 10680 19904 455 -1965 -1514 END
START -2276 10068 20040 162 -1771 -2704 END
START -1664 10580 19784 -295 -1508 -3779 END
START -1628 10164 19400 -556 -1228 -4868 END
START -1256 10116 18536 -868 -867 -5630 END
START -1440 10096 18120 -1002 -720 -6402 END
START -1288 10344 17328 -743 -417 -7552 END
START -1000 10160 16688 66 174 -8750 END
START -1020 10332 16436 597 369 -9890 END
START -588 10384 16200 743 119 -11229 END
START 176 9820 15296 842 -226 -12195 END
START 312 9392 15316 826 -796 -12800 END
START 696 9536 14912 688 -1176 -13307 END
START 408 9140 14640 1303 -1483 -14027 END
START 640 9024 15144 1128 -2071 -14995 END
START 800 8560 16228 406 -2875 -16185 END
START 1356 7992 16276 -1042 -3724 -17230 END
START 2720 6256 15788 -1524 -4546 -17908 END
START 3244 4728 15920 -1239 -4865 -17696 END
START 3864 3640 16376 -317 -4294 -17439 END
START 3700 2816 17548 587 -3422 -16929 END
START 3284 1956 17476 744 -2589 -16588 END
START 3228 1280 17364 341 -1609 -16376 END
START 3468 -936 14252 432 -1337 -15144 END
START 3252 -1296 16584 -93 -1758 -15125 END
START 3908 -2080 17352 66 -1827 -14714 END
START 4436 -3408 17292 -811 -1301 -13153 END
START 4504 -4964 18048 -334 -343 -12240 END
START 4264 -6392 17432 444 -363 -10353 END
START 3912 -6364 16684 3432 -1642 -9258 END
START 3980 -6068 19900 3625 -4392 -8387 END
START 4296 -5236 19856 671 -4577 -7253 END
START 4036 -5956 20920 632 -4601 -6837 END
START 4060 -5872 21392 57 -3244 -6059 END
START 4264 -6124 20444 1015 -793 -4912 END
START 4200 -5636 20592 655 1127 -2979 END
START 3276 -4260 19020 790 1645 -1676 END
START 2844 -3064 18620 1281 729 -1045 END
START 2188 -1836 19020 259 -863 -764 END
START 1660 -1700 19384 -23 -2486 -948 END
START 1908 -1444 19272 -193 -2743 -792 END
START 1856 -1088 19708 -412 -1849 -187 END