START -4004 -840 17552 739 2102 538 END
START -5368 -1688 7804 -1268 728 526 END
START -5732 -1580 15628 -963 2390 629 END
START -4244 -828 17668 641 651 -60 END
START -4664 -936 16728 64 1172 -15 END
START -4492 -800 16604 461 235 -296 END
START -4524 -956 16944 807 116 -388 END
START -4140 -880 17040 960 91 -442 END
START -3684 -808 17308 893 57 -431 END
START -3684 -780 17508 668 36 -437 END
START -3236 -516 17644 241 179 -353 END
START -3324 -160 17200 -61 436 -262 END
START -3236 260 16980 50 533 -284 END
START -3432 720 16652 262 428 -289 END
START -3928 1096 15952 601 642 -222 END
START -4912 1676 15976 1239 578 -217 END
START -5548 2520 16672 1569 33 -567 END
START -6132 3088 17176 1612 -369 -1157 END
START -6188 3952 17900 1434 -714 -1839 END
START -6208 4324 18572 948 -1174 -2688 END
START -6140 4628 18948 168 -1381 -3640 END
START -5692 4792 19192 -400 -1138 -4642 END
START -5352 4616 18760 -715 -514 -5526 END
START -5092 4300 17908 -555 301 -6304 END
START -4804 4012 17436 76 995 -6982 END
START -4640 3908 17112 477 1249 -7649 END
START -4648 3436 16744 774 1353 -8291 END
START -4236 3388 16636 899 987 -8917 END
START -3816 3212 17176 435 334 -9540 END
START -3432 2580 16964 196 18 -10053 END
START -3264 2132 16956 217 -164 -10256 END
START -3268 1800 17096 212 -136 -10321 END
START -3436 1308 16752 353 357 -10486 END
START -3500 912 16568 672 486 -10718 END
START -3660 584 16544 778 536 -11094 END
START -3568 148 16664 587 58 -11559 END
START -3380 -496 17044 187 -458 -11960 END
START -3172 -1460 17236 -277 -874 -12452 END
START -2728 -2328 17452 -491 -1458 -12567 END
START -2004 -3252 17532 -420 -1230 -12461 END
START -1608 -4080 17600 -153 -370 -11989 END
START -1564 -4992 17732 33 575 -11421 END
START -1112 -5380 17992 -153 650 -10969 END
START -720 -5716 17704 -560 808 -10399 END
START -568 -6268 17368 -1028 896 -9728 END
START -424 -6896 17176 -1516 363 -9145 END
START -300 -7608 16864 -1737 -346 -8529 END
START 16 -7872 16620 -1813 -1025 -7670 END
START 168 -8040 16588 -1988 -964 -6863 END
START 508 -8152 16648 -1921 -580 -6040 END
START 476 -8284 16216 -1573 -187 -5119 END
START 588 -8400 16264 -1280 -162 -4270 END
START 632 -8440 16224 -1267 96 -3397 END
START 812 -8588 15224 -1144 143 -2473 END
START 532 -8672 15684 -1105 42 -1718 END
START 948 -9016 14852 71 478 -885 END
START 956 -8928 14304 1004 880 -136 END
START 796 -8772 14724 1803 496 781 END
START 544 -8548 14912 1970 758 1500 END
START 492 -8168 15472 1956 477 2159 END
START 688 -7864 15676 1966 416 2856 END
START 608 -7472 15776 2117 399 3606 END
START 476 -6956 16388 2319 543 4386 END
START 260 -6280 16316 2328 928 5075 END
START -76 -5736 16452 2323 1279 5603 END
START -548 -4960 16216 2246 1380 5989 END
START -872 -4464 15964 2372 1686 6142 END
START -1052 -4232 15372 2499 1785 6218 END
START -1092 -3912 15272 2737 1701 6329 END
START -1120 -3912 15268 2800 1092 6514 END
START -1060 -3924 15328 2750 472 6643 END
START -916 -3960 15644 2549 -311 6963 END
START -772 -3788 15848 2337 -589 7436 END
START -864 -3464 16112 2000 -616 7869 END
START -1004 -4112 15492 1911 31 8380 END
START -712 -3112 16616 1786 -422 9098 END
START -1148 -2796 15708 2074 716 9851 END
START -2012 -2100 16416 1943 1131 10326 END
START -2160 -1296 16280 1429 1211 10356 END
START -2524 -1088 16040 1013 696 10071 END
START -2488 -852 15736 774 -107 9654 END
START -2156 -1000 15824 1388 -748 9309 END
START -1872 -1228 15848 2890 -682 9587 END
START -2440 -524 17028 3355 -1220 10300 END
START -2856 264 17376 2533 -1398 10587 END
START -3532 1072 17712 491 -2904 10545 END
START -3364 2292 16884 15 -3902 9689 END
START -3160 1524 15940 -1191 -3011 9105 END
START -2932 1028 15992 -587 -3312 8529 END
START -2844 1216 16532 850 -2899 8442 END
START -2820 1452 17128 1354 -3221 8766 END
START -3492 1816 17800 821 -3828 9104 END
START -3556 2824 18344 502 -4184 9430 END
START -4424 4012 18768 -44 -4555 9303 END
START -4752 4544 18588 -1112 -4231 8567 END
START -4960 4544 18992 -1568 -3568 7180 END
START -4936 4392 18432 -1446 -2955 5982 END
START -4100 3880 17656 -1345 -3517 4858 END
START -4092 3304 18832 540 -2510 4993 END
START -4012 3408 19184 1537 -1857 5519 END
START -4520 3844 20028 1485 -1930 6024 END
START -4896 4604 20460 1249 -1836 6562 END
START -5468 5452 20824 450 -2238 6633 END
START -6024 6084 21056 -604 -3186 5851 END
START -5732 6484 20528 -1526 -3839 4848 END
START -5216 6344 20332 -1676 -3473 3791 END
START -4896 6004 20124 -1096 -2661 2806 END
START -4612 5880 19792 -161 -1537 1967 END
START -4696 5612 19884 593 -686 1055 END
START -4464 5576 19608 791 105 378 END
START -4220 5464 19584 867 946 -102 END
START -4412 5384 19116 626 1184 -666 END
START -4236 5408 18820 345 935 -1432 END
START -3912 5232 18156 -30 649 -2061 END
START -3608 5232 17536 -257 394 -2661 END
START -3544 5364 17088 -266 -220 -3284 END
START -3240 5316 16880 -215 -700 -4021 END
START -2960 5724 16768 -357 -528 -4479 END
START -3172 5564 16872 -343 -402 -5032 END
START -3052 5564 16096 -220 -273 -5436 END
START -3160 5664 15944 465 -74 -5745 END
START -3520 5980 15820 1364 125 -6133 END
START -3344 6584 15944 2041 -99 -6816 END
START -3104 7000 15872 2597 225 -7446 END
START -3360 7136 15948 3108 350 -8310 END
START -3312 6992 16204 2873 -42 -9414 END
START -3792 6412 16324 2255 -495 -10304 END
START -3800 6132 16204 1838 -1470 -11265 END
START -3328 5720 16332 1729 -2290 -12393 END
START -2624 5156 16860 2215 -2846 -13106 END
START -1912 4648 17392 2806 -3906 -13729 END
START -2524 3984 17788 4055 -2186 -14338 END
START -1208 3380 17712 3091 -991 -14161 END
START -1692 2668 17820 2668 -780 -14388 END
START -1536 1624 18360 2506 -1903 -15113 END
START -932 672 18500 2266 -2750 -15654 END
START -96 -212 19000 2993 -3742 -15870 END
START 1548 -1604 19824 3591 -3653 -15855 END
START 2552 -3424 21052 4435 -3715 -15194 END
START 3592 -4140 20048 3639 -2521 -13613 END
START 3324 -3660 19372 2668 -37 -11882 END
START 2740 -5180 20324 2364 -212 -10863 END
START 3832 -5288 19016 888 -484 -9966 END
START 3300 -5140 18452 -528 -1369 -9304 END
START 3168 -5724 19168 453 -1556 -9078 END
START 4324 -6476 19484 294 -920 -8285 END
START 4916 -6496 19508 601 -911 -7082 END
START 4332 -7200 20432 885 1403 -5563 END
START 3984 -7100 19684 449 399 -3973 END
START 3596 -6204 19124 -1114 227 -2809 END
START 2844 -6156 18360 -1253 1497 -1570 END
START 2468 -5508 17236 -914 1286 -778 END
START 1884 -4804 17304 -446 1462 -201 END
START 1400 -3996 16860 198 1436 268 END
START 940 -3080 17060 379 942 581 END
START 824 -2368 17192 92 646 979 END
START 808 -1764 17456 -508 386 1472 END